1.84026
1.8406
1.83905
1.83968
1.84202
1.82528
1.84048
1.84292
1.82134
1.84889
1.84558
1.84737
1.82337
1.8341
1.81872
1.83159
1.83312
1.84791
1.86316
1.84753
1.85543
1.84527
1.86561
1.83465
1.83758
1.85206
1.83129
1.85909
1.86801

1.85292
1.85236
1.81714
1.82566
1.83366
1.85236
1.84228
1.82499
1.8469
1.78696
1.86696
1.83258
1.85648
1.84874
1.77863
1.83858
1.84875
1.86162
1.83629
1.84367
1.84229
1.8191
1.83568
1.8509
1.84685
1.83402
1.82783
1.84831
1.84187
1.84803
1.84162
1.82661
1.86144
1.83476
1.86104
1.84548
