1.83683
1.83037
1.83692
1.8218
1.82339
1.80638
1.83275
1.82154
1.8378
1.80445
1.82727
1.8559
1.83266
1.83684
1.81213
1.80949
1.81447
1.80412
1.79544

1.83955
1.85139
1.83215
1.82821
1.84567
1.86001
1.83077
1.81325
1.85341
1.82292
1.84039
1.84669
1.81936
1.82647
1.83134
1.84208
1.81848
1.82234
1.84431
1.77222
1.8463
1.8157
1.83913
1.84786
1.73184
1.84623
1.83622
1.82982
1.81549
1.82081
1.833
1.80597
1.83071
1.84347
1.84404
1.82177
1.81344
1.83265
1.82472
1.82137
1.82141
1.8265
1.85196
1.81506
1.8413
1.84226
