1.80884
1.82333
1.83108
1.81445
1.80237
1.81751
1.8164
1.83818
1.79389
1.82433
1.80863
1.81026
1.80207
1.79385
1.8126
1.75756
1.78418
1.82866
1.85409
1.83266
1.79172
1.81527
1.80488
1.83951
1.78422
1.85368
1.83074
1.81731
1.84283

1.828
1.82477
1.81344
1.82819
1.82455
1.82897
1.84018
1.81881
1.81202
1.777
1.81274
1.83576
1.82996
1.84304
1.77337
1.80867
1.85365
1.71428
1.82108
1.81638
1.8311
1.80061
1.83491
1.83581
1.82429
1.81545
1.81497
1.82465
1.76888
1.82091
1.80311
1.82251
1.84589
1.78809
1.83752
1.80204
