1.84069
1.83364
1.83974
1.83751
1.84805
1.82654
1.83047
1.84153
1.82487
1.83693
1.82887
1.84286
1.8294
1.82587
1.8327
1.82339
1.82564
1.84555
1.85966
1.84238
1.82984
1.85732
1.864
1.83831
1.84359
1.85206
1.81755
1.84388
1.86774

1.8518
1.85643
1.81506
1.83529
1.83461
1.84405
1.82608
1.83499
1.84749
1.77837
1.87746
1.8424
1.8491
1.83678
1.78208
1.84131
1.84118
1.85642
1.81776
1.82193
1.83646
1.79917
1.83577
1.8481
1.83262
1.84033
1.81511
1.8401
1.83464
1.82587
1.8073
1.82076
1.86615
1.81183
1.84253
1.84485
