1.83883
1.83521
1.83742
1.82905
1.84137
1.86163
1.83692
1.85261
1.84921
1.8343
1.86178
1.86691
1.84421
1.84281
1.82317
1.84317
1.82733
1.83987
1.8464

1.84504
1.85568
1.84993
1.85199
1.85118
1.86062
1.83772
1.84777
1.84954
1.8489
1.84954
1.86129
1.82872
1.83387
1.83935
1.86429
1.8318
1.82022
1.85201
1.79706
1.85496
1.83045
1.85548
1.8519
1.76061
1.84797
1.83684
1.86498
1.82838
1.83412
1.84285
1.81477
1.8328
1.85006
1.83924
1.83488
1.82463
1.83995
1.82022
1.8448
1.8235
1.82827
1.85821
1.82644
1.8565
1.83674
