1.84677
1.83686
1.84065
1.84385
1.84541
1.83493
1.8361
1.84487
1.81336
1.8507
1.84394
1.83937
1.82664
1.83934
1.82843
1.82274
1.83225
1.84327
1.85834
1.83913
1.84057
1.83972
1.86526
1.83269
1.82235
1.86519
1.83703
1.85112
1.86516

1.848
1.84815
1.82861
1.82719
1.83512
1.85103
1.82303
1.80213
1.84535
1.7707
1.87707
1.84333
1.85069
1.83398
1.76234
1.84623
1.84045
1.85974
1.83155
1.82336
1.82927
1.80656
1.83261
1.8532
1.83404
1.82684
1.82494
1.83123
1.84103
1.82451
1.81661
1.82712
1.86439
1.83169
1.85662
1.84193
