1.83337
1.82727
1.84153
1.81299
1.819
1.77633
1.81241
1.79288
1.78959
1.81878
1.82161
1.84087
1.79834
1.83521
1.81459
1.81589
1.83078
1.78578
1.79339

1.84271
1.85639
1.82925
1.82619
1.82464
1.81565
1.82385
1.79486
1.86357
1.82819
1.8315
1.84403
1.81266
1.8225
1.80144
1.84496
1.80815
1.82516
1.83071
1.79057
1.78709
1.80741
1.73492
1.82097
1.78614
1.8228
1.84513
1.8609
1.81676
1.8141
1.80409
1.80342
1.83638
1.83785
1.80934
1.81635
1.81412
1.81418
1.7801
1.79225
1.79805
1.82686
1.83584
1.77903
1.83184
1.78829
