1.83782
1.83179
1.83286
1.83705
1.84909
1.83062
1.83016
1.83642
1.81551
1.83926
1.84453
1.84151
1.81549
1.80137
1.83132
1.82946
1.7993
1.84208
1.8573
1.84103
1.83337
1.84775
1.86007
1.83785
1.846
1.84279
1.85204
1.85619
1.8681

1.85109
1.85268
1.80661
1.82519
1.8262
1.83951
1.82513
1.81993
1.83505
1.76821
1.86419
1.83895
1.8426
1.82783
1.77287
1.84114
1.84436
1.8654
1.80095
1.82388
1.83504
1.79413
1.82958
1.8525
1.81572
1.82057
1.80723
1.82571
1.80772
1.82454
1.80469
1.81886
1.85154
1.81791
1.84637
1.82146
