1.79119
1.75955
1.67328
1.68748
1.79086
1.79354
1.73513
1.72059
1.74365
1.74555
1.76831
1.79215
1.77298
1.74861
1.7977
1.79564
1.72929
1.79563
1.6947
1.70981
1.60944
1.7139
1.75891
1.7118
1.7375
1.81162
1.66693
1.69801
1.69121

1.74812
1.82495
1.76667
1.80211
1.80199
1.81244
1.77914
1.78537
1.70876
1.79863
1.75455
1.77924

1.71126
1.74219
1.78242
1.81267
1.67628
1.78014
1.80596
1.8043
1.77945
1.81824
1.81789
1.77352
1.7931
1.80774
1.53028
1.78294
1.70069
1.73803
1.79897
1.68833
1.74062
1.81132
1.75363
