1.83374
1.82782
1.83344
1.82618
1.8404
1.84443
1.82035
1.8376
1.82992
1.81979
1.82447
1.85868
1.83668
1.8414
1.81424
1.82567
1.81672
1.81945
1.82964

1.84322
1.8556
1.837
1.82437
1.82863
1.86044
1.83896
1.8237
1.86325
1.83644
1.84832
1.83909
1.82934
1.83474
1.83558
1.85399
1.81596
1.82242
1.83902
1.77731
1.85825
1.81103
1.83329
1.83133
1.73028
1.82976
1.83208
1.86133
1.81813
1.81733
1.83686
1.81485
1.83893
1.84792
1.83059
1.82931
1.8209
1.83759
1.8129
1.80538
1.80765
1.81943
1.8553
1.79878
1.85655
1.79969
