1.82253
1.83909
1.85048
1.83962
1.83637
1.84407
1.83473
1.83345
1.85875
1.84548
1.82529
1.84061
1.82156
1.82153
1.83062
1.84103
1.84182
1.83789
1.85056
1.82566
1.84434
1.82553
1.84077
1.83678
1.85101
1.84066
1.84545
1.83414
1.85035
1.83999
1.84465
1.82659
1.84858
1.83284
1.82873
1.84338
1.84109
1.8499
1.84776
1.83922
1.83775
1.82336
1.8282
1.84685
1.84117
1.84545
1.83635
1.83951
1.8356
1.84486
1.82701
1.82546
1.82998
1.81099
1.84384
1.84439
1.84816
1.85283
1.84167
1.84311
1.84861
1.84677
1.84967
