1.81895
1.83484
1.84914
1.83325
1.83543
1.85493
1.82241
1.83048
1.83329
1.83891
1.81678
1.83584
1.8183
1.81582
1.80391
1.83524
1.84247
1.81789
1.84482
1.82485
1.83721
1.81776
1.82955
1.82139
1.83155
1.83108
1.83221
1.83314
1.84517
1.82722
1.83193
1.82186
1.83212
1.81569
1.81907
1.83303
1.81085
1.85006
1.84077
1.83988
1.82121
1.81213
1.83391
1.83434
1.81954
1.83716
1.82464
1.83753
1.82857
1.84968
1.81102
1.8121
1.83037
1.80589
1.83747
1.84669
1.83742
1.84144
1.82462
1.811
1.85034
1.82436
1.84292
