1.83114
1.85832
1.77733
1.82463
1.84609
1.84224
1.80351
1.85741
1.82524
1.83796
1.83688
1.82017
1.84725
1.84498
1.84023
1.84841
1.84902
1.81314
1.8442
1.81242
1.83962
1.81234
1.8006
1.84171
1.84086
1.84734
1.7982
1.80655
1.80668
1.81717
1.83285
1.82328
1.85976
1.85963
1.78911
1.83914
1.8489
1.82577
1.83706
1.83142
1.83993
1.84041
1.8328

1.82146
1.79885
1.79188
1.7312
1.84115
1.83181
1.83184
1.82418
1.85435
1.83746
1.84606
1.83148
1.85584
1.84052
1.79013
1.82323
1.83574
1.82977
1.82157
1.8325
1.84122
1.8379
1.82877
1.85184
