1.82856
1.84067
1.78561
1.77744
1.83146
1.84293
1.85797
1.81583
1.83342
1.84319
1.84747
1.83206
1.8444
1.83465
1.8465
1.82468
1.83214
1.80005
1.80414
1.80575
1.84187
1.85114
1.79779
1.81653
1.83852
1.82648
1.7952
1.8417
1.80172
1.81985
1.83584
1.8286
1.85919
1.8474
1.81713
1.83631
1.84502
1.82708
1.83625
1.83195
1.83745
1.8367
1.83044

1.82836
1.80213
1.78942
1.7576
1.83962
1.83127
1.83377
1.82037
1.8485
1.84058
1.8333
1.83358
1.86042
1.84154
1.80491
1.82422
1.82831
1.82977
1.83378
1.84512
1.84619
1.81525
1.82958
1.85114
