1.82118
1.83178
1.79618
1.81896
1.84159
1.83917
1.85267
1.81231
1.83636
1.832
1.84811
1.83223
1.84739
1.83229
1.83889
1.80343
1.84632
1.78662
1.79963
1.83376
1.837
1.85541
1.7935
1.81242
1.84187
1.81006
1.80087
1.83286
1.79445
1.81974
1.82493
1.81177
1.85962
1.8415
1.82673
1.84861
1.83987
1.82689
1.81362
1.82803
1.83146
1.824
1.83378

1.82295
1.79933
1.78365
1.64523
1.8325
1.8292
1.83087
1.7955
1.861
1.84033
1.8391
1.83407
1.85145
1.84385
1.79478
1.81085
1.81828
1.81188
1.82175
1.85243
1.84575
1.82507
1.83333
1.85104
