1.79934
1.83409
1.78035
1.79774
1.83986
1.81152
1.74261
1.81464
1.81472
1.82629
1.78226
1.79749
1.82409
1.82685
1.78005
1.82016
1.83156
1.80054
1.82187
1.80328
1.82086
1.77756
1.75148
1.79778
1.8263
1.77857
1.78448
1.79355
1.78913
1.81726
1.80742
1.79416
1.79894
1.81105
1.77917
1.83352
1.83131
1.81939
1.77658
1.81692
1.82667
1.80501
1.82384

1.81433
1.77532
1.81457

1.83732
1.83369
1.80176
1.77779
1.85406
1.78025
1.82509
1.82957
1.83071
1.81539
1.78215
1.83473
1.78338
1.79495
1.8194
1.77504
1.80674
1.79178
1.83073
1.84892
