1.82189
1.81737
1.78728
1.81295
1.84189
1.82966
1.79366
1.81242
1.80157
1.83655
1.83218
1.83429
1.85283
1.82635
1.81634
1.83773
1.83978
1.82039
1.83453
1.7842
1.81218
1.79981
1.77778
1.77762
1.83634
1.78336
1.80336
1.82409
1.79576
1.80275
1.82401
1.79198
1.84115
1.84754
1.78549
1.84796
1.82645
1.83711
1.82579
1.8193
1.8222
1.82641
1.82495
1.79676
1.81432
1.78066
1.81302

1.82694
1.83554
1.82189
1.80399
1.84332
1.82629
1.83035
1.81891
1.85007
1.8387
1.7919
1.81117
1.82449
1.79794
1.81729
1.80699
1.83853
1.79248
1.82561
1.85224
