1.78404
1.79907
1.81323
1.77195
1.8139
1.82836
1.82791
1.79886
1.82452
1.82573
1.73763
1.82676
1.82605
1.82232
1.83145
1.75759
1.833
1.78612
1.72152
1.8078
1.82658
1.82596
1.72407
1.7966
1.80429
1.80012
1.78567
1.7809
1.78314
1.81255
1.81356
1.78025
1.80011
1.83752
1.76976
1.83574
1.8389
1.82847
1.75905
1.78577
1.82446
1.80124
1.82706

1.82428
1.77478
1.77239
1.60329
1.80648
1.78255
1.82599
1.78688
1.83772
1.81563
1.82166
1.82286
1.80173
1.81621
1.77326
1.80251
1.7689
1.79446
1.8058
1.77273
1.82797
1.79698
1.82697
1.84295
