1.82562
1.81628
1.7935
1.79167
1.8526
1.8353
1.8412
1.80722
1.83738
1.8427
1.83405
1.82454
1.8424
1.82612
1.83353
1.80242
1.83926
1.80226
1.79365
1.8388
1.83367
1.85287
1.80189
1.82382
1.83806
1.80984
1.81515
1.80795
1.78465
1.81296
1.82025
1.80666
1.85865
1.84659
1.80352
1.83955
1.83668
1.82625
1.82726
1.82579
1.83476
1.8184
1.83868

1.82621
1.79404
1.77719
1.7441
1.83072
1.82694
1.83982
1.81709
1.86645
1.83381
1.8346
1.84283
1.85538
1.83727
1.79471
1.82339
1.81404
1.81622
1.81464
1.79578
1.79898
1.80005
1.81645
1.84717
