1.83677
1.71829
1.77346
1.74937
1.77324
1.70292
1.74645
1.7477
1.76029
1.73412
1.70564
1.80625

1.76413
1.7167
1.75627
1.77043
1.79479
1.669
1.6688
1.79358
1.75347
1.69308
1.76486
1.72515
1.70878
1.77793
1.64257
1.75098
1.82256
1.63225
1.71212
1.66405
1.70883
1.537
1.78454
1.70417
1.70259
1.73426
1.67306
1.75168
1.74936
1.76067
1.75837
1.76306
1.72135
1.75896
1.71734
1.73587
1.75237
1.67653
1.75597
1.8199
1.57785
1.76185
1.78186
1.72634
1.75719
1.63143
1.77375
1.74872
1.7409
1.7606
1.74536
1.79174
1.78089
1.81113
1.7897
