1.80205
1.72826
1.75271
1.65546
1.74354
1.7396
1.73721
1.75925
1.75998
1.71056
1.71926
1.8172
1.79816
1.78699
1.69433
1.76686
1.7918
1.76564
1.76623
1.75446
1.76634
1.6963
1.65629
1.72774
1.74196
1.78586
1.73826
1.7192
1.79476
1.79652
1.69427
1.73936
1.74048
1.75131
1.73751
1.8206
1.74764
1.75739
1.73735
1.6527
1.78609
1.73412
1.80037
1.8066
1.7995
1.76742
1.81131
1.61537
1.71419
1.7675
1.78376
1.77465
1.8054
1.70903
1.8124
1.79292
1.70052
1.74751
1.62343
1.63809
1.81382
1.7624
1.72328
1.74332
1.72954
1.78553
1.80533
1.77089
