1.80301
1.80342
1.78765
1.80269
1.83597
1.80696
1.80207
1.84281
1.81897
1.83267
1.82654
1.82448
1.85861
1.82624
1.79296
1.83334
1.83919
1.81326
1.83347
1.79968
1.82548
1.79676
1.7838
1.82478
1.83795
1.84602
1.77815
1.7891
1.79496
1.81955
1.81061
1.8103
1.82735
1.84853
1.79577
1.84003
1.83552
1.82666
1.82861
1.83635
1.84031
1.82301
1.82408

1.82826
1.78508
1.81354
1.74391
1.83793
1.82793
1.83501
1.78659
1.85613
1.83563
1.83404
1.81315
1.84562
1.825
1.76667
1.79875
1.82822
1.80333
1.80822
1.82858
1.82439
1.78549
1.83045
1.86018
