1.80563
1.8096
1.79454
1.80582
1.84553
1.8382
1.85238
1.81518
1.82138
1.83796
1.84354
1.82931
1.82934
1.82257
1.83482
1.80028
1.82165
1.81156
1.75543
1.80492
1.84194
1.84373
1.78406
1.82221
1.81908
1.81607
1.81
1.81735
1.78504
1.8007
1.82329
1.82578
1.83512
1.847
1.78418
1.83432
1.83551
1.82294
1.77769
1.80656
1.81774
1.82835
1.83481

1.81395
1.7937
1.78832
1.69333
1.83431
1.81578
1.84021
1.78858
1.85735
1.83854
1.83226
1.82895
1.84938
1.83484
1.78124
1.82472
1.81917
1.79985
1.80477
1.73526
1.75425
1.78951
1.79653
1.80475
