1.6636
1.74337
1.76284
1.72881
1.67188
1.76301
1.76284
1.74115
1.75137
1.66518
1.63959
1.77417
1.76903
1.61033
1.81713
1.83193
1.67018
1.79044
1.76013
1.72468
1.65544
1.74925
1.79852
1.76272
1.78068
1.78506
1.78462
1.76369
1.81984
1.75239
1.64368
1.7019
1.62424
1.77193
1.71246
1.73977
1.79522
1.71588
1.68361
1.78552
1.73089
1.73755
1.75986
1.78673
1.79253
1.77667
1.76893
1.68276
1.76234
1.75663
1.78818
1.80333
1.76733


1.77738
1.72764
1.69715
1.74665
1.73213
1.6034
1.70286
1.74017

1.75843
1.7198
