1.83727
1.84651
1.83987
1.82243
1.7948
1.82225
1.83987
1.81155
1.83205
1.81113
1.82125
1.82775
1.81793
1.82237
1.82626
1.84804
1.70292
1.84649
1.82946
1.77855
1.83524
1.84152
1.80192
1.82365
1.85414
1.80946
1.83511
1.84993
1.84572
1.82013
1.8346
1.79886
1.83971
1.82408
1.8449
1.85418
1.83431
1.82497
1.79448
1.77264
1.77796
1.80558
1.83285
1.81669
1.84528
1.80302
1.8294
1.81492
1.81412
1.82165
1.81399
1.84739
1.81734
1.83383
1.82906
1.79487
1.81347
1.79703
1.80959
1.81201
1.80616
1.83198
1.84805
1.78997
1.81168
1.80125
