1.84681
1.85619
1.85565
1.8336
1.81145
1.83962
1.85565
1.83308
1.85644
1.84404
1.83864
1.83282
1.82403
1.84125
1.85348
1.83759
1.85711
1.8653
1.83861
1.84158
1.85244
1.83671
1.84066
1.85289
1.83068
1.87192
1.83565
1.8422
1.86103
1.81556
1.84201
1.84741
1.84849
1.84987
1.8335
1.85743
1.85441
1.84488
1.83508
1.84051
1.81394
1.84868
1.85594
1.82623
1.84517
1.83425
1.84006
1.85601
1.83764
1.82619
1.82874
1.85567
1.83267
1.83997
1.85162
1.85173
1.83439
1.82085
1.83224
1.84489
1.85072
1.85928
1.85918
1.83852
1.84029
1.83479
