1.83587
1.84693
1.84046
1.82265
1.7869
1.82986
1.84046
1.82693
1.82255
1.81439
1.84506
1.82001
1.8247
1.85509
1.82614
1.8493
1.78587
1.84289
1.83397
1.80622
1.86073
1.83817
1.82485
1.83432
1.84773
1.82155
1.83791
1.82145
1.84506
1.8172
1.85982
1.82715
1.8303
1.83978
1.81244
1.86041
1.8322
1.83099
1.80975
1.84368
1.80578
1.80634
1.84792
1.80702
1.84643
1.8367
1.83417
1.83147
1.83887
1.82361
1.82024
1.85832
1.82544
1.8417
1.83146
1.83981
1.81993
1.80163
1.81715
1.83206
1.83313
1.84769
1.84329
1.81665
1.82916
1.81916
