1.80675
1.83599
1.85818
1.82943
1.80716
1.83733
1.85818
1.84423
1.85969
1.84212
1.82934
1.83542
1.82485
1.84829
1.85661
1.83267
1.85319
1.8712
1.84203
1.82536
1.84174
1.82228
1.8463
1.8428
1.83351
1.8678
1.83533
1.82654
1.84284
1.75939
1.81542
1.80343
1.84789
1.84434
1.77725
1.86167
1.84471
1.83267
1.82167
1.85108
1.80858
1.79702
1.84296
1.82302
1.85867
1.82373
1.84333
1.86112
1.83278
1.83096
1.8248
1.8528
1.83143
1.84209
1.84652
1.8396
1.80977
1.79557
1.82465
1.83721
1.8488
1.8419
1.83646
1.77853
1.83097
1.82086
