1.78645
1.82921
1.85749
1.81117
1.80741
1.83143
1.85749
1.82674
1.82449
1.82104
1.8221
1.82026
1.82192
1.84961
1.84645
1.82311
1.79553
1.83622
1.82262
1.82117
1.83482
1.81293
1.82578
1.80483
1.81659
1.80708
1.81631
1.82736
1.80424
1.71682
1.79774
1.85073
1.83944
1.82543
1.85115
1.83887
1.84039
1.7676
1.79761
1.82382
1.79583
1.79605
1.75363
1.81413
1.8334
1.83871
1.82163
1.85555
1.83367
1.8206
1.81712
1.8525
1.82978
1.84612
1.82981
1.80171
1.80309
1.76652
1.81234
1.83619
1.83861
1.83668
1.85507
1.78801
1.80388
1.82572
