1.84062
1.84564
1.84039
1.83733
1.82297
1.83572
1.84039
1.83339
1.83811
1.85064
1.8371
1.8277
1.83837
1.8346
1.85576
1.83186
1.84849
1.86818
1.84002
1.81304
1.83734
1.8327
1.84102
1.84584
1.83341
1.8626
1.83794
1.83156
1.84836
1.85239
1.82883
1.84219
1.85053
1.84429
1.8639
1.86294
1.84094
1.8252
1.79724
1.84517
1.7958
1.81211
1.84597
1.8245
1.86143
1.81864
1.83931
1.85643
1.84203
1.8268
1.81876
1.85847
1.82562
1.85882
1.83839
1.85074
1.83466
1.79875
1.82817
1.83281
1.84531
1.85032
1.85209
1.84045
1.81761
1.82002
