1.85243
1.84889
1.86504
1.84346
1.81612
1.84065
1.86504
1.82297
1.85473
1.84954
1.84243
1.83487
1.84068
1.85542
1.82922
1.85956
1.7858
1.85909
1.82958
1.85159
1.8675
1.8342
1.83868
1.83937
1.85937
1.82998
1.84197
1.85197
1.8535
1.84028
1.8729
1.83774
1.85036
1.85373
1.84328
1.85894
1.8532
1.84533
1.82475
1.86367
1.81909
1.83874
1.85618
1.8265
1.85248
1.83041
1.83746
1.85074
1.84375
1.83199
1.82781
1.86207
1.82659
1.84107
1.84529
1.85117
1.81714
1.83481
1.83384
1.84387
1.84427
1.85782
1.85778
1.8484
1.83192
1.8382
