1.8331
1.84715
1.83217
1.83551
1.79849
1.8297
1.83217
1.81491
1.83615
1.83312
1.83749
1.83124
1.82435
1.84035
1.82784
1.84428
1.73333
1.84142
1.82907
1.84545
1.83237
1.83007
1.80066
1.83014
1.84245
1.82244
1.8435
1.83469
1.84854
1.82355
1.85504
1.83531
1.84901
1.8324
1.85816
1.85931
1.8252
1.83039
1.79901
1.81058
1.76817
1.80896
1.83065
1.82306
1.84661
1.82835
1.82235
1.85571
1.84128
1.82476
1.80522
1.85827
1.82741
1.83836
1.84052
1.81686
1.8258
1.7824
1.8128
1.82552
1.84563
1.84716
1.85762
1.83949
1.81929
1.83217
