1.70807
1.7484
1.67881
1.78746

1.79211
1.67881
1.69064
1.79495
1.74396
1.72789
1.79726
1.80311
1.63861
1.77385
1.81916
1.66768
1.75319
1.7599

1.75147
1.72001
1.7092
1.77234
1.81326
1.79386
1.78856
1.70323
1.79328
1.78685
1.70807
1.72884
1.74969
1.71863
1.62855
1.75519
1.76928
1.69051
1.62604
1.78677
1.74696
1.69805
1.7083
1.77602
1.79914
1.74247
1.71629
1.75418
1.78058
1.78168
1.79341
1.79318
1.77931

1.68847
1.73585
1.76385
1.79346
1.80523
1.7426
1.72683
1.78036
1.7271
1.78095
1.70499
1.75321
