1.80034
1.83591
1.85873
1.81915
1.79154
1.83729
1.82166
1.84101
1.84633
1.85215
1.83629
1.83182
1.8262
1.8215
1.85192
1.82167
1.85095
1.86879
1.82653
1.8294
1.83518
1.8238
1.8448
1.8403
1.82574
1.8621
1.84244
1.81347
1.84333
1.72191
1.79899
1.83133
1.83789
1.8405
1.72209
1.84733
1.8455
1.82766
1.81691
1.83671
1.79987
1.81315
1.85132
1.83534
1.84541
1.81636
1.83648
1.86024
1.83404
1.83878
1.82121
1.85149
1.84374
1.83744
1.8457
1.82967
1.8239
1.81848
1.81566
1.82585
1.84113
1.85462
1.85576
1.79409
1.82626
1.80794
