1.73047
1.80261
1.7568
1.76052
1.73374
1.7513
1.7568
1.81768
1.78364
1.73456
1.78172
1.81618
1.76303
1.78378
1.64756
1.75177
1.67901
1.72825
1.65952
1.70917
1.76121
1.79064
1.79037
1.78419
1.75071
1.56613
1.79827
1.7108
1.68704
1.65256
1.70729
1.69997
1.55927
1.76132
1.70079
1.79811
1.78925
1.67413
1.73666
1.67849
1.70631
1.65078
1.74496
1.6976
1.82032
1.78246
1.69507
1.72563
1.8033
1.80607
1.7614
1.8348
1.77096
1.60322
1.52327
1.7681
1.74008
1.74523
1.7461

1.62178
1.75904
1.78827
1.76811
1.71685
1.69989
