1.7611
1.73437
1.70545
1.67443
1.66347
1.77332
1.7613
1.69042
1.67763
1.73768
1.77162
1.74195
1.80896
1.75166
1.74213
1.74332
1.72307
1.71864
1.74738
1.79826
1.75972
1.61025
1.72476
1.74463
1.7178
1.60373
1.72996
1.77198
1.59971
1.82023
1.74727
1.75301
1.71687
1.75136
1.78854
1.76901
1.71328
1.66539
1.73279
1.75362
1.72207
1.74877
1.72089
1.67985
1.77264
1.78517
1.76191
1.81782
1.78414
1.66778
1.78796
1.78899
1.73847
1.7379
1.76022
1.72276
1.71398
1.66874
1.67541
1.71402
1.6961
1.78392
1.71915
1.77425
1.72927
1.69694
1.53999
