1.81565
1.83127
1.74393
1.84142
1.84899
1.78469
1.82489
1.76834
1.82985
1.84501
1.83115
1.84124
1.83037
1.80573
1.83769
1.83823
1.77251
1.80752
1.82684
1.84546
1.83934
1.80215
1.86198
1.85698
1.79349
1.84141
1.8239
1.82444
1.83153
1.84863
1.81529
1.84929
1.79956
1.81426
1.82772
1.83377
1.75673
1.81086
1.78319
1.83291
1.83169
1.84616
1.79158
1.77448
1.79624
1.84944
1.85724
1.848
1.83826
1.78105
1.81444
1.83106
1.83855
1.81492
1.80037
1.78913
1.81364
1.79062
1.82591
1.83736
1.84712
1.83916
1.83545
1.79543
1.82422
1.73936
1.74084
