1.84431
1.84346
1.80884
1.8579
1.84563
1.84117
1.83614
1.83327
1.84763
1.83474
1.844
1.8503
1.8522
1.85061
1.86452
1.75958
1.82924
1.83962
1.84881
1.84205
1.85916
1.85029
1.85797
1.85417
1.85106
1.847
1.84665
1.88194
1.83771
1.81589
1.86273
1.78907
1.79213
1.84035
1.83937
1.82413
1.8221
1.81359
1.80565
1.83985
1.81917
1.84808
1.80438
1.81286
1.84085
1.85582
1.85048
1.8341
1.85469
1.79087
1.82559
1.86106
1.84228
1.8464
1.8365
1.82841
1.81594
1.84592
1.8454
1.85353
1.85096
1.82657
1.85053
1.85285
1.83719
1.79928
1.81522
