1.84621
1.86598
1.79717
1.85479
1.85227
1.84809
1.83935
1.82619
1.85824
1.84338
1.85164
1.84963
1.83995
1.85779
1.85955
1.81633
1.81947
1.8373
1.85414
1.84017
1.8481
1.8527
1.85652
1.85574
1.84062
1.84713
1.86902
1.88438
1.84542
1.83558
1.85889
1.79062
1.83249
1.83935
1.8539
1.83461
1.84803
1.84167
1.79375
1.84287
1.83527
1.85616
1.81736
1.83009
1.85018
1.84963
1.86116
1.84714
1.85976
1.80168
1.83662
1.86116
1.83822
1.85211
1.83101
1.83962
1.81682
1.85185
1.85157
1.85941
1.85272
1.83962
1.84923
1.85203
1.84291
1.81663
1.83414
