1.82474
1.85491
1.76958
1.84388
1.85088
1.7861
1.82553
1.82603
1.82925
1.84601
1.83327
1.84819
1.83875
1.83856
1.84036
1.85152
1.77078
1.84361
1.82933
1.85112
1.84177
1.78888
1.84352
1.85915
1.84134
1.82068
1.84059
1.86655
1.85725
1.84615
1.83276
1.86161
1.78622
1.82761
1.83794
1.83005
1.83723
1.83281
1.78479
1.83537
1.8308
1.83791
1.8093
1.81198
1.80199
1.85766
1.86062
1.83211
1.84347
1.79598
1.82729
1.84428
1.83581
1.84462
1.83089
1.79936
1.80897
1.83875
1.83896
1.83856
1.84996
1.82636
1.84056
1.82733
1.81703
1.79677
1.76606
