1.84015
1.84595
1.8038
1.84977
1.83287
1.83801
1.8161
1.83515
1.86239
1.84287
1.85089
1.8518
1.85265
1.84802
1.86066
1.75051
1.81655
1.84039
1.85128
1.84583
1.84634
1.83947
1.86059
1.83909
1.82422
1.8447
1.85799
1.887
1.84082
1.81431
1.85306
1.81665
1.80408
1.83074
1.84105
1.82776
1.82479
1.81349
1.8047
1.83998
1.81199
1.84723
1.81427
1.8211
1.84242
1.85635
1.85585
1.83893
1.84972
1.79575
1.82686
1.83496
1.84069
1.85281
1.85218
1.83465
1.81642
1.81476
1.84851
1.84538
1.85186
1.83561
1.85043
1.85375
1.8434
1.81404
1.82781
