1.83116
1.85632
1.80113
1.84886
1.84419
1.78428
1.844
1.83717
1.82192
1.85374
1.83946
1.85052
1.84737
1.8558
1.84083
1.86194
1.79279
1.84067
1.8411
1.85693
1.84092
1.84633
1.86151
1.85687
1.85905
1.83604
1.84775
1.87283
1.89026
1.84682
1.85315
1.87894
1.7935
1.84598
1.84859
1.83359
1.84976
1.82613
1.81051
1.83767
1.84121
1.85384
1.80551
1.82755
1.83537
1.85821
1.85764
1.83495
1.84945
1.79366
1.83802
1.86117
1.83853
1.85928
1.85687
1.83114
1.79528
1.84751
1.84562
1.8537
1.85525
1.84876
1.85163
1.85374
1.84252
1.81727
1.83116
