1.82512
1.84009
1.78086
1.83332
1.83485
1.83538
1.81469
1.82387
1.84269
1.82375
1.83541
1.84053
1.79968
1.83755
1.83342
1.74708
1.76659
1.79065
1.8462
1.8376
1.81493
1.84246
1.85136
1.82653
1.81047
1.82423
1.75615
1.82374
1.83481
1.81649
1.82869
1.8019
1.81467
1.82318
1.83322
1.8114
1.8077
1.81192
1.79055
1.82885
1.8083
1.80889
1.79762
1.75895
1.81683
1.84341
1.84883
1.83842
1.83601
1.78417
1.81155
1.81487
1.83386
1.77698
1.80961

1.803
1.81736
1.8253
1.80333
1.83394
1.83463
1.81477
1.79317
1.80312
1.75484
1.78069
