1.78175
1.70436
1.73006
1.80466

1.76451
1.70249
1.69091
1.72522
1.64449
1.74439
1.75919
1.69833
1.71083
1.76816
1.74569
1.63017
1.718
1.6707
1.82561
1.62709
1.79606
1.71903
1.7278
1.76585
1.72156
1.75597
1.65388
1.67221
1.76402
1.74358
1.71578
1.69949
1.69552
1.78985
1.76825
1.68994
1.84288
1.71788
1.78238
1.75304
1.74582
1.76343
1.74622
1.78398
1.83535
1.74706
1.84986
1.81469
1.76693
1.72374
1.80647
1.77194
1.7472
1.75819

1.7488
1.76593
1.6786
1.75736
1.82229
1.70004
1.5939
1.64662
1.77633
1.6532
1.73434
