1.83113
1.82979
1.77799
1.83486
1.83843
1.80307
1.8326
1.77606
1.81506
1.8472
1.82971
1.84599
1.8325
1.85183
1.83647
1.85345
1.75568
1.82422
1.82682
1.85224
1.84082
1.78675
1.85979
1.8633
1.84659
1.81078
1.84161
1.83755
1.82769
1.8392
1.83519
1.85819
1.77371
1.83364
1.83804
1.82897
1.78249
1.81961
1.79045
1.82974
1.83176
1.84068
1.78754
1.76514
1.80388
1.85135
1.86221
1.85545
1.84109
1.77432
1.82501
1.82873
1.84322
1.84491
1.85185
1.81336
1.82209
1.819
1.84604
1.85843
1.84725
1.85293
1.84942
1.82821
1.82524
1.81187
1.80356
