1.78772
1.71016
1.7464

1.72614
1.79919
1.68725
1.70219
1.5864
1.67468
1.7932
1.72633
1.7301
1.73332
1.75508
1.79056
1.71349
1.61226
1.75004
1.74783
1.73187
1.81896
1.75284
1.7692
1.74735

1.72755
1.72155
1.54529
1.81993
1.75314
1.7638
1.78077
1.69458
1.79432
1.81358
1.74623
1.78013
1.75418
1.74068
1.76431
1.71322
1.74645
1.67375
1.78411
1.74792
1.79964
1.84035
1.8034
1.77
1.7929
1.79916
1.74087
1.70979
1.78015
1.69322
1.7688
1.78134
1.6475
1.62915
1.70937
1.73827
1.65036

1.68072
1.69307
1.69367
