1.80115
1.79383
1.72687
1.64654
1.73286
1.70356
1.72203
1.67068
1.76279
1.72829
1.77391
1.78117
1.76473
1.80524
1.78153
1.76073

1.60962
1.74479
1.66758
1.84295
1.72184
1.72456
1.74891
1.70471
1.73904
1.61096
1.74841
1.82922
1.71598

1.63088
1.7424
1.67354
1.7856
1.72592
1.67077
1.71963
1.73497
1.81268
1.77876
1.78829
1.75973
1.62524
1.8045
1.8346
1.73276
1.83154
1.77802
1.76811
1.73424
1.86537
1.73647
1.74983
1.76787
1.67021
1.6852
1.73084
1.61839
1.78203
1.74127
1.75925
1.59963
1.59959
1.7019
1.69936
1.71621
