1.84427
1.83868
1.79248
1.84617
1.82916
1.83419
1.82028
1.83587
1.85225
1.83455
1.85116
1.8483
1.84127
1.85041
1.85849
1.77283
1.76406
1.82978
1.85249
1.84605
1.79129
1.8574
1.86319
1.83435
1.83663
1.8289
1.85835
1.84004
1.83266
1.79889
1.86199
1.79352
1.8133
1.83215
1.84026
1.81393
1.82695
1.81661
1.80166
1.83807
1.80869
1.85355
1.80429
1.82031
1.80758
1.85743
1.85571
1.83471
1.85381
1.77295
1.82686
1.84625
1.83794
1.84478
1.82752
1.80884
1.79631
1.83242
1.83435
1.83603
1.84486
1.83569
1.85014
1.82658
1.83598
1.80678
1.8152
