1.79161
1.78382
1.85452
1.76282
1.80627
1.80456
1.81063
1.80298
1.73652
1.83821
1.79565
1.77626
1.80875
1.81196
1.77104
1.81433
1.81727
1.80986
1.83512
1.79965
1.8077
1.80839
1.8042
1.82917
1.81453
1.82136
1.81755
1.82707
1.81028
1.78724
1.82813
1.78079
1.82775
1.78822
1.82254
1.73315
1.77878
1.83292
1.81004
1.81437
1.82181
1.78722
1.72766
1.82989
1.82742
1.7974
1.81286
1.82956
1.78085
1.78411
1.78709
1.80286
1.81396
1.80753
1.78593
1.82598
1.79393
1.78817
1.81522
1.78298
1.8068
1.79007
1.8482
1.80078
1.80127
1.79953
