1.79249
1.77505
1.83949
1.71935
1.80921
1.81918
1.79885
1.79209

1.81313
1.77428
1.8018
1.81888
1.8032
1.81241
1.7552
1.83487
1.79508
1.80429
1.7988
1.78613
1.81869
1.82142
1.82871
1.82703
1.81976
1.81398
1.76038
1.7938
1.81101
1.8521
1.78317
1.82438
1.79014
1.81829
1.80577
1.81438
1.80562
1.8081
1.79611
1.80835
1.7046
1.7701
1.8213
1.80354
1.78951
1.79831
1.80536
1.7953
1.82023
1.80969
1.80946
1.8087
1.81249
1.79237
1.83567
1.81586
1.78762
1.81944
1.76249
1.81401
1.77847
1.83376
1.79277
1.83041
1.79064
