1.83724
1.79886
1.83816
1.78276
1.82897
1.81588
1.81262
1.81277
1.82761
1.83664
1.80455
1.78823
1.82331
1.82938
1.85146
1.82597
1.83543
1.83562
1.81296
1.81414
1.82668
1.84083
1.83749
1.84626
1.85306
1.84148
1.83701
1.83234
1.81584
1.79459
1.85007
1.82043
1.84554
1.84544
1.83992
1.81814
1.83856
1.83816
1.83787
1.82102
1.80692
1.8249
1.80996
1.84973
1.81525
1.80014
1.81837
1.84283
1.80038
1.8526
1.81565
1.83736
1.78016
1.83221
1.81347
1.84929
1.8523
1.81779
1.84147
1.78965
1.81366
1.78225
1.83637
1.81794
1.80459
1.8146
