1.82391
1.80014
1.85748
1.82344
1.83816
1.8121
1.83629
1.83548
1.83835
1.84366
1.82571
1.78646
1.82758
1.83863
1.83824
1.84901
1.84886
1.83175
1.84389
1.83813
1.81762
1.83056
1.84522
1.84737
1.84539
1.85587
1.8519
1.8508
1.8388
1.86017
1.8468
1.82817
1.85198
1.85716
1.8424
1.83428
1.83531
1.84708
1.84607
1.8248
1.82308
1.84144
1.79983
1.83903
1.82803
1.83334
1.83255
1.84029
1.81616
1.85015
1.82724
1.84132
1.79444
1.83307
1.81866
1.85028
1.85904
1.83341
1.85026
1.79513
1.83585
1.8052
1.85249
1.81142
1.82884
1.80513
