1.82577
1.80046
1.83068
1.81043
1.83089
1.805
1.82537
1.81546
1.82683
1.83858
1.82063
1.78665
1.81595
1.81545
1.84623
1.83127
1.84174
1.84008
1.81749
1.81288
1.84091
1.84815
1.83525
1.83409
1.84104
1.8356
1.82546
1.83992
1.81702
1.83345
1.84648
1.81393
1.85123
1.83158
1.8397
1.82958
1.83138
1.84921
1.84665
1.81567
1.824
1.79129
1.78315
1.82165
1.83287
1.81029
1.82788
1.84074
1.78283
1.84219
1.81081
1.83129
1.76904
1.83255
1.82228
1.85437
1.84922
1.82915
1.82527
1.7852
1.82711
1.78552
1.84919
1.81157
1.81855
1.76197
