1.8429
1.79726
1.83457
1.81336
1.83395
1.82059
1.83191
1.83821
1.83227
1.84493
1.83506
1.78156
1.83449
1.84745
1.85244
1.8461
1.84929
1.83981
1.83638
1.82105
1.84204
1.84799
1.84565
1.85636
1.85384
1.85543
1.8477
1.84831
1.83071
1.8245
1.8474
1.81783
1.85605
1.85147
1.82725
1.83375
1.84342
1.84808
1.85389
1.84126
1.82649
1.81597
1.81418
1.84222
1.83069
1.83032
1.83971
1.83571
1.81901
1.85667
1.83202
1.83697
1.81629
1.83816
1.8251
1.85019
1.85806
1.82001
1.85088
1.82104
1.8271
1.79649
1.85891
1.81683
1.82485
1.81402
