1.79922
1.78557
1.84283
1.75636
1.82183
1.79264
1.81691
1.83493
1.80596
1.83081
1.81181
1.79264
1.82474
1.81807
1.8216
1.839
1.80567
1.82368
1.82948
1.80844
1.80634
1.82329
1.83012
1.83533
1.83597
1.81997
1.82608
1.83405
1.83535
1.83126
1.84074
1.81527
1.83958
1.8314
1.82702
1.81452
1.82098
1.82979
1.84418
1.81052
1.82365
1.81796
1.76057
1.83033
1.81975
1.80306
1.823
1.84253
1.78856
1.83568
1.82485
1.8176
1.81218
1.82298
1.80806
1.85587
1.83642
1.81859
1.81872
1.79275
1.82529
1.79889
1.85215
1.79908
1.80647

