1.81553
1.79125
1.8416
1.76153
1.81777
1.82127
1.79915
1.80675
1.78345
1.84036
1.80326
1.78073
1.81487
1.8318
1.8421
1.79594
1.8277
1.8262
1.80202
1.81742
1.82305
1.82902
1.82492
1.82473
1.8333
1.83514
1.83236
1.80482
1.81523
1.78944
1.8354
1.81105
1.83084
1.82184
1.82295
1.79672
1.83208
1.82545
1.80556
1.79524
1.80615
1.80056
1.78674
1.81917
1.81922
1.81778
1.81831
1.83737
1.76618
1.85323
1.81558
1.83294
1.76149
1.80582
1.79807
1.85137
1.84054
1.80843
1.81977
1.79294
1.81835
1.77426
1.83089
1.80949
1.80723
1.81252
