1.82137
1.79322
1.83293
1.75782
1.80873
1.80108
1.81077
1.80675
1.78422
1.83776
1.81189
1.81418
1.81914
1.79927
1.80324
1.8351
1.80047
1.79097
1.84012
1.81721
1.81363
1.82536
1.8285
1.83639
1.82248
1.83069
1.84009
1.83368
1.82543
1.81893
1.84241
1.80966
1.83838
1.80355
1.82868
1.82699
1.8206
1.82827
1.81184
1.80568
1.82792
1.81396
1.79164
1.8351
1.8175
1.8089
1.81494
1.82251
1.79139
1.82657
1.82327
1.83272
1.75681
1.82775
1.80585
1.85935
1.84313
1.81795
1.79219
1.798
1.81913
1.80007
1.8449
1.80456
1.80463
1.81632
