1.77143
1.80187
1.76762
1.71808
1.79116
1.7601
1.71856
1.77047
1.73689
1.75568
1.79825
1.80016
1.81366
1.7488
1.7885
1.77063
1.75465
1.74033
1.76247
1.76247
1.75716
1.71939
1.80989
1.76179
1.74407
1.80445
1.70161
1.76963
1.67003
1.83897
1.76036
1.76663
1.8087
1.80255

1.71554
1.84023
1.81553
1.77465
1.79394
1.76957
1.75268
1.69546
1.80961
1.75466
1.7797
1.73383
1.81061
1.74539
1.83875
1.82047
1.80405
1.79828
1.81176
1.7829
1.72094
1.72203
1.78009
1.71159
1.77773
1.68887
1.72062
1.74908
1.76414
1.76869
1.78509
1.79226
1.79098
1.7771
1.70956
1.69552
1.63012
