1.75332
1.74411
1.77496
1.75644
1.78729
1.76462
1.77955
1.5938
1.52415
1.72329
1.7376
1.77033
1.78226
1.65902
1.69065
1.68759
1.74215
1.69823
1.73258
1.75852
1.67954
1.74313
1.68389
1.69065
1.73496
1.74314
1.6985

1.62292
1.64067
1.6264
1.75203
1.66532
1.78544
1.51787
1.59938
1.72566
1.63383
1.75002
1.77279
1.74606
1.71148
1.57727
1.72377
1.68442
1.76584
1.61142
1.80328
1.70372
1.76651
1.5461
1.7704
1.74673
1.64029
1.78024
1.77367

1.6945
1.68744
1.65726
1.56523
1.6679

1.73229
1.72316
1.69645
1.76143
1.72319
1.78736
1.73488
1.55455
1.68284
