1.81126
1.85857
1.83192
1.85355
1.85461
1.84387
1.85743
1.86507
1.83442
1.82121
1.84688
1.84539
1.84764
1.85107
1.8525
1.83961
1.83555
1.82886
1.84049
1.84049
1.8376
1.83933
1.83992
1.8376
1.83192
1.83512
1.84006
1.84337
1.84927
1.82379
1.83276
1.85002
1.82315
1.83139
1.86202
1.83969
1.83043
1.84257
1.83722
1.84634
1.83755
1.82578
1.84877
1.82502
1.84566
1.8339
1.83335
1.84969
1.81084
1.85813
1.85344
1.82575
1.84714
1.834
1.83731
1.81056
1.84804
1.85164
1.8474
1.84314
1.85971
1.82987
1.8341
1.83801
1.80918
1.84728
1.85424
1.83824
1.82778
1.86279
1.84654
1.86893
