1.80592
1.84194
1.83264
1.83479
1.84484
1.81383
1.85092
1.82223
1.81514
1.80909
1.83284
1.83566
1.83275
1.83497
1.83563
1.83743
1.84583
1.82604
1.8105
1.83564
1.83564
1.82481
1.81838
1.83563
1.82915
1.83864
1.82803
1.83687
1.78862
1.82107
1.80497
1.85474
1.81814
1.8171
1.84108
1.78286
1.83165
1.83609
1.83471
1.83234
1.83547
1.82975
1.8343
1.83078
1.82239
1.83053
1.82937
1.83991
1.79967
1.84276
1.85143
1.81615
1.82394
1.83979
1.84612
1.82247
1.82095
1.81526
1.81292
1.85595
1.8178
1.79797
1.81265
1.77132
1.81901
1.82938
1.84652
1.82465
1.81994
1.80449
1.83437
1.85292
