1.81902
1.85203
1.83569
1.85302
1.86244
1.84946
1.85567
1.8543
1.84259
1.83416
1.84264
1.83904
1.8571
1.84816
1.85382
1.86041
1.86014
1.83622
1.83263
1.83305
1.83305
1.83596
1.83482
1.85382
1.83925
1.83718
1.85488
1.84043
1.85284
1.82344
1.83081
1.84496
1.83526
1.82563
1.85539
1.83229
1.83002
1.84865
1.83673
1.84283
1.84352
1.83703
1.84776
1.832
1.85322
1.83655
1.84149
1.85004
1.82383
1.85524
1.8534
1.83689
1.8582
1.8346
1.84419
1.8251
1.84522
1.84218
1.84378
1.85775
1.86288
1.8354
1.82951
1.7921
1.82774
1.84237
1.84668
1.83751
1.80751
1.86768
1.84518
1.86459
