1.80177
1.79769
1.82268
1.84814
1.82626
1.8168
1.84484
1.78255
1.80354
1.77616
1.84761
1.83907
1.83662
1.78207
1.83726
1.83058
1.81117
1.8098
1.83868
1.83868
1.80477
1.81471
1.81145
1.80483
1.81984
1.83
1.77604
1.80209
1.85069
1.81558
1.82015
1.82922
1.83733
1.81172
1.84844
1.82617
1.82912
1.82281
1.82309
1.83096
1.83463
1.82677
1.83374
1.8209
1.83733
1.82506
1.80806
1.83076
1.7953
1.83516
1.82962
1.8329
1.84574
1.83036
1.82536
1.77061
1.82593
1.82889
1.77835
1.81945
1.82472
1.8022
1.78068
1.80321
1.78833
1.83714
1.82999
1.83103
1.79311
1.84799
1.80245
1.84938
