1.82397
1.84895
1.8414
1.84858
1.84729
1.82721
1.86797
1.84516
1.83442
1.80546
1.84216
1.82678
1.84869
1.84886
1.84756
1.8542
1.83643
1.82575
1.83998
1.83998
1.83079
1.83234
1.83257
1.83079
1.83581
1.83793
1.83751
1.84123
1.84324
1.81697
1.81994
1.84191
1.82714
1.82271
1.85113
1.84414
1.8397
1.84366
1.84039
1.84181
1.84265
1.81657
1.84023
1.83177
1.84149
1.82805
1.83028
1.84889
1.82151
1.84889
1.84269
1.8191
1.84274
1.84145
1.83986
1.78935
1.83529
1.84424
1.84629
1.86176
1.84185
1.83302
1.84322
1.78909
1.81528
1.83346
1.84223
1.83423
1.78384
1.84205
1.83065
1.86206
