1.80669
1.84467
1.82845
1.82485
1.84635
1.79829
1.84552
1.78756
1.81082
1.79423
1.83402
1.83247
1.82766
1.78997
1.82397
1.84115
1.8317
1.79845
1.81118
1.83422
1.83422
1.80035
1.83101
1.82397
1.83142
1.84277
1.80632
1.77473
1.81736
1.81912
1.81285
1.84584
1.81083
1.80132
1.79168
1.83075
1.83874
1.79516
1.82748
1.83595
1.82101
1.82662
1.8375
1.82976
1.82076
1.82809
1.81488
1.83647
1.80272
1.84515
1.81999
1.80142
1.83238
1.83502
1.84007
1.7906
1.78933
1.81317
1.80463
1.84799
1.81075
1.80839
1.76151
1.79095
1.81299
1.82297
1.83493
1.8191
1.7718
1.83132
1.81679
1.82444
