1.81908
1.82193
1.84597
1.84118
1.85944
1.81835
1.85174
1.86177
1.83785
1.80291
1.83475
1.84465
1.86226
1.82888
1.84918
1.84893
1.83955
1.82243
1.83309
1.83309
1.83604
1.83976
1.84426
1.83604
1.83212
1.83602
1.81375
1.83452
1.86009
1.82155
1.83099
1.84716
1.82451
1.82504
1.82845
1.82522
1.83443
1.84716
1.83923
1.84988
1.81273
1.84167
1.84996
1.83029
1.85038
1.83336
1.83248
1.84662
1.81004
1.84344
1.8461
1.82691
1.83977
1.83666
1.83812
1.80112
1.84703
1.85001
1.8481
1.83899
1.8458
1.8364
1.83946
1.8211
1.82195
1.84313
1.84669
1.83948
1.79568
1.8394
1.83618
1.86472
