1.78052
1.79719
1.78962
1.80182
1.79847
1.75457
1.7185
1.80254
1.78059
1.74465
1.79926
1.73441
1.78383
1.6758
1.76798
1.76982
1.80753
1.65196
1.70703
1.72262
1.72262
1.72907
1.72774
1.76268
1.6785
1.71649
1.76034
1.67583
1.77174
1.80544
1.81038
1.81631
1.77794
1.80653

1.68753
1.81756
1.71605
1.77443
1.78713
1.76883
1.76067
1.68383
1.75707
1.79493
1.80487
1.74784
1.80481
1.80973
1.76448
1.69928
1.78197
1.76772
1.79943
1.79096
1.71457

1.7974
1.70201
1.7923
1.80329
1.781
1.63276
1.72868
1.7395
1.79066
1.81096
1.7893
1.77078
1.66343
1.7421
1.74939
