1.80592
1.84106
1.83181
1.83861
1.84628
1.82955
1.84273
1.84246
1.81195
1.81857
1.84089
1.83769
1.83943
1.83296
1.82662
1.84721
1.84653
1.82723
1.81488
1.82961
1.82961
1.8181
1.83368
1.82662
1.8349
1.8357
1.81311
1.81446
1.81625
1.82317
1.81983
1.8493
1.83942
1.82313
1.82973
1.81676
1.8364
1.84894
1.83751
1.82976
1.84057
1.81625
1.84854
1.8326
1.84369
1.83366
1.8191
1.84508
1.79801
1.85166
1.84764
1.83083
1.8497
1.83503
1.83977
1.79765
1.83187
1.81842
1.80708
1.85852
1.86072
1.82461
1.81189
1.78507
1.81329
1.83575
1.84077
1.82923
1.8009
1.86052
1.83301
1.86287
