1.76305
1.77905
1.74999
1.78746
1.7479
1.75394
1.68294
1.79578
1.75281
1.74415
1.79777
1.78292
1.77151
1.67302
1.7989
1.69917
1.80942
1.66944
1.73296
1.72543
1.72543
1.77343
1.753
1.80596
1.72744
1.71593
1.78638
1.68
1.77181
1.76502
1.76952
1.80856
1.73342
1.73493
1.68569
1.59748
1.82493
1.77445
1.7826
1.79127
1.76211
1.7639
1.80475
1.76068
1.73464
1.79559
1.68153
1.81017
1.78863
1.74147
1.70781
1.79699
1.77025
1.73046
1.80849
1.72987
1.72983
1.77413
1.72285
1.7889
1.67674
1.73569

1.7197
1.76011
1.77453
1.81777
1.77263
1.76368
1.74484
1.64144
1.5883
