1.80843
1.82946
1.83896
1.83804
1.86078
1.83168
1.84998
1.84438
1.83219
1.82272
1.83873
1.82998
1.85011
1.83196
1.8556
1.85557
1.82863
1.83217
1.84419
1.82474
1.83442
1.83732
1.82918
1.83442
1.83097
1.8278
1.7938
1.80118
1.83845
1.82547
1.826
1.84605
1.83016
1.82585
1.85336
1.83241
1.833
1.83651
1.84161
1.84382
1.82613
1.81087
1.84256
1.8316
1.85008
1.82291
1.82727
1.84864
1.79833
1.84099
1.82842
1.82935
1.83355
1.82509
1.84757
1.79466
1.83413
1.85215
1.84602
1.83211
1.85573
1.82248
1.8246
1.79063
1.78689
1.8582
1.83391
1.836
1.78304
1.86186
1.81219
1.86462
