1.78152
1.73031
1.76692
1.77768
1.76444
1.78854
1.76742
1.76887
1.79402
1.74352
1.79138
1.79732
1.79182
1.68906
1.67484
1.73825
1.76706
1.6995
1.77708
1.77708
1.76933
1.73047

1.76652
1.78707
1.81706
1.77182

1.65721
1.7711
1.79226
1.79638
1.81036
1.7881
1.7249
1.75192
1.80266
1.77366
1.78937
1.78927
1.77363
1.77058
1.79153
1.8063
1.77372
1.79757
1.72771
1.84028
1.75434
1.81386
1.75603
1.75655
1.81106
1.75379
1.77859
1.75182
1.73065
1.73047
1.73383
1.77723
1.71667
1.755
1.70496
1.78069
1.73073
1.69985
1.79583
1.77349
1.7851
1.74538
1.74845
1.73548
