1.74218
1.77245
1.78314
1.8072
1.80065
1.78524
1.76535
1.80083
1.69771
1.80122
1.75478
1.80752
1.75768
1.60011
1.64356
1.72156
1.76475
1.76946
1.73442
1.64099
1.7242
1.7152
1.61507
1.69989
1.77585
1.77751
1.7455
1.78122
1.71075
1.59565
1.69555
1.77692
1.77197

1.77443
1.75313
1.79711
1.70746
1.72997
1.76842
1.78575
1.66511
1.77677
1.74716
1.77081
1.70292
1.77507
1.8061
1.71591
1.76392
1.75682
1.7485
1.74403
1.76717
1.7756
1.77911
1.7716
1.7756
1.80685
1.72996
1.75593
1.86458
1.77604
1.70342
1.81188
1.8056
1.75394
1.79383
1.76361
1.74899
1.78363
1.79363
1.78249
