1.75774
1.74468
1.73652
1.77965
1.76071
1.81779
1.80407
1.7534
1.76154
1.74255
1.76607
1.73728
1.67351
1.75697
1.77068
1.75807
1.82337
1.78153
1.78993
1.77723
1.78901
1.78076
1.78097
1.78346
1.79816
1.73586
1.82519
1.7752
1.73718

1.69863
1.66281
1.7519
1.71645
1.77762
1.79917
1.82897
1.77449
1.78221
1.80973
1.80018
1.76581
1.78164
1.81734
1.80235
1.76098
1.80845
1.80698
1.79767
1.79204

1.73443
1.76471
1.78992
1.75432
1.81633
1.75646
1.75432
1.70768
1.79279
1.75752
1.84631
1.70512
1.7043
1.78539
1.73694
1.70186
1.78806
1.76255
1.73977
1.76833
1.71593
1.73505
