1.82378
1.81933
1.83734
1.85039
1.83294
1.84373
1.81277
1.83906
1.85508
1.83314
1.80448
1.82758
1.8313
1.80474
1.84122
1.80545
1.83435
1.84636
1.83542
1.8246
1.83552
1.85371
1.81241
1.83734
1.81555
1.83582
1.83502
1.8062
1.83436
1.78769
1.84364
1.83187
1.80756
1.74079
1.78337
1.83665
1.84589
1.82476
1.8046
1.81433
1.83909
1.85972
1.79665
1.8434
1.83088
1.82629
1.82004
1.83046
1.85193
1.83082
1.8371
1.85295
1.8098
1.81845
1.82959
1.84019
1.83674
1.82959
1.82012
1.84142
1.81796
1.77998
1.81822
1.83387
1.82736
1.83911
1.82905
1.83583
1.81437
1.78672
1.82156
1.83025
1.83181
