1.81356
1.82537
1.80628
1.83459
1.79919
1.84839
1.81692
1.81083
1.83746
1.81895
1.80642
1.82163
1.82632
1.80759
1.83737
1.7956
1.84357
1.83046
1.8285
1.82218
1.8155
1.8183
1.81204
1.83265
1.79819
1.825
1.83097
1.80084
1.82971
1.76197
1.80458
1.81048
1.79756
1.74716
1.75082
1.7956
1.83637
1.80432
1.79954
1.82813
1.82755
1.81423
1.8095
1.84626
1.83212
1.79955
1.82573
1.81168
1.83789
1.81898
1.82777
1.81201
1.80178
1.81968
1.81149
1.8387
1.80548
1.81149
1.78509
1.81408
1.80545
1.87894
1.79759
1.79293
1.82277
1.83809
1.79591
1.81849
1.8108
1.80937
1.81728
1.82368
1.83232
