1.84061
1.79962
1.80821
1.84349
1.82388
1.83824
1.8127
1.83821
1.81743
1.83465
1.8314
1.79887
1.81332
1.82854
1.81851
1.83956
1.79729
1.82891
1.83795
1.84166
1.81547
1.8299
1.83798
1.80716
1.84348
1.80672
1.8414
1.82743
1.8231
1.79194
1.82481
1.83526
1.79979
1.76029
1.78823
1.82929
1.83025
1.81957
1.80365
1.83316
1.83543
1.80941
1.80615
1.8416
1.8274
1.83402
1.81277
1.82095
1.822
1.82316
1.83395
1.83878
1.81386
1.81868
1.80598
1.85162
1.83373
1.80598
1.81478
1.81615
1.80785
1.7901
1.81012
1.83416
1.82878
1.83375
1.81801
1.84222
1.82816
1.77464
1.82734
1.81581
1.83423
