1.83997
1.82444
1.83374
1.85289
1.83636
1.84561
1.80351
1.83541
1.85029
1.8374
1.81135
1.81389
1.83278
1.78023
1.83931
1.80313
1.85011
1.82754
1.83346
1.82237
1.84478
1.8448
1.81093
1.84453
1.81801
1.85263
1.82926
1.82547
1.82451
1.78902
1.82835
1.82651
1.80861
1.77532
1.80681
1.82517
1.84418
1.82374
1.80741
1.81849
1.83416
1.85746
1.80817
1.83443
1.83078
1.83325
1.81802
1.81042
1.84055
1.83566
1.8325
1.85343
1.80706
1.82997
1.83728
1.84162
1.78748
1.83728
1.82539
1.84017
1.80359
1.81099
1.82369
1.84539
1.81904
1.83533
1.83264
1.84482
1.82753
1.77926
1.82894
1.82639
1.84527
