1.82029
1.79323
1.82133
1.82633
1.82245
1.83801
1.81293
1.83301
1.81658
1.83342
1.83247
1.79039
1.82102
1.79341
1.83416
1.83865
1.80443
1.85072
1.82214
1.83705
1.80375
1.79416
1.82897
1.81034
1.83684
1.81405
1.8107
1.819
1.80259
1.78918
1.81441
1.81852
1.80099
1.77417
1.78539
1.83299
1.8184
1.80234
1.78948
1.82579
1.81931
1.76876
1.8032
1.85116
1.82113
1.80902
1.81606
1.81742
1.82689
1.83107
1.82761
1.81983
1.80655
1.82629
1.82648
1.85115
1.79835
1.82648
1.81817
1.80082
1.81247
1.76294
1.82502
1.8142
1.82103
1.84017
1.82256
1.8283
1.81498
1.79887
1.80221
1.82885
1.82149
