1.84135
1.8221
1.83239
1.83868
1.82269
1.86008
1.82467
1.84323
1.85906
1.83859
1.81191
1.82698
1.85013
1.82289
1.84381
1.80423
1.84578
1.84765
1.83991
1.82716
1.85029
1.85132
1.81536
1.85342
1.82527
1.85156
1.84048
1.82568
1.8341
1.79492
1.82998
1.8452
1.79054
1.7655
1.82892
1.83636
1.85249
1.82611
1.80812
1.8469
1.84099
1.86677
1.82562
1.845
1.8317
1.84697
1.82832
1.82299
1.85625
1.84482
1.83535
1.86089
1.81076
1.8316
1.83824
1.83721
1.84023
1.83824
1.81961
1.83825
1.81354
1.82363
1.81315
1.82555
1.81971
1.8533
1.82411
1.85667
1.82295
1.79934
1.82628
1.83032
1.84023
