1.83333
1.82111
1.83427
1.84313
1.84273
1.84332
1.81623
1.8247
1.8399
1.8358
1.84128
1.81394
1.81751
1.8413
1.8029
1.85031
1.81478
1.84188
1.843
1.84159
1.82071
1.8408
1.844
1.81197
1.85294
1.83129
1.8493
1.83439
1.82651
1.80466
1.82891
1.84172
1.81658
1.77386
1.82033
1.84206
1.84029
1.82471
1.8158
1.83369
1.83321
1.85624
1.81926
1.84198
1.83744
1.84111
1.82468
1.82413
1.84722
1.84376
1.837
1.85551
1.81057
1.83296
1.83128
1.85342
1.84135
1.81571
1.82875
1.83551
1.81245
1.81591
1.82532
1.84012
1.82059
1.84753
1.82737
1.85221
1.81686
1.79771
1.845
1.81846
1.83816
