1.74007
1.74932
1.79158
1.76609
1.72064
1.81895
1.76298
1.73787
1.74109
1.79323
1.71003
1.74693
1.80052
1.62128
1.81824
1.72827
1.761
1.80886
1.7631
1.72455
1.66614
1.7162
1.67964
1.84895
1.73528
1.78806

1.80018
1.76255
1.75216

1.79605
1.77278
1.72429
1.73037
1.73379
1.75635
1.67746
1.70403
1.71963
1.75929
1.76549
1.76578
1.80483
1.78394
1.60811
1.72599
1.76515
1.76039
1.70489
1.74091
1.74492
1.76643
1.75563
1.66466
1.75074
1.69161
1.66466
1.77291
1.75445
1.7505
1.83442
1.72625
1.72828
1.78205
1.77241
1.64852
1.77106
1.7901
1.84511
1.71446
1.74522
1.69213
