1.73613
1.75256
1.78879
1.71535
1.75709
1.81872
1.80258
1.77905
1.81407
1.75744
1.78753
1.72702
1.71711
1.76818
1.81495
1.77258
1.82939
1.80525
1.61487
1.71219
1.78744
1.76523
1.83332
1.70045
1.76665

1.75477
1.74094
1.73973
1.79313
1.71287
1.72824
1.71357
1.74612
1.74471
1.767
1.78047
1.7083
1.71995
1.75669
1.72453
1.75293
1.77265
1.75227
1.74936

1.73793
1.77894
1.74868
1.70933
1.76347
1.67435
1.71345
1.72847
1.68029
1.72161
1.71031
1.67296
1.75966
1.77062
1.79315
1.78657
1.7268
1.67806
1.79719
1.74909
1.64944
1.80735
1.80682
1.73342
1.7621
1.7386
1.765
