1.8322
1.8101
1.82342
1.84441
1.81256
1.83875
1.80664
1.84352
1.82408
1.83042
1.84006
1.79783
1.82262
1.81918
1.79135
1.8404
1.80859
1.8492
1.83681
1.84718
1.81426
1.83227
1.82724
1.81545
1.84445
1.82316
1.82411
1.82559
1.81467
1.7889
1.82075
1.83222
1.78438
1.77563
1.78653
1.8249
1.83704
1.81326
1.80398
1.83203
1.83962
1.82288
1.81276
1.84304
1.82879
1.82535
1.79773
1.80289
1.8291
1.82661
1.82531
1.83804
1.80105
1.81662
1.82008
1.83978
1.8192
1.82008
1.84445
1.80751
1.81874
1.7704
1.81908
1.83468
1.82176
1.84907
1.82549
1.84433
1.82622
1.79999
1.83774
1.82827
1.82213
