1.84287
1.83682
1.83841
1.85008
1.81624
1.85383
1.8161
1.83277
1.84758
1.82495
1.80614
1.81251
1.83808
1.81372
1.84438
1.80266
1.84441
1.83479
1.82928
1.81132
1.81636
1.84018
1.80833
1.82601
1.8003
1.82698
1.82086
1.81682
1.82848
1.79488
1.82725
1.82548
1.7929
1.73918
1.77638
1.8296
1.84447
1.81138
1.79694
1.81727
1.82986
1.82396
1.80362
1.8333
1.8336
1.82755
1.84311
1.81666
1.82712
1.82393
1.83613
1.82179
1.8018
1.81125
1.81241
1.83462
1.82813
1.81241
1.83482
1.834
1.82505
1.7815
1.80595
1.83081
1.82441
1.82963
1.81142
1.84458
1.82187
1.80823
1.82537
1.83263
1.82802
