1.74418
1.75845
1.79366
1.81823
1.65481
1.81372
1.76953
1.77146
1.74207
1.79986
1.76701
1.79907
1.743
1.7127
1.57373
1.75169
1.77821
1.8155
1.77878
1.68205
1.77762
1.69379
1.70886
1.78418
1.75611
1.81331

1.77937
1.77607
1.71296
1.71262
1.81176
1.78552

1.75779
1.76278
1.75966
1.69034
1.72985
1.75626
1.77155
1.77874
1.7458
1.80315
1.77732
1.74539
1.77832
1.79906
1.76249
1.78112
1.78906
1.71573
1.72838
1.75154
1.76103
1.83128
1.76413
1.76103
1.8013
1.76234
1.75425
1.86835
1.78845
1.73732
1.79934
1.79496
1.75733
1.78136
1.81032
1.71615
1.78626
1.73439
1.74788
