-0.08304
-0.09295
-0.08916
-0.08596
-0.0844
-0.09488
-0.09371
-0.08494
-0.11645
-0.07911
-0.08587
-0.09044
-0.10317
-0.09047
-0.10138
-0.10707
-0.09756
-0.08654
-0.07147
-0.09068
-0.08924
-0.09009
-0.06455
-0.09712
-0.10746
-0.06462
-0.09278
-0.07869
-0.06465
-0.08181
-0.08166
-0.1012
-0.10262
-0.09469
-0.07878
-0.10678
-0.12768
-0.08446
-0.15911
-0.05274
-0.08648
-0.07912
-0.09583
-0.16747
-0.08358
-0.08936
-0.07007
-0.09826
-0.10645
-0.10054
-0.12325
-0.0972
-0.07661
-0.09577
-0.10297
-0.10487
-0.09858
-0.08878
-0.1053
-0.1132
-0.10269
-0.06542
-0.09812
-0.07319
-0.08788
