0.04907
0.08105
0.16577
0.1522
0.05116
0.03174
0.10535
0.12233
0.07769
0.10334
0.07727
0.05522
0.05039
0.08549
0.02102
0.03595
0.10383
0.05228
0.16846
0.13772
0.24599
0.13137
0.1067
0.12285
0.10008
0.04044
0.16436
0.16108
0.1768
0.1048
0.02741
0.05047
0.02355
0.03167
0.03992
0.06314
0.03962
0.13814
-0.01167
0.11241
0.05334
0.13748
0.03644
0.05616
0.03608
0.18534
0.05615
0.03771
0.03799
0.03965
0.01744
0.03301
0.07333
0.04092
0.02009
0.31803
0.05893
0.14734
0.10359
0.02764
0.17311
0.09414
0.04972
0.09185
