0.00895
0.00507
0.00779
0.0068
-0.00368
0.00431
0.00594
0.00845
-0.00215
0.01144
-0.00059
-0.00214
0.01115
0.03797
-0.00289
-0.00672
0.03295
0.00119
0.00104
-0.0019
0.0072
-0.00803
0.00519
-0.00516
-0.02365
0.0224
-0.01501
-0.00507
-0.00294
-0.00309
-0.00453
0.022
0.002
0.00892
0.01152
-0.0021
-0.0178
0.0103
0.00249
0.01288
0.00438
0.00809
0.00615
-0.01053
0.00509
-0.00391
-0.00566
0.0306
-0.00052
-0.00577
0.01243
0.00303
0.0007
0.01832
0.00627
0.01771
0.00552
0.03331
-3e-05
0.01192
0.00826
0.01285
0.01378
0.01025
0.02047
