0.09199
0.09802
0.09695
0.09276
0.08072
0.09919
0.09965
0.09339
0.1143
0.09055
0.08528
0.0883
0.11432
0.12844
0.09849
0.10035
0.13051
0.08773
0.07251
0.08878
0.09644
0.08206
0.06974
0.09196
0.08381
0.08702
0.07777
0.07362
0.06171
0.07872
0.07713
0.1232
0.10462
0.10361
0.0903
0.10468
0.10988
0.09476
0.1616
0.06562
0.09086
0.08721
0.10198
0.15694
0.08867
0.08545
0.06441
0.12886
0.10593
0.09477
0.13568
0.10023
0.07731
0.11409
0.10924
0.12258
0.1041
0.12209
0.10527
0.12512
0.11095
0.07827
0.1119
0.08344
0.10835
