-0.09756
-0.09528
-0.0836
-0.07866
-0.06759
-0.10039
-0.07735
-0.07865
-0.08877
-0.07744
-0.08043
-0.0883
-0.08932
-0.13193
-0.07937
-0.0831
-0.10249
-0.08859
-0.0912
-0.10879
-0.08011
-0.093
-0.08777
-0.08028
-0.09641
-0.08036
-0.09287
-0.06522
-0.08261
-0.09362
-0.1
-0.09099
-0.07369
-0.08313
-0.11291
-0.06555
-0.10579
-0.09118
-0.08823
-0.08636
-0.08211
-0.0716
-0.079
-0.1026
-0.07785
-0.079
-0.09889
-0.09585
-0.08911
-0.08164
-0.09541
-0.09468
-0.09154
-0.07009
-0.076
-0.08088
-0.08171
-0.10404
-0.05275
-0.09928
-0.07526
-0.07967
