-0.00291
-0.00095
-0.00733
0.00424
0.00225
-0.00425
-0.00169
0.02117
0.00215
0.00581
0.00944
0.00096
-0.00907
0.02032
0.03524
0.00787
-0.00183
0.00362
-0.00503
-0.00052
0.01123
-0.01019
0.0077
-0.00592
0.01093
0.00861
5e-05
0.01121
0.00582
0.00249
0.00539
-0.00431
0.00941
0.00489
0.00238
0.02674
-0.01266
-0.00661
0.00772
0.01061
0.02385
0.00937
0.0014
0
0.01108
0.0014
0.0169
-0.00419
0.01186
0.00168
-0.00751
0.00632
0.0241
-0.00017
-0.00937
0.00638
0.02333
-0.01799
0.0336
0.02002
0.02358
0.01928
