-0.10322
-0.0933
-0.07978
-0.08764
-0.08638
-0.08625
-0.08894
-0.09023
-0.08108
-0.08205
-0.10678
-0.08596
-0.10642
-0.11421
-0.09968
-0.07876
-0.08224
-0.11126
-0.07822
-0.09873
-0.09208
-0.10798
-0.08382
-0.09508
-0.10279
-0.0965
-0.09757
-0.09085
-0.07617
-0.0878
-0.07892
-0.10356
-0.09311
-0.10071
-0.10905
-0.10801
-0.12001
-0.0778
-0.08211
-0.09432
-0.08709
-0.10171
-0.09361
-0.08503
-0.09365
-0.10152
-0.1062
-0.08442
-0.10169
-0.08024
-0.09755
-0.11709
-0.10241
-0.12417
-0.0812
-0.07737
-0.08227
-0.08008
-0.08375
-0.09271
-0.08324
-0.08812
-0.0852
