0.00538
-0.00373
-0.00294
-0.00027
0.0082
-0.00752
-0.0039
0.00017
0.00343
-0.00723
-0.00036
0.01702
-0.00589
-0.00655
-0.00572
0.01455
0.00566
-0.01856
0.00247
0.00333
-0.00012
-0.0092
-0.00708
-0.00484
-0.0061
-0.00217
-0.00508
-0.00337
0.00759
0.00735
0.00134
-0.00021
0.00296
0.00327
-0.00364
-0.00865
0.01316
0.00553
-0.00159
0.00721
0.0175
0.00156
0.00388
0.00723
0.00318
0.00904
-0.01354
0.0096
-0.00776
-0.00137
0.01294
-0.00171
-0.00785
-0.00533
0.00044
-0.00106
-0.00337
-0.00027
0.00169
0.00977
0.00079
0.00226
-0.00143
