-0.10863
-0.09803
-0.13363
-0.11085
-0.08822
-0.09064
-0.07714
-0.1175
-0.09345
-0.09781
-0.0817
-0.09758
-0.08242
-0.09752
-0.09092
-0.12638
-0.08349
-0.14319
-0.13018
-0.09605
-0.09281
-0.0744
-0.13631
-0.11739
-0.08794
-0.11975
-0.12894
-0.09695
-0.13536
-0.11007
-0.10488
-0.11804
-0.07019
-0.08831
-0.10308
-0.0812
-0.08994
-0.10292
-0.11619
-0.10178
-0.09835
-0.10581
-0.09603
-0.10686
-0.13048
-0.14616
-0.28458
-0.09731
-0.10061
-0.09894
-0.13431
-0.06881
-0.08948
-0.09071
-0.09574
-0.07836
-0.08596
-0.13503
-0.11896
-0.11153
-0.11793
-0.10806
0.11809
0.13333
0.12708
0.18135
