-0.00563
0.14003
0.00387
0.07526
0.07285
0.13932
0.05706
0.10971
0.06495
0.10384
0.13124
0.01392
0.08085
0.12353
0.09214
0.07859
0.01835
0.1752
0.14362
0.04604
0.05887
0.10752
0.07685
0.11571
0.13856
0.02027
0.16398
0.0557
-0.00539
0.2006
0.11116
0.19571
0.1508
0.25211
0.0546
0.14473
0.12318
0.1028
0.15836
0.08825
0.09105
0.07213
0.0584
0.0775
0.03292
0.01386
0.10528
0.07944
0.15531
0.06821
0.03445
0.25961
0.08421
0.04962
0.1295
0.08333
0.1587
0.04948
0.08702
0.08887
0.06097
0.08714
0.04948
0.05701
0.01764
0.06214
