0.02651
0.11241
0.0329
0.12198
0.08792
0.10333
0.12076
0.05658
0.07344
0.13263
0.12821
0.01486
0.04624
0.04766
0.15217
0.05782
0.04034
0.03441
0.03791
0.05129
0.07553
0.15484
0.1415
0.08879
0.09656
0.04062
0.05694
0.1225
0.00696
0.02333
0.14157
0.08924
0.11871
0.09609
0.07962
0.01571
0.09738
0.06969
0.0989
0.17925
0.05136
0.10258
0.03007
0.02886
0.03471
-0.02189
0.14223
0.12543
0.06377
0.05001
0.04572
0.0431
0.13155
0.0209
0.04066
0.1599
0.09403
0.18148
0.18613
0.01449
0.06737
0.1105
0.1018
0.11665
0.02972
0.02425
0.08025
