0.01555
0.02218
0.00164
0.01314
-0.00394
0.00097
0.00029
-0.00287
0.01498
-0.00596
0.00457
0.00292
0.01805
0.00972
0.00407
0.00315
0.02467
-0.02494
0.0442
0.02884
-0.00494
0.01168
0.00944
-0.00979
0.02279
-0.00601
-0.00913
0.01551
0.00941
0.01904
0.00164
-0.01401
0.0245
-0.0055
0.04255
0.01429
0.00436
0.00395
0.03593
0.02147
0.01372
-0.00435
-0.00103
0.009
0.00563
-0.00467
-0.0481
-0.00181
0.01342
-0.00934
0.00692
0.00365
0.00179
0.00684
0.00512
0.00207
0.00901
0.01354
-0.01387
-0.00089
0.01203
0.01698
0.11717
0.0915
0.03556
0.0368
0.04629
