0.12418
0.12021
0.13527
0.12399
0.08428
0.09161
0.07743
0.11463
0.10843
0.09185
0.08627
0.1005
0.10047
0.10724
0.09499
0.12953
0.10816
0.11825
0.17438
0.12489
0.08787
0.08608
0.14575
0.1076
0.11073
0.11374
0.11981
0.11246
0.14477
0.12911
0.10652
0.10403
0.09469
0.08281
0.14563
0.09549
0.0943
0.10687
0.15212
0.12325
0.11207
0.10146
0.095
0.11586
0.13611
0.14149
0.23648
0.0955
0.11403
0.0896
0.14123
0.07246
0.09127
0.09755
0.10086
0.08043
0.09497
0.14857
0.10509
0.11064
0.12996
0.12504
-0.02659
-0.09777
-0.09028
-0.13506
