-0.08919
-0.08417
-0.08942
-0.09248
-0.10684
-0.09409
-0.08942
-0.09642
-0.0917
-0.07917
-0.09271
-0.10211
-0.09144
-0.09521
-0.07405
-0.09795
-0.08132
-0.06163
-0.08979
-0.11677
-0.09247
-0.09711
-0.08879
-0.08397
-0.0964
-0.06721
-0.09187
-0.09825
-0.08145
-0.07742
-0.10098
-0.08762
-0.07928
-0.08552
-0.06591
-0.06687
-0.08887
-0.10461
-0.13257
-0.08464
-0.13401
-0.1177
-0.08384
-0.10531
-0.06838
-0.11117
-0.0905
-0.07338
-0.08778
-0.10301
-0.11105
-0.07134
-0.10419
-0.07099
-0.09142
-0.07907
-0.09515
-0.13106
-0.10164
-0.097
-0.0845
-0.07949
-0.07772
-0.08936
-0.1122
-0.10979
