0.11634
0.05358
0.09885
0.07308
0.07771
0.08832
0.09885
0.0154
0.0728
0.10948
0.05692
0.01664
0.061
0.05747
0.20592
0.08582
0.1781
0.13705
0.17909
0.13241
0.09123
0.04607
0.05029
0.0687
0.07997
0.30579
0.03738
0.1314
0.17399
0.163
0.13472
0.14744
0.28922
0.08855
0.13271
0.05932
0.06516
0.17075
0.09842
0.16202
0.10763
0.1979
0.11098
0.12863
0.02485
0.05179
0.14499
0.13038
0.03434
0.02012
0.06734
0.02087
0.06171
0.23675
0.32835
0.08363
0.09431
0.07562
0.08614
0.22894
0.10024
0.07091
0.07041
0.12344
0.1349
