-0.03252
-0.00262
0.00564
-0.07264
0.00105
-0.00235
0.00564
0.01877
-0.0923
-0.13723
-0.00087
-0.04622
-0.11821
0.02062
0.0379
-0.00366
-0.00505
-0.00822
-0.0092
0.05613
0.08832
-0.04906
0.07386
-0.00959
-0.02694
0.0886
0.06493
-0.00653
-0.01522
-0.01616
-0.19473
0.00685
-0.01704
-0.09068
0.04986
0.04331
-0.02803
0.11097
0.02446
0.04048
0.05852
0.04575
-0.01592
-0.01022
-0.09224
-0.02036
-0.02898
0.05241
0.01511
-0.02632
0.03217
-0.02723
-0.07274
-0.04728
-0.02391
-0.0873
0.02259
-0.01344
0.02633
0.03259
