0.04028
0.00973
-0.01834
0.01818
0.03143
-0.00157
0.01873
-0.00762
-0.00822
-0.00151
0.00081
-0.00412
0.01217
0.0131
0.00384
0.01019
-0.00246
-0.00061
0.01349
-0.01636
0.00216
0.0089
-0.00378
0.00554
0.00767
0.0005
-0.0045
0.01809
0.00503
0.13048
0.02984
0.01086
0.01264
0.00379
0.14181
0.01561
-0.00456
-0.00246
-0.01967
0.00846
-0.00407
-0.00104
-0.00535
-0.01084
0.01602
0.00228
0.00283
-0.00381
0.00799
-0.01198
-0.00245
0.00698
-0.01812
0.02138
-0.00731
0.02107
0.01076
-0.01973
0.01251
0.00696
0.00418
-0.0043
-0.00367
0.04636
-0.00865
0.01208
