0.12947
0.0939
0.07108
0.11066
0.13827
0.09252
0.10815
0.0888
0.08348
0.07766
0.09352
0.09799
0.10361
0.10831
0.07789
0.10814
0.07886
0.06102
0.10328
0.10041
0.09463
0.10601
0.08501
0.08951
0.10407
0.06771
0.08737
0.11634
0.08648
0.2079
0.13082
0.09848
0.09192
0.08931
0.20772
0.08248
0.08431
0.10215
0.1129
0.0931
0.12994
0.11666
0.07849
0.09447
0.0844
0.11345
0.09333
0.06957
0.09577
0.09103
0.1086
0.07832
0.08607
0.09237
0.08411
0.10014
0.10591
0.11133
0.11415
0.10396
0.08868
0.07519
0.07405
0.13572
0.10355
0.12187
