-0.0855
-0.08635
-0.12097
-0.07191
-0.08418
-0.08864
-0.09367
-0.09654
-0.08218
-0.09507
-0.08581
-0.07951
-0.07761
-0.0792
-0.06529
-0.17023
-0.10057
-0.09019
-0.081
-0.08776
-0.07065
-0.07952
-0.07184
-0.07564
-0.07875
-0.08281
-0.08316
-0.04787
-0.0921
-0.11392
-0.06708
-0.14074
-0.13768
-0.08946
-0.09044
-0.10568
-0.10771
-0.11622
-0.12416
-0.08996
-0.11064
-0.08173
-0.12543
-0.11695
-0.08896
-0.07399
-0.07933
-0.09571
-0.07512
-0.13894
-0.10422
-0.06875
-0.08753
-0.08341
-0.09331
-0.1014
-0.11387
-0.08389
-0.08441
-0.07628
-0.07885
-0.10324
-0.07928
-0.07696
-0.09262
-0.13053
-0.11459
