0.07006
0.12195
0.09568
0.17443
0.18072
0.01096
0.0827
0.14675
0.14429
0.11606
0.06784
0.10857
0.03841
0.10414
0.0987
0.11862
0.06972
0.12203
0.09372
0.05867
0.0812
0.23608
0.13675
0.11224
0.14125
0.23231
0.11779
0.10085
0.29055
0.02659
0.10588
0.12593
0.07663
0.09462
0.06005
0.06458
0.13648
0.16074
0.07772
0.08405
0.11914
0.10507
0.08462
0.1477
0.06273
0.07304
0.09573
0.01713
0.06531
0.12588
0.05006
0.07218
0.10006
0.12138
0.09665
0.10838
0.0813
0.17877
0.17021
0.13968
0.15915
0.06484
0.13248
0.07949
0.11325
0.12033
0.29117
