-0.03605
-0.06587
0.08909
-0.0486
-0.00843
0.00914
0.11725
-0.1361
0.0449
-0.07075
-0.03592
-0.18509
-0.12215
-0.08007
-0.17585
0.00538
0.055
-0.00978
-0.0617
-0.01177
-0.09929
-0.02871
0.09875
-0.09884
-0.03727
0.03066
-0.04064
-0.01585
0.00386
-0.13344
-0.04321
-0.00632
-0.03065
-0.13387
0.01074
0.0596
0.14444
-0.02273
-0.09354
0.04109
-0.02379
-0.10256
-0.14957
0.02891
-0.16132
-0.11008
-0.14554
-0.13936
0.00113
0.0367
-0.07707
0.05229
-0.06294
-0.01536
-0.05727
-0.03362
0.11177
-0.00141
0.03982
-0.06906
