4e-05
0.00478
0.01636
0.01173
0.01647
0.00698
0.01586
-0.0026
-0.00462
0.00019
-0.00716
0.002
0.01093
0.0002
0.00603
-0.01325
0.06518
0.00984
-0.00368
-0.004
0.06787
-0.00711
-0.00522
0.01982
0.01443
0.0181
-0.0117
0.0419
0.00505
0.017
0.00074
-0.00445
-0.02117
0.0082
-0.00089
0.0102
-0.00485
-0.00302
0.00399
0.00178
0.01048
-0.00547
9e-05
-0.00745
0.03327
-0.00161
-0.00523
-0.00061
0.00088
0.01792
-0.00127
0.01481
0.00434
0.00162
0.00898
0.01957
0.01963
0.0135
0.01105
0.0175
0.0061
-0.00912
0.00039
0.02627
0.00121
-0.0075
2e-05
