0.08554
0.09113
0.13733
0.08364
0.10065
0.09562
0.10953
0.09394
0.07756
0.09526
0.07865
0.08151
0.08854
0.0794
0.07132
0.15698
0.16575
0.10003
0.07732
0.08376
0.13852
0.07241
0.06662
0.09546
0.09318
0.10091
0.07146
0.08977
0.09715
0.13092
0.06782
0.13629
0.11651
0.09766
0.08955
0.11588
0.10286
0.1132
0.12815
0.09174
0.12112
0.07626
0.12552
0.1095
0.12223
0.07238
0.0741
0.0951
0.076
0.15686
0.10295
0.08356
0.09187
0.08503
0.10229
0.12097
0.1335
0.09739
0.09546
0.09378
0.08495
0.09412
0.07967
0.10323
0.09383
0.12303
0.11461
