0.04506
0.07215
0.0703
0.20825
0.11941
0.14453
0.11732
0.15551
0.09545
0.11509
0.07773
0.06846
0.07522
0.05255
0.07802
0.0556
0.22768
0.10935
0.17259
0.00515
0.13086
0.13196
0.10683
0.13591
0.10809
0.25806
0.13597
0.0162
0.1196
0.15974
0.09009
0.16581
0.0683
0.10869
0.17726
0.12204
0.05878
0.03019
0.05651
0.06787
0.05763
0.20485
0.04568
0.01503
0.1284
0.0156
0.08174
0.03357
0.10238
-0.00421
0.10175
0.10228
0.06314
0.16941
0.13162
0.12101
0.23318
0.07738
0.11145
0.08037
0.2496
0.25244
0.14101
0.11727
0.11793
