-0.02065
0.03001
-0.02461
-0.13023
0.00881
0.05881
-0.00049
-0.04759
0.09319
0.02723
-0.01724
0.11063
0.04083
-0.02603
-0.00237
0.0929
0.00064
0.07668
-0.02735
0.13263
-0.18581
0.00573
0.01683
-0.04805
-0.11783
-0.02601
0.1181
-0.0725
0.05621
0.00369
0.03723
0.01738
0.05584
-0.00131
0.00076
0.02334
-0.17749
0.01491
-0.02876
-0.03097
0.00295
-0.04254
-0.06637
-0.01134
-0.05018
0.01485
-0.03204
-0.03055
-0.09915
0.06422
-0.01748
-0.03347
-0.0093
0.00203
-0.03482
-0.09719
-0.00319
-0.04334
-0.12619
0.08388
0.12525
0.12763
-0.04706
0.04374
-0.19435
