0.04941
0.15196
0.07107
0.0442
0.01977
0.14151
0.14626
0.0967
0.20925
0.09507
0.09133
0.14904
0.14497
0.07267
0.11625
0.16262
0.12267
0.1704
0.03132
0.21383
0.05027
0.14248
0.12907
0.0932
0.11448
0.09178
0.21895
0.21805
0.0828
0.10957
0.16316
0.09401
0.15046
0.05874
0.06534
0.15982
-0.01675
0.09263
0.05529
0.08817
0.10802
0.04208
0.08133
0.05139
0.02286
0.11058
-0.01491
0.03476
0.02673
0.11428
0.0547
0.06659
0.11208
0.09868
0.04648
0.08158
0.16702
0.09634
0.03296
0.14872
0.25773
0.20712
0.06619
0.16407
0.09682
