-0.08589
-0.11481
-0.11861
-0.08928
-0.0925
-0.14004
-0.0858
-0.09083
-0.08933
-0.08912
-0.09184
-0.08951
-0.07705
-0.08829
-0.07926
-0.0825
-0.07944
-0.09097
-0.10282
-0.11189
-0.09217
-0.10282
-0.08768
-0.06668
-0.07803
-0.08586
-0.09436
-0.09939
-0.10442
-0.09534
-0.09752
-0.11169
-0.07931
-0.09474
-0.08259
-0.07563
-0.09255
-0.08725
-0.08128
-0.10993
-0.07391
-0.08229
-0.0731
-0.1237
-0.09677
-0.10055
-0.07691
-0.10276
-0.07799
-0.09094
-0.09151
-0.08931
-0.09111
-0.0936
-0.11346
-0.08649
-0.06627
-0.11168
-0.08893
