-0.08484
-0.112
-0.10191
-0.07794
-0.11811
-0.10746
-0.08305
-0.09525
-0.08235
-0.10722
-0.10498
-0.09213
-0.09394
-0.09262
-0.10837
-0.09154
-0.1253
-0.07277
-0.09606
-0.07893
-0.0859
-0.07923
-0.10446
-0.0801
-0.11073
-0.11054
-0.10712
-0.09818
-0.08989
-0.07927
-0.15278
-0.11581
-0.12548
-0.0977
-0.07644
-0.08074
-0.09694
-0.08558
-0.13424
-0.12806
-0.10437
-0.10728
-0.07394
-0.0895
-0.08338
-0.12252
-0.10825
-0.1036
-0.12506
-0.07784
-0.08569
-0.10273
-0.09862
-0.0861
-0.1074
-0.08099
-0.06928
-0.08847
-0.09535
-0.09693
