-0.10404
-0.12935
-0.09913
-0.11938
-0.09892
-0.12481
-0.10444
-0.11435
-0.10298
-0.09123
-0.10918
-0.14316
-0.11386
-0.11436
-0.08358
-0.09854
-0.08807
-0.08973
-0.11232
-0.11693
-0.0889
-0.08166
-0.09456
-0.09572
-0.08877
-0.09421
-0.10435
-0.08989
-0.11279
-0.09636
-0.08333
-0.11588
-0.07858
-0.09823
-0.09011
-0.10023
-0.09843
-0.0806
-0.08316
-0.11414
-0.10581
-0.13852
-0.14666
-0.10816
-0.09694
-0.11952
-0.10193
-0.08907
-0.14698
-0.08762
-0.119
-0.09852
-0.16077
-0.09726
-0.10753
-0.07544
-0.08059
-0.10066
-0.10454
-0.14461
-0.1027
-0.14429
-0.08062
-0.11824
-0.11126
-0.16784
