0.01024
0.00921
-0.01092
0.0489
0.01312
-0.01627
0.02622
0.00871
0.04338
-0.00178
0.01737
0.00592
0.00108
-0.01635
0.00413
0.03533
0.01404
0.01388
0.01547
-0.00454
0.01786
0.01913
0.01033
0.00936
0.00774
0.00046
-0.0069
0.0351
0.00179
0.04401
0.01108
0.00288
0.02039
0.00974
0.01675
0.03286
-0.0007
0.02376
0.04109
0.02043
0.01785
-0.00927
-0.00359
0.00248
0.01365
-0.00749
0.00957
0.00337
0.01665
-0.01104
-0.00477
-0.00165
0.00755
0.02673
0.02421
0.003
0.00868
0.02072
0.0055
-0.00774
0.00876
0.01126
0.0183
0.00208
0.01132
-0.05055
