0.11428
0.13856
0.08821
0.16828
0.11204
0.10854
0.13066
0.12306
0.14636
0.08945
0.12655
0.14908
0.11494
0.09801
0.08771
0.13387
0.10211
0.10361
0.12779
0.11239
0.10676
0.10079
0.10489
0.10508
0.09651
0.09467
0.09745
0.12499
0.11458
0.14037
0.09441
0.11876
0.09897
0.10797
0.10686
0.13309
0.09773
0.10436
0.12425
0.13457
0.12366
0.12925
0.14307
0.11064
0.11059
0.11203
0.1115
0.09244
0.16363
0.07658
0.11423
0.09687
0.16832
0.12399
0.13174
0.07844
0.08927
0.12138
0.11004
0.13687
0.11146
0.15555
0.09892
0.12032
0.12258
0.11729
