0.0657
0.10792
0.06073
0.09658
0.07515
0.08484
0.07612
0.2605
0.31844
0.11087
0.10504
0.06871
0.07484
0.18914
0.16317
0.17282
0.11799
0.13799
0.10005
0.07453
0.15351
0.09283
0.15093
0.16317
0.10429
0.09404
0.15638
0.22992
0.18277
0.20441
0.09293
0.16994
0.04019
0.33752
0.23291
0.10436
0.21482
0.08671
0.07004
0.09746
0.12555
0.27049
0.10823
0.1688
0.07071
0.23007
0.04676
0.12011
0.08873
0.3073
0.06649
0.11147
0.19431
0.06395
0.05143
0.14768
0.15634
0.20049
0.29765
0.1675
0.05981
0.10458
0.14592
0.08525
0.11432
0.02015
0.1328
0.29063
0.18175
