0.03983
0.0567
0.0643
0.13547
0.06345
0.08377
0.13887
0.0946
0.09753
0.06553
0.04863
0.04523
0.03398
0.10227
0.064
0.06898
0.0809
0.08853
0.07802
0.07802
0.08044
0.11994
0.03003
0.07581
0.08785
0.03067
0.13845
0.07374
0.17924
-0.01518
0.0724
0.08339
0.01445
0.02884
0.12415
-0.0098
0.02704
0.06257
0.0524
0.06798
0.0731
0.15331
0.01541
0.091
0.0542
0.09952
0.03908
0.06545
0.01938
0.03297
0.0217
0.04886
0.02224
0.05441
0.08962
0.12601
0.07155
0.13581
0.06541
0.17084
0.10925
0.08502
0.07387
0.04049
0.06219
0.06198
0.04726
0.05068
0.15323
0.15102
0.23881
