-0.10584
-0.08086
-0.08841
-0.08123
-0.08252
-0.1026
-0.06184
-0.08465
-0.09539
-0.12435
-0.08765
-0.10303
-0.08112
-0.08095
-0.08225
-0.07561
-0.09338
-0.10406
-0.08983
-0.08983
-0.09902
-0.09747
-0.09724
-0.09902
-0.094
-0.09188
-0.0923
-0.08858
-0.08657
-0.11284
-0.10987
-0.0879
-0.10267
-0.1071
-0.07868
-0.08567
-0.09011
-0.08615
-0.08942
-0.088
-0.08716
-0.11324
-0.08958
-0.09804
-0.08832
-0.10176
-0.09953
-0.08092
-0.1083
-0.08092
-0.08712
-0.11071
-0.08707
-0.08836
-0.08995
-0.14046
-0.09452
-0.08557
-0.08352
-0.06805
-0.08796
-0.09679
-0.08659
-0.14072
-0.11453
-0.09635
-0.08758
-0.09558
-0.14597
-0.08776
-0.09916
-0.06775
