0.12138
0.10035
0.09085
0.09177
0.06903
0.09813
0.07983
0.08543
0.09762
0.10709
0.09108
0.09983
0.0797
0.09785
0.07421
0.07424
0.10118
0.09764
0.08562
0.10507
0.09539
0.09249
0.10063
0.09539
0.09884
0.10201
0.13601
0.12863
0.09136
0.10434
0.10381
0.08376
0.09965
0.10396
0.07645
0.0974
0.09681
0.0933
0.0882
0.08599
0.10368
0.11894
0.08725
0.09821
0.07973
0.1069
0.10254
0.08117
0.13148
0.08882
0.10139
0.10046
0.09626
0.10472
0.08224
0.13515
0.09568
0.07766
0.08379
0.0977
0.07408
0.10733
0.10521
0.13918
0.14292
0.07161
0.0959
0.09381
0.14677
0.06795
0.11762
0.06519
