0.01554
0.01949
0.00244
0.01054
-0.01349
-0.00447
0.01799
0.00078
0.00223
-0.01726
0.00343
-0.0032
-0.00142
0.0169
-0.00804
-0.00137
0.0078
-0.00642
-0.00421
0.01524
-0.00363
-0.00498
0.00339
-0.00363
0.00484
0.01013
0.04371
0.04005
0.00479
-0.0085
-0.00606
-0.00414
-0.00302
-0.00314
-0.00223
0.01173
0.0067
0.00715
-0.00122
-0.00201
0.01652
0.0057
-0.00233
0.00017
-0.00859
0.00514
0.00301
0.00025
0.02318
0.0079
0.01427
-0.01025
0.00919
0.01636
-0.00771
-0.00531
0.00116
-0.00791
0.00027
0.02965
-0.01388
0.01054
0.01862
-0.00154
0.02839
-0.02474
0.00832
-0.00177
0.0008
-0.01981
0.01846
-0.00256
