0.02974
0.12826
0.065
0.07587
0.09017
0.05533
0.09001
0.0962
0.0404
0.07769
0.0555
0.04807
0.05582
0.16201
0.17766
0.10136
0.06849
0.12936
0.06341
0.06341
0.06827
0.10886
0.07108
0.04485
0.01806
0.06824
0.19206
0.05269
0.0405
0.05364
0.01279
0.04329
0.13712
0.08777
0.02777
0.06891
0.04785
0.05707
0.06392
0.0552
0.05724
0.01872
0.07194
0.03633
0.10564
0.00941
0.0565
0.04427
0.09741
0.0692
0.03608
0.08021
0.05872
0.05874
0.11739
0.12117
0.11357
0.06591
0.14304
0.07487
0.12914
0.05732
0.07845
0.14743
0.05841
0.06475
0.04268
0.11741
0.09809
0.13345
