-0.0272
-0.05308
-0.01466
-0.04538
-0.01118
0.01005
0.06105
-0.20874
-0.25644
-0.02136
-0.06166
0.03592
-0.00157
-0.01678
-0.07733
-0.08223
-0.06538
0.04627
0.02555
0.0359
-0.04308
0.01406
-0.04385
-0.07203
0.05646
0.02665
-0.06184
-0.14882
-0.16477
-0.18398
-0.06428
-0.11262
-0.02109
-0.08815
-0.0919
-0.08222
-0.02441
-0.01434
-0.02277
-0.04919
-0.10656
-0.0333
-0.11051
-0.03903
-0.13642
-0.00153
-0.10601
0.00203
-0.15318
-0.01157
-0.02099
-0.15914
-0.01072
0.0591
-0.1029
-0.01457
-0.13504
-0.23806
-0.1131
0.00361
-0.01634
-0.09421
-0.04953
-0.06611
0.01658
0.07145
-0.18755
-0.06655
