-0.01009
0.07156
0.0007
-0.0596
0.02672
-0.02844
-0.04886
0.0016
-0.05713
0.01216
0.00687
0.00284
0.02184
0.05974
0.11366
0.03238
-0.01241
0.04083
-0.01461
-0.01461
-0.01217
-0.01108
-0.00473
-0.043
-0.01261
-0.07021
0.01282
0.06787
-0.0319
-0.02975
-0.00166
0.01445
-0.03638
0.03757
0.04187
-0.01472
0.00467
-0.00406
-0.0179
-0.09607
0.00331
-0.01906
-0.01787
0.00612
-0.02967
-0.00895
0.02489
0.06444
0.0475
-0.01278
0.05797
0.00431
-0.03088
-0.00862
0.04962
-0.02224
0.0005
-0.0278
-0.03438
0.04412
-0.01655
0.03796
0.08524
-0.00357
0.01749
-0.008
-0.03582
-0.05293
-0.10536
