0.0385
0.05484
0.04607
0.0512
0.06397
0.09489
0.13717
0.05176
0.062
0.08951
0.04338
0.10463
0.07327
0.17236
0.08584
0.09059
0.05261
0.18426
0.1256
0.11043
0.11043
0.10689
0.10708
0.09114
0.16075
0.12069
0.09454
0.1646
0.0811
0.018
0.02043
0.02865
0.05732
0.0191
0.14476
0.01246
0.1326
0.0623
0.0557
0.07469
0.07636
0.16393
0.07493
0.05829
0.03168
0.09365
0.04523
0.0141
0.09076
0.15412
0.05492
0.09048
0.03517
0.05323
0.11053
0.04478
0.14177
0.06545
0.05959
0.0544
0.19675
0.06342
0.08824
0.05171
0.03572
0.04821
0.03673
0.20425
0.10308
0.1152
