-0.08984
-0.10537
-0.09607
-0.07692
-0.09345
-0.0842
-0.1263
-0.0944
-0.07952
-0.09241
-0.11846
-0.11592
-0.09703
-0.14958
-0.0905
-0.12668
-0.0797
-0.10227
-0.09635
-0.10744
-0.08503
-0.08501
-0.11888
-0.08528
-0.1118
-0.07718
-0.10055
-0.10434
-0.1053
-0.14079
-0.10146
-0.1033
-0.1212
-0.15449
-0.123
-0.10464
-0.08563
-0.10607
-0.1224
-0.11132
-0.09565
-0.07235
-0.12164
-0.09538
-0.09903
-0.09656
-0.11179
-0.11939
-0.08926
-0.09415
-0.09731
-0.07638
-0.12275
-0.09984
-0.09253
-0.08819
-0.14233
-0.09253
-0.10442
-0.08964
-0.12622
-0.11882
-0.10612
-0.08442
-0.11077
-0.09448
-0.09717
-0.08499
-0.10228
-0.15055
-0.10087
-0.10342
-0.08454
