0.08361
0.07742
0.09587
0.05903
0.06198
0.04229
0.0206
0.08983
0.09752
0.09604
0.04584
0.0897
0.17662
0.06592
0.07313
0.04616
0.02241
0.06612
0.04998
0.04993
0.06128
0.07056
0.03439
0.06996
0.02711
0.1157
0.01529
0.05048
0.09692
0.13135
0.18239
0.03864
0.04905
0.0513
0.03719
0.02352
0.05162
0.02591
0.03717
0.04081
0.10096
0.04398
0.02766
0.02935
0.08599
0.01987
0.01601
0.05858
0.05278
0.12646
0.04605
0.04168
0.08392
0.02088
0.08377
0.08392
0.11193
0.04546
0.05602
-0.02268
0.10803
0.12125
0.03432
0.11636
0.12225
0.06861
0.0604
0.05957
0.05795
0.11439
0.10518
