0.09115
0.04866
0.05113
0.03593
0.04208
0.05808
0.05088
0.02387
0.14219
0.03458
0.0865
0.00642
0.05983
0.24119
0.15934
0.12875
0.05003
0.07242
0.10858
0.2006
0.09651
0.1256
0.22893
0.11208
0.07709
0.05378
0.1038
0.05317
0.11576
0.20901
0.13336
0.0648
0.04461
0.0459
0.08893
0.04318
0.11725
0.08583
0.06527
0.04746
0.19113
0.04249
0.09482
0.06663
0.13819
0.04961
0.01803
0.13131
0.07984
0.08018
0.10701
0.06654
0.06579
0.05568
0.07431
0.06975
0.04011
0.0219
0.10555
0.05652
-0.04867
0.04928
0.1367
0.00871
0.04193
0.07343
0.05838
0.05325
0.04872
0.06137
0.02483
0.05567
