0.08694
0.09299
0.0914
0.07973
0.11357
0.07598
0.11371
0.09704
0.08223
0.10486
0.12367
0.1173
0.09173
0.11609
0.08543
0.12715
0.0854
0.09502
0.10053
0.11849
0.11345
0.08963
0.12148
0.1038
0.12951
0.10283
0.10895
0.11299
0.10133
0.13493
0.10256
0.10433
0.13691
0.19063
0.15343
0.10021
0.08534
0.11843
0.13287
0.11254
0.09995
0.10585
0.12619
0.09651
0.09621
0.10226
0.0867
0.11315
0.10269
0.10588
0.09368
0.10802
0.12801
0.11856
0.1174
0.09519
0.10168
0.1174
0.09499
0.09581
0.10476
0.14831
0.12386
0.099
0.1054
0.10018
0.11839
0.08523
0.10794
0.12158
0.10444
0.09718
0.10179
