-0.0029
-0.01238
-0.00467
0.00281
0.02012
-0.00822
-0.01259
0.00264
0.00271
0.01245
0.00521
0.00138
-0.0053
-0.03349
-0.00507
0.00047
0.0057
-0.00725
0.00418
0.01105
0.02842
0.00462
0.0026
0.01852
0.01771
0.02565
0.0084
0.00865
-0.00397
-0.00586
0.0011
0.00103
0.01571
0.03614
0.03043
-0.00443
-0.00029
0.01236
0.01047
0.00122
0.0043
0.0335
0.00455
0.00113
-0.00282
0.0057
-0.02509
-0.00624
0.01343
0.01173
-0.00363
0.03164
0.00526
0.01872
0.02487
0.007
-0.04065
0.02487
-0.00943
0.00617
-0.02146
0.02949
0.01774
0.01458
-0.00537
0.0057
0.02122
0.00024
0.00566
-0.02897
0.00357
-0.00624
0.01725
