0.10522
0.06954
0.0436
0.12333
0.0656
0.04136
0.02209
0.06418
0.04499
0.08115
0.02438
0.09996
0.13302
0.05471
0.02886
0.03165
0.01639
0.0424
0.22504
0.11497
0.06285
0.08609
-0.01796
0.15297
0.05862
0.08571
0.08474
0.09437
0.00179
0.11711
0.11696
0.07697
0.01938
0.08421
0.06936
0.07202
0.11781
0.08817
0.09021
0.11646
0.11384
0.05297
0.09273
0.08234
0.09039
0.04405
0.10757
0.13549
0.07188
0.18654
0.09731
0.10313
0.15795
0.1156
0.12992
0.16528
0.05995
0.06763
0.02039
0.03706
0.08635
0.14749
0.02252
0.10421
0.17467
0.04932
0.01613
0.06592
0.06418
0.09172
0.07523
