0.00211
0.02313
-0.00844
0.04111
0.08001
-0.03371
0.00237
0.06296
-0.04338
0.00799
0.04475
0.06059
-0.04284
-0.02117
-0.17468
-0.00671
0.00375
-0.0394
-0.02868
-0.08356
0.05806
-0.001
-0.06457
-0.14906
0.04057
-0.01055
-0.01896
-0.0518
-0.15651
-0.01913
-0.00081
0.04406
0.01934
0.04076
0.03
0.02594
0.04879
0.02646
-0.10038
0.01099
-0.05767
-0.01313
0.09481
0.04908
0.04095
-0.04448
0.05903
0.01591
0.00358
-0.0224
0.01154
0.11094
0.02837
0.07999
0.11094
0.03394
-0.02449
0.00543
0.03016
0.04979
-0.02486
0.02983
0.03319
0.10542
0.02277
-0.02649
-0.09612
0.06917
0.04841
0.09036
