0.09326
0.07179
0.04269
0.07704
0.12209
0.02437
0.05325
0.08683
0.09881
0.04257
0.13125
0.06701
0.01699
0.22002
-0.01534
0.12204
0.05378
0.03302
0.0799
0.11704
0.15457
0.1246
0.16436
-0.03698
0.11766
0.04323
0.03421
0.06396
0.0525
0.04567
0.0438
0.04957
0.08996
0.10827
0.08394
0.14725
0.11177
0.11406
0.07392
0.09075
0.05348
0.03715
0.0535
0.233
0.09869
0.05898
0.08683
0.13887
0.09609
0.11059
0.04414
0.07733
0.16662
0.10268
0.14974
0.15105
0.05584
0.08106
0.06195
-0.01851
0.09907
0.11184
0.03854
0.07512
0.17885
0.08115
0.02676
-0.0474
0.13054
0.07324
0.14603
