0.02161
-0.00788
-0.05227
0.0643
0.00362
-0.00093
0.00149
-0.02565
-0.05253
-0.01489
-0.02146
0.01026
-0.0436
-0.01121
-0.04427
-0.01451
-0.00602
-0.02372
0.17506
0.06504
0.00157
0.01553
-0.05235
0.08301
0.03151
0.07042
0.03426
-0.00255
-0.01424
-0.06543
0.03833
-0.02967
0.03291
0.03217
0.0485
0.06619
0.06226
0.05304
0.07565
0.01288
0.00899
0.06507
0.05299
0.07052
0.02804
0.04899
0.08271
0.06008
0.05126
0.06145
0.07403
0.09472
0.04615
0.08136
-0.05198
0.02217
-0.03563
0.05974
-0.02168
0.02624
-0.0118
-0.01215
0.05242
-0.01929
-0.04427
0.00635
0.00623
-0.02267
-0.02995
