 -0.03376   0.06778   0.10154 
 -0.03255  -0.00038   0.03217 
  0.00089   0.03984   0.03895 
 -0.09461   0.00695   0.10156 
 -0.02367   0.00858   0.03225 
 -0.00639    0.0102   0.01659 
  -0.0041   0.02461   0.02871 
    1e-05   0.01606   0.01605 
   0.0111   0.02826   0.01716 
 -0.01677    0.0048   0.02157 
 -0.00548   0.02243   0.02791 
 -0.03217   0.00196   0.03413 
  0.00093   0.05149   0.05056 
  0.02976   0.05151   0.02175 
 -0.02821  -0.00406   0.02415 
    5e-05   0.03085    0.0308 
  0.01445   0.00907  -0.00538 
 -0.00893    0.0223   0.03123 
 -0.03544   0.02761   0.06305 
 -0.00661   0.00545   0.01206 
  0.01098   0.04783   0.03685 
 -0.01051   0.03423   0.04474 
 -0.01523   0.01153   0.02676 
 -0.01462   0.04433   0.05895 
 -0.04877   0.00103    0.0498 
  0.00149   0.01617   0.01468 
 -0.02932   0.03337   0.06269 
 -0.00195   0.03186   0.03381 
 -0.00631   0.01022   0.01653 
 -0.02137   0.00836   0.02973 
 -0.02763   0.00608   0.03371 
 -0.01853   0.05161   0.07014 
 -0.02347   0.01321   0.03668 
 -0.00608   0.03168   0.03776 
 -0.02209    0.0208   0.04289 
 -0.01849   0.01685   0.03534 
 -0.00204   0.06258   0.06462 
 -0.01078   0.01407   0.02485 
 -0.02962  -0.00238   0.02724 
  0.00142   0.04379   0.04237 
 -0.00401   0.01745   0.02146 
 -0.00671  -0.01121   -0.0045 
 -0.01501   0.01643   0.03144 
  0.00118   0.04791   0.04673 
 -0.03018   0.01686   0.04704 
  0.02399    0.0003  -0.02369 
 -0.01144   0.00345   0.01489 
 -0.03291   0.03861   0.07152 
 -0.01309   0.00206   0.01515 
 -0.01947   0.01198   0.03145 
  0.04231   0.03802  -0.00429 
