  0.07398  -0.00145  -0.07543 
  0.10396   0.00901  -0.09495 
  0.12637   0.01705  -0.10932 
   0.0812  -0.00393  -0.08513 
  0.07681     0.009  -0.06781 
  0.08447   -0.0125  -0.09697 
  0.12805   -0.0018  -0.12985 
  0.09736  -0.01506  -0.11242 
  0.11622   0.00665  -0.10957 
  0.07863   -0.0003  -0.07893 
  0.10678   0.00796  -0.09882 
  0.09679  -0.00577  -0.10256 
  0.08607   0.00204  -0.08403 
  0.08128  -0.00195  -0.08323 
  0.09398   0.00279  -0.09119 
  0.10332   0.00051  -0.10281 
  0.13105   0.01799  -0.11306 
  0.09603   0.00026  -0.09577 
  0.06874  -0.00423  -0.07297 
  0.07944   0.00347  -0.07597 
  0.08189   0.00395  -0.07794 
  0.09623  -0.00763  -0.10386 
  0.11129      0.01  -0.10129 
  0.07982  -0.01834  -0.09816 
  0.10933   0.00942  -0.09991 
  0.09701  -0.00267  -0.09968 
  0.07184   0.00051  -0.07133 
   0.1015   0.01495  -0.08655 
  0.13185   0.00369  -0.12816 
  0.07847   0.00442  -0.07405 
  0.07594  -0.00074  -0.07668 
  0.11677   0.01174  -0.10503 
   0.0796  -0.00716  -0.08676 
  0.09368   0.00126  -0.09242 
  0.11592   0.02167  -0.09425 
   0.1027   0.00355  -0.09915 
  0.09515    0.0067  -0.08845 
  0.08988   0.00582  -0.08406 
  0.07665  -0.00635    -0.083 
  0.10847    0.0001  -0.10837 
  0.10244   -0.0072  -0.10964 
   0.0837  -0.02232  -0.10602 
  0.08269  -0.00309  -0.08578 
   0.0978   -0.0008   -0.0986 
  0.08306  -0.00657  -0.08963 
  0.13906  -0.00513  -0.14419 
  0.09465   0.00033  -0.09432 
  0.08623   0.01711  -0.06912 
  0.09014   -0.0119  -0.10204 
  0.08443   0.01175  -0.07268 
  0.09244  -0.00419  -0.09663 
