 -0.01907   0.08101   0.10008 
 -0.00632  -0.00219   0.00413 
  0.00252   0.02473   0.02221 
 -0.02847   0.08705   0.11552 
  0.02174   0.01214   -0.0096 
 -0.00493  -0.00395   0.00098 
 -0.01594   0.00819   0.02413 
  0.00317   0.01689   0.01372 
  0.02221   0.03137   0.00916 
  0.01322  -0.00018   -0.0134 
 -0.00365    0.0127   0.01635 
 -0.00035    0.0213   0.02165 
 -0.01631   0.02628   0.04259 
  0.02353   0.06411   0.04058 
 -0.00134   0.00147   0.00281 
  0.03538   0.02973  -0.00565 
 -0.00757   0.02645   0.03402 
 -0.02467   0.01277   0.03744 
 -0.00735   0.01604   0.02339 
 -0.01128  -0.00359   0.00769 
  -0.0154   0.00458   0.01998 
 -0.02354   -0.0025   0.02104 
 -0.02618  -0.00193   0.02425 
 -0.00825   0.04988   0.05813 
 -0.00542   0.01972   0.02514 
 -0.00128   0.00618   0.00746 
 -0.01342   0.01117   0.02459 
 -0.00627   0.00846   0.01473 
  0.03153   0.03519   0.00366 
  0.01422   0.02208   0.00786 
 -0.01111    0.0086   0.01971 
  0.00438      0.04   0.03562 
  0.00634   0.01861   0.01227 
 -0.00537   0.01566   0.02103 
 -0.00197  -0.01474  -0.01277 
  0.00198   0.01276   0.01078 
   0.0374   0.04807   0.01067 
   0.0564    0.0546   -0.0018 
 -0.00964   0.00444   0.01408 
  0.00888   0.03275   0.02387 
  0.00794   0.00967   0.00173 
  0.03088   0.02742  -0.00346 
 -0.02541   0.00445   0.02986 
  0.00409   0.01971   0.01562 
  0.01137   0.03811   0.02674 
  0.00229  -0.00838  -0.01067 
 -0.01559   0.00281    0.0184 
  0.01706    0.0228   0.00574 
 -0.00554   0.00331   0.00885 
  -0.0049   0.03006   0.03496 
    0.016    0.0172    0.0012 
