 -0.04087   0.00564   0.04651 
 -0.00057  -0.01367   -0.0131 
 -0.00689   0.03114   0.03803 
  0.03153   0.05789   0.02636 
 -0.00257   0.00476   0.00733 
 -0.00588    0.0145   0.02038 
 -0.02321   0.00559    0.0288 
 -0.00369    0.0152   0.01889 
   0.0065   0.07294   0.06644 
 -0.00648    0.0194   0.02588 
  -0.0586   0.00123   0.05983 
 -0.00677    0.0102   0.01697 
  0.03802   0.08122    0.0432 
 -0.01099   0.05887   0.06986 
 -0.01801   0.02294   0.04095 
  0.00076   0.05231   0.05155 
 -0.01066   0.01802   0.02868 
 -0.01177   0.02347   0.03524 
 -0.01452   0.02602   0.04054 
 -0.02735   0.01938   0.04673 
 -0.03564   0.01666    0.0523 
 -0.00805   0.04942   0.05747 
  0.01885   0.04936   0.03051 
 -0.00342   0.01147   0.01489 
 -0.01755   0.01283   0.03038 
 -0.01147   0.01105   0.02252 
  0.04203   0.08216   0.04013 
 -0.01567   0.00242   0.01809 
 -0.00344   0.01874   0.02218 
   -0.011   0.01029   0.02129 
 -0.01745   0.00537   0.02282 
  0.04276   0.06205   0.01929 
 -0.03565     7e-05   0.03572 
  0.02212   0.02515   0.00303 
 -0.01929   0.02776   0.04705 
 -0.01259    0.0114   0.02399 
  0.01624   0.00416  -0.01208 
 -0.01421   0.02507   0.03928 
 -0.04537  -0.01184   0.03353 
 -0.00012   0.02382   0.02394 
 -0.02899   0.00116   0.03015 
 -0.03402   0.02608    0.0601 
  -0.0269   0.02506   0.05196 
 -0.02606  -0.00546    0.0206 
 -0.01932   0.01691   0.03623 
 -0.02954    0.0236   0.05314 
 -0.02117   0.00678   0.02795 
 -0.00486   0.02693   0.03179 
 -0.02863   0.00874   0.03737 
 -0.00975   0.00683   0.01658 
  0.00732   0.01718   0.00986 
  0.01745   0.01314  -0.00431 
  -0.0063   0.01902   0.02532 
 -0.02242   0.00432   0.02674 
  0.01276   0.02153   0.00877 
 -0.02051  -0.01519   0.00532 
  0.03165   0.05281   0.02116 
  -0.0053   0.02458   0.02988 
  0.01044   0.04756   0.03712 
  0.01945   0.04126   0.02181 
  0.00902   0.02392    0.0149 
 -0.00956  -0.00274   0.00682 
 -0.00889   0.00586   0.01475 
  -0.0085   0.01774   0.02624 
 -0.00578   0.02064   0.02642 
 -0.01743  -0.00577   0.01166 
  0.01066   0.01286    0.0022 
  0.04095   0.05418   0.01323 
  0.00719   0.02176   0.01457 
 -0.02675  -0.00659   0.02016 
 -0.02287   0.00562   0.02849 
 -0.00693  -0.00555   0.00138 
