  0.08564   0.00493  -0.08071 
   0.1433  -0.02031  -0.16361 
  0.06858  -0.00171  -0.07029 
  0.12212   0.00139  -0.12073 
  0.08764   0.00178  -0.08586 
  0.08589   0.00435  -0.08154 
  0.07264  -0.02505  -0.09769 
  0.10273   0.01274  -0.08999 
  0.08385  -0.00485   -0.0887 
  0.09081    0.0021  -0.08871 
  0.07697   0.00099  -0.07598 
  0.09354   0.00675  -0.08679 
  0.09736  -0.00645  -0.10381 
  0.09484  -0.02436   -0.1192 
  0.07257   0.00051  -0.07206 
  0.09462  -0.00262  -0.09724 
  0.09836   0.00137  -0.09699 
  0.06562   0.00126  -0.06436 
  0.07376  -0.00926  -0.08302 
  0.07734   0.00087  -0.07647 
  0.07786   0.00023  -0.07763 
  0.06842   -0.0078  -0.07622 
  0.07516   0.00422  -0.07094 
  0.07708   0.00255  -0.07453 
  0.08371  -0.00945  -0.09316 
  0.07758   0.00499  -0.07259 
  0.12106    0.0143  -0.10676 
  0.07137  -0.00968  -0.08105 
  0.08005  -0.00408  -0.08413 
  0.10374    0.0042  -0.09954 
  0.08067   0.00296  -0.07771 
  0.08252   0.00743  -0.07509 
  0.09405   0.00712  -0.08693 
   0.0748  -0.03616  -0.11096 
  0.07786   0.00602  -0.07184 
  0.07796  -0.00025  -0.07821 
  0.10233   0.02828  -0.07405 
  0.07669   0.00072  -0.07597 
   0.0978    0.0142   -0.0836 
   0.0913   0.00566  -0.08564 
   0.0971  -0.02075  -0.11785 
  0.08359  -0.00637  -0.08996 
  0.07725  -0.01082  -0.08807 
  0.08532  -0.00085  -0.08617 
  0.06848   0.00084  -0.06764 
  0.09425  -0.00612  -0.10037 
  0.07241  -0.00611  -0.07852 
   0.0889   0.00628  -0.08262 
  0.08051  -0.00405  -0.08456 
  0.09346   -0.0007  -0.09416 
  0.08618  -0.00517  -0.09135 
  0.10425   -0.0077  -0.11195 
  0.08418  -0.00472   -0.0889 
  0.08625   0.00968  -0.07657 
  0.08205  -0.00591  -0.08796 
  0.10481  -0.00318  -0.10799 
  0.10973  -0.00628  -0.11601 
  0.09002   0.00925  -0.08077 
  0.08331  -0.00616  -0.08947 
  0.08221   0.00632  -0.07589 
  0.09244     0.016  -0.07644 
  0.11205   0.00845   -0.1036 
   0.0928   -0.0054   -0.0982 
  0.08426  -0.00273  -0.08699 
  0.09764   0.00394   -0.0937 
  0.06729   0.00118  -0.06611 
  0.09229  -0.00337  -0.09566 
  0.12058   0.00569  -0.11489 
  0.09376   0.00779  -0.08597 
  0.08768  -0.00123  -0.08891 
  0.08791   0.00843  -0.07948 
   0.1162   0.02336  -0.09284 
