 -0.02627   0.00745   0.03372 
  0.02041  -0.00332  -0.02373 
   0.0027   0.00752   0.00482 
  0.01527   0.04771   0.03244 
 -0.01603  -0.00859   0.00744 
 -0.02048   0.00022    0.0207 
  0.02207   0.06256   0.04049 
  0.01505   0.02646   0.01141 
  0.03042   0.03636   0.00594 
   -1e-05   0.01514   0.01515 
 -0.02266    0.0071   0.02976 
 -0.02706   0.01121   0.03827 
  -0.0005    0.0238    0.0243 
  0.05201    0.0759   0.02389 
  0.01037   0.02332   0.01295 
 -0.02619   0.01213   0.03832 
  0.01535   0.01083  -0.00452 
 -0.01274   0.01064   0.02338 
  -0.0109   0.03035   0.04125 
  0.00379   0.01411   0.01032 
 -0.04355  -0.00533   0.03822 
  0.00199   0.04546   0.04347 
 -0.00808   0.02096   0.02904 
 -0.01358   0.00554   0.01912 
 -0.01528   0.00433   0.01961 
 -0.00267   0.01843    0.0211 
   0.0478   0.08882   0.04102 
  0.00848    0.0185   0.01002 
 -0.01409    0.0122   0.02629 
 -0.02195  -0.00115    0.0208 
 -0.02835   0.00947   0.03782 
 -0.00394    0.0059   0.00984 
 -0.01275   0.00831   0.02106 
 -0.02283   0.01428   0.03711 
 -0.00104   0.01701   0.01805 
  -0.0167   0.01031   0.02701 
  0.02482   0.02442   -0.0004 
 -0.01235   0.03011   0.04246 
  0.01641   0.02514   0.00873 
 -0.00024   0.02472   0.02496 
 -0.00945   0.02101   0.03046 
 -0.01586   0.02185   0.03771 
 -0.02537   0.00673    0.0321 
 -0.00327   0.00072   0.00399 
  0.00852   0.03508   0.02656 
  -0.0047   0.03236   0.03706 
 -0.00835   0.00085    0.0092 
 -0.01265   0.03748   0.05013 
 -0.01325   0.02727   0.04052 
 -0.02693   0.01382   0.04075 
 -0.01353    0.0009   0.01443 
   0.0205   0.00208  -0.01842 
  0.01721    0.0171  -0.00011 
 -0.00886    0.0095   0.01836 
 -0.01406   0.01373   0.02779 
 -0.00865  -0.01496  -0.00631 
  0.00816   0.02923   0.02107 
  0.02507   0.03927    0.0142 
 -0.01767   0.02309   0.04076 
  0.02089   0.03514   0.01425 
  0.00634   0.03102   0.02468 
 -0.03221   0.01447   0.04668 
 -0.01507   0.00959   0.02466 
 -0.02073   0.00885   0.02958 
 -0.02494   0.00431   0.02925 
 -0.00032   0.00183   0.00215 
  0.00313   0.00674   0.00361 
  0.00814    -0.006  -0.01414 
 -0.00386   0.01498   0.01884 
 -0.00996    0.0128   0.02276 
 -0.00219    0.0225   0.02469 
 -0.00076   0.01103   0.01179 
