  0.01758   0.01167  -0.00591 
 -0.00766   0.01218   0.01984 
  0.00728   0.02392   0.01664 
 -0.03334  -0.00689   0.02645 
 -0.00264   0.01789   0.02053 
  -0.0187   0.00274   0.02144 
  0.00619    0.0078   0.00161 
 -0.01009   0.00176   0.01185 
  -0.0029   0.02573   0.02863 
 -0.02725   0.04793   0.07518 
  0.01507    0.0294   0.01433 
 -0.00538   0.00602    0.0114 
  0.00255   0.01337   0.01082 
 -0.00511   0.06382   0.06893 
 -0.02592  -0.00945   0.01647 
 -0.02426   0.00828   0.03254 
  0.00121   0.00866   0.00745 
 -0.01937   0.00594   0.02531 
 -0.06969   0.04352   0.11321 
 -0.01163    0.0058   0.01743 
 -0.00882   0.00955   0.01837 
  0.00388   0.02197   0.01809 
  0.00063   0.01275   0.01212 
  0.03724   0.04501   0.00777 
  0.00867   0.00486   0.00865 
  0.00908   0.03303  -0.00381 
  0.00654    0.0214   0.02395 
 -0.00718   0.00658   0.01486 
 -0.01014   0.00948   0.01376 
  0.00552   0.01125   0.01962 
  0.01186    0.0333   0.00573 
 -0.00758   0.01194   0.02144 
 -0.02289   0.00502   0.01952 
 -0.00934   0.01585   0.02791 
 -0.00766   0.00217   0.02519 
  -0.0006   0.01442   0.00983 
 -0.03537   0.02003   0.01502 
  0.00676   0.01244    0.0554 
  -0.0209    0.0156   0.00568 
    3e-05    0.0542    0.0365 
 -0.00778   0.01028   0.05417 
  0.00766   0.04028   0.01806 
    8e-05   0.01581   0.03262 
 -0.01471   0.00579   0.01573 
 -0.01339   0.00685    0.0205 
  0.00773     0.021   0.02024 
