  0.10698   0.00445  -0.10253 
   0.0978  -0.00396  -0.10176 
  0.09889   0.00089    -0.098 
  0.08431  -0.00152  -0.08583 
  0.07694  -0.00162  -0.07856 
  0.08487  -0.00173   -0.0866 
  0.09509   0.00325  -0.09184 
  0.08211  -0.01044  -0.09255 
  0.07314  -0.00125  -0.07439 
  0.08085  -0.01191  -0.09276 
  0.10063  -0.00153  -0.10216 
  0.08037   0.00047   -0.0799 
  0.07901   0.00807  -0.07094 
  0.06906  -0.00783  -0.07689 
  0.09085   0.00616  -0.08469 
  0.07347  -0.00831  -0.08178 
  0.09562  -0.00826  -0.10388 
  0.07448  -0.00364  -0.07812 
  0.09719  -0.04222  -0.13941 
  0.08042   0.00442    -0.076 
  0.08863    0.0055  -0.08313 
  0.09336   0.01239  -0.08097 
  0.08475  -0.00284  -0.08759 
  0.09077  -0.01272  -0.10349 
  0.12487   0.00326  -0.12161 
  0.11607   0.00299  -0.11308 
  0.11858  -0.00984  -0.12842 
  0.10448   -0.0005  -0.10498 
  0.09494  -0.00436   -0.0993 
  0.08364   0.00152  -0.08212 
  0.07252  -0.00138   -0.0739 
  0.08459  -0.00429  -0.08888 
  0.08028   0.00893  -0.07135 
  0.07629  -0.00356  -0.07985 
  0.09243  -0.00033  -0.09276 
  0.08689  -0.00408  -0.09097 
  0.08156  -0.00353  -0.08509 
   0.0739  -0.01266  -0.08656 
  0.08338  -0.00677  -0.09015 
  0.08993   0.00535  -0.08458 
   0.0875   0.00067  -0.08683 
   0.0914  -0.00368  -0.09508 
  0.09419   0.00713  -0.08706 
  0.07316  -0.00771  -0.08087 
  0.07842   0.00101  -0.07741 
  0.08916  -0.00114   -0.0903 
  0.10176   -0.0007  -0.10246 
