 -0.00461   0.02157   0.02618 
 -0.00391   0.01385   0.01776 
  0.00819   0.01194   0.00375 
 -0.00957   0.00697   0.01654 
 -0.01171   0.01895   0.03066 
 -0.01428  -0.00366   0.01062 
  -0.0028   0.00818   0.01098 
  -0.0081   0.01161   0.01971 
  0.02583    0.0355   0.00967 
 -0.00654   0.00312   0.00966 
  0.01962   0.02955   0.00993 
  0.00256   0.02427   0.02171 
  0.03973   0.07123    0.0315 
 -0.00273   0.01429   0.01702 
  -0.0069  -0.00391   0.00299 
 -0.00875    0.0047   0.01345 
    0.001   0.00648   0.00548 
 -0.00991   0.00371   0.01362 
  0.15251   0.18513   0.03262 
  0.00036    0.0118   0.01144 
  0.00307   0.01574   0.01267 
  0.01236   0.02085   0.00849 
 -0.02078  -0.01186   0.00892 
  0.03063   0.02617  -0.00446 
  0.01672    0.0196    0.0225 
  0.01066   0.02222   0.00288 
   0.0067   0.00972   0.01156 
  0.01194    0.0033   0.00302 
  -0.0036   0.00282  -0.00864 
  0.00164   0.00682   0.00642 
 -0.00137   0.00691   0.00518 
  0.00033    0.0114   0.00828 
 -0.00524  -0.00387   0.01107 
  0.00081   0.00927   0.00137 
  0.00508     0.008   0.00846 
  0.05919   0.07097   0.00292 
 -0.00062   0.00322   0.01178 
  0.02505   0.04063   0.00384 
  0.01597   0.00047   0.01558 
  0.01009   0.03966   -0.0155 
  0.01106    0.0108   0.02957 
  0.00644   0.02529  -0.00026 
  0.00945   0.01172   0.01885 
  0.00287   0.03502   0.00227 
   0.0145   0.00806   0.03215 
  0.00895   0.00596  -0.00644 
