  0.00431   0.02161    0.0173 
 -0.01179   0.00994   0.02173 
 -0.00462  -0.00352    0.0011 
  0.04632   0.04659   0.00027 
 -0.00067   0.01297   0.01364 
 -0.00307    0.0143   0.01737 
  0.01507   0.02909   0.01402 
  0.02744   0.01148  -0.01596 
  0.00728   0.01028     0.003 
 -0.00202   0.01679   0.01881 
  0.02304   0.03736   0.01432 
  0.11757   0.12458   0.00701 
 -0.00873   0.00294   0.01167 
  0.00975   0.01382   0.00407 
 -0.00693    0.0073   0.01423 
  -0.0025  -0.00173   0.00077 
  0.01584   0.02459   0.00875 
   0.0315   0.04987   0.01837 
 -0.02379   0.02889   0.05268 
  0.01715   0.00321  -0.01394 
  0.00012   0.01392    0.0138 
  0.03052   0.02735  -0.00317 
  0.01716   0.03695   0.01979 
  0.00283   0.00811   0.00477 
  0.00334   0.01697   0.03104 
 -0.01407   0.01122   0.01272 
  -0.0015   0.03266    0.0313 
  0.00136   0.00503   0.02498 
 -0.01995    0.0153   0.00476 
  0.01054   0.02642   0.01964 
  0.00678   0.00283  -0.00295 
  0.00578   0.02576  -0.01046 
  0.03622    0.0216   0.01224 
  0.00936   0.04085   0.04939 
 -0.00854   0.02345   0.00059 
  0.02286   0.00618    0.0038 
