  0.10181   0.00398  -0.09783 
   0.0788  -0.00591  -0.08471 
  0.10582  -0.00231  -0.10813 
  0.12996   0.00733  -0.12263 
  0.08698  -0.00259  -0.08957 
  0.09823   -0.0019  -0.10013 
  0.06289   0.00307  -0.05982 
  0.10395    0.0097  -0.09425 
  0.08395   0.00436  -0.07959 
  0.07671  -0.00085  -0.07756 
  0.10917   0.01264  -0.09653 
  0.08825   0.00062  -0.08763 
  0.09279  -0.00872  -0.10151 
  0.08005  -0.00492  -0.08497 
  0.07329   0.00568  -0.06761 
  0.07825   0.00568  -0.07257 
  0.07814   0.00256  -0.07558 
  0.08599  -0.01824  -0.10423 
  0.08606   0.00209  -0.08397 
  0.10289  -0.02485  -0.12774 
  0.09316   0.00327  -0.08989 
  0.13852  -0.00084  -0.13936 
  0.10372   0.00359  -0.10013 
  0.10733  -0.01169  -0.11902 
  0.09736   0.01584  -0.08152 
   0.0969   -0.0029   -0.0998 
    0.114  -0.00808  -0.12208 
  0.10893  -0.01449  -0.12342 
  0.09096   0.00395  -0.08701 
  0.12337   0.01053  -0.11284 
  0.12873   0.00154  -0.12719 
  0.11473  -0.01488  -0.12961 
  0.08783   0.01354  -0.07429 
   0.0996  -0.00109  -0.10069 
  0.12376  -0.00153  -0.12529 
  0.08814  -0.00188  -0.09002 
  0.11028   0.00571  -0.10457 
