  0.00552    0.0061   0.00058 
  0.01762   0.01412   -0.0035 
  0.00766   0.00511  -0.00255 
  0.04008    0.0301  -0.00998 
  0.03734   0.03965   0.00231 
  0.01311   0.01591    0.0028 
  0.01403   0.02128   0.00725 
  0.02136   0.02447   0.00311 
  0.01013   0.02103    0.0109 
  0.02059    0.0231   0.00251 
  0.04823   0.06833    0.0201 
  0.02202   0.03363   0.01161 
  0.01927   0.01782  -0.00145 
  0.00079   0.00958   0.00879 
  0.01556   0.02542   0.00986 
 -0.00388    0.0004   0.00428 
 -0.00045   0.00373   0.00418 
  0.08907   0.10546   0.01639 
  0.06908   0.06623  -0.00285 
  0.01381   0.00274  -0.01107 
  0.00668   0.01329   0.00661 
  0.03759   0.02783  -0.00976 
  0.01445   0.02943   0.01498 
  -0.0365   0.01595   0.00596 
  0.00999   0.01123   0.00182 
  0.00941   0.02494   0.00694 
    0.018   0.02342   0.01036 
  0.01306  -0.00238   0.00473 
 -0.00711   0.01695   0.00159 
  0.01536   0.01504   0.00871 
  0.00633   0.02004   0.02213 
 -0.00209   0.05902   0.00696 
  0.05206   0.01349   0.00224 
  0.01125   0.04721   0.02045 
  0.02676   0.03159  -0.00232 
  0.03391   0.00635  -0.00125 
