 -0.00832   0.01319   0.02151 
  0.04953   0.06779   0.01826 
 -0.01868   0.01388   0.03256 
  0.00917   0.02266   0.01349 
  0.02415   0.03218   0.00803 
 -0.00676   0.01966   0.02642 
  0.03431   0.04266   0.00835 
 -0.01584   0.01271   0.02855 
 -0.00957   0.01377   0.02334 
 -0.02603   0.03566   0.06169 
 -0.00176    0.0029   0.00466 
 -0.01851    0.0169   0.03541 
  0.02455    0.0288   0.00425 
 -0.00607    0.0521   0.05817 
 -0.01742   0.00645   0.02387 
  0.00308   0.01669   0.01361 
  0.07985   0.12169   0.04184 
 -0.03728   0.09127    0.0418 
  0.04947   0.00955   0.01847 
 -0.00892  -0.00079   0.01324 
 -0.01403   0.00658   0.01276 
 -0.00618   0.02821   0.02829 
 -0.03197   0.11894   0.03902 
   -8e-05   0.01917   0.01953 
  0.07992  -0.00017   0.04327 
 -0.00036   0.03661   0.02719 
 -0.02736   0.01216   0.02718 
  0.00943   0.02096   0.01767 
 -0.00551   0.02142  -0.00257 
  0.02353   0.02135   0.00455 
  0.01687   0.04207   0.01378 
  0.00757  -0.01709     9e-05 
  0.04198   0.07975   0.00701 
  -0.0241   0.02613   0.02893 
  0.05082   0.02039   0.03752 
 -0.01139   0.01227   0.00459 
   0.0158   0.10198   -0.0101 
  0.02237   0.01142   0.00558 
   0.0964   0.02729   0.00897 
