  0.07988  -0.00079  -0.08067 
  0.08767   -0.0013  -0.08897 
  0.07943   0.00141  -0.07802 
   0.0988   0.02631  -0.07249 
  0.10625  -0.00235   -0.1086 
  0.08058   0.01265  -0.06793 
  0.09542   0.00611  -0.08931 
  0.08924  -0.00318  -0.09242 
  0.07716   -0.0111  -0.08826 
  0.09533  -0.02219  -0.11752 
  0.11059  -0.00209  -0.11268 
  0.07131  -0.00659   -0.0779 
  0.08203   0.00589  -0.07614 
  0.10028   0.01118   -0.0891 
  0.08307  -0.00167  -0.08474 
  0.08691  -0.00386  -0.09077 
  0.09811   0.00901   -0.0891 
  0.09678   0.00297  -0.09381 
  0.10444   0.00657  -0.09787 
  0.10713    0.0124  -0.09473 
  0.09142  -0.00416  -0.09558 
  0.12401   0.00532  -0.11869 
  0.09678   0.00297  -0.09381 
  0.08029   0.00029     -0.08 
  0.09165   0.02841  -0.06324 
  0.10178  -0.00965  -0.11143 
   0.0983  -0.00855  -0.10685 
  0.09944   0.01346  -0.08598 
  0.10865  -0.00297  -0.11162 
  0.09961   0.00225  -0.09736 
  0.11617   0.00547   -0.1107 
  0.10021  -0.00537  -0.10558 
   0.0801   -0.0023   -0.0824 
  0.11771  -0.00153  -0.11924 
  0.11728  -0.00784  -0.12512 
  0.10401   0.00172  -0.10229 
  0.11185  -0.00695   -0.1188 
  0.11626  -0.01163  -0.12789 
  0.10335   0.00274  -0.10061 
  0.12742   0.00348  -0.12394 
  0.09891  -0.00026  -0.09917 
     0.11   0.00209  -0.10791 
