  0.00236   0.01326    0.0109 
   0.0647   0.07723   0.01253 
 -0.00988   0.01399   0.02387 
  0.12522   0.15053   0.02531 
  0.06387   0.06867    0.0048 
  0.04336   0.07946    0.0361 
  0.02846   0.03361   0.00515 
  0.01812   0.03113   0.01301 
  0.00936   0.02877   0.01941 
  0.03907   0.07516   0.03609 
  0.00859   0.01277   0.00418 
  0.01227   0.01374   0.00147 
   0.0017   0.01515   0.01345 
  0.02851   0.04872   0.02021 
  0.01187   0.03434   0.02247 
   0.0189   0.01685  -0.00205 
  0.07514   0.10706   0.03192 
   0.0039  -0.00691  -0.01081 
  0.06179   0.05524  -0.00655 
  0.04643    0.0585   0.01207 
   0.0035   0.01259   0.00909 
  0.01224   0.01551   0.00327 
   0.0039  -0.00691  -0.01081 
 -0.00272   0.03282   0.03554 
  0.09919   0.12615   0.02696 
   0.0109   0.02206   0.01116 
  0.08552   0.09479   0.00927 
  0.00092   0.03658   0.03566 
  0.02545   0.02433  -0.00112 
  0.00504   0.01635   0.01131 
  0.00678   0.01905   0.01227 
  0.03297   0.03129  -0.00168 
  0.03291   0.03013  -0.00278 
  0.03655   0.03981   0.00326 
  0.02093   0.05916   0.03823 
  0.04906   0.06156    0.0125 
  0.02122   0.02632    0.0051 
  0.07479   0.04508  -0.02971 
  0.01997   0.02131   0.00134 
   0.0375   0.05232   0.01482 
  0.02381   0.01697  -0.00684 
  0.06693   0.06901   0.00208 
