 -0.01041   0.01195   0.02236 
  0.01399   0.06421   0.05022 
 -0.01464  -0.00173   0.01291 
 -0.00913   0.01841   0.02754 
  0.03223   0.04823     0.016 
  -0.0073   0.00504   0.01234 
 -0.00769  -0.00071   0.00698 
 -0.08511  -0.03162   0.05349 
  0.01282   0.02301   0.01019 
  -0.0053   0.00304   0.00834 
  0.02658   0.03618    0.0096 
 -0.01364    0.0185   0.03214 
 -0.01295   0.01459   0.02754 
   0.0125   0.05129   0.03879 
  0.01084   0.03642   0.02558 
 -0.01691   0.01378   0.00829 
  0.01439   0.03429   0.03069 
 -0.01352   0.02318    0.0199 
 -0.00363   0.04713    0.0367 
  0.00938   0.01977   0.05076 
  0.01438   0.03614   0.01039 
 -0.01314   0.00567   0.02176 
 -0.01144   0.04032   0.01881 
 -0.01475   0.02744   0.05176 
 -0.01019   0.00861   0.04219 
 -0.01318  -0.00213    0.0188 
  0.00498   0.02912   0.01105 
  0.01511   0.03307   0.02414 
 -0.00817   0.00348   0.01796 
  0.00433   0.02042   0.01165 
  0.05255   0.09373   0.01609 
  -0.0258   0.00307   0.04118 
  0.00881   0.02511   0.02887 
 -0.00924    0.0152    0.0163 
 -0.02433   0.02937   0.02444 
  0.01112   0.03016    0.0537 
  0.03899   0.06937   0.01904 
 -0.02643  -0.00046   0.03038 
  0.04075   0.05922   0.02597 
  0.04094   0.06328   0.01847 
 -0.00681   0.00364   0.02234 
 -0.00067   0.00722   0.01045 
 -0.02722   0.01403   0.00789 
  0.00347   0.02584   0.04125 
