  0.08462     3e-05  -0.08459 
  0.06301  -0.00606  -0.06907 
  0.08293    0.0015  -0.08143 
   0.0894   0.00695  -0.08245 
  0.09293  -0.00094  -0.09387 
  0.05678     4e-05  -0.05674 
  0.07277  -0.00977  -0.17064 
  0.07531   0.00159  -0.08254 
  0.09289   0.00895  -0.07372 
  0.09543   0.01144  -0.08394 
  0.07922   0.00097  -0.08399 
  0.08831   0.00654  -0.07825 
  0.06858  -0.00507  -0.08177 
  0.07065  -0.00486  -0.07365 
  0.08671  -0.00025  -0.07551 
  0.08777  -0.01257  -0.08696 
  0.13476   0.00011  -0.10034 
  0.08928   0.00563  -0.13465 
  0.09179  -0.00408  -0.08365 
  0.11785   0.00866  -0.09587 
   0.0869  -0.00693  -0.10919 
  0.09278   0.00143  -0.09383 
  0.08784   0.00143  -0.09135 
  0.06187  -0.01337  -0.08641 
  0.07861  -0.00144  -0.07524 
  0.07974   0.00093  -0.08005 
  0.09895   0.00167  -0.07881 
  0.08675  -0.00553  -0.09728 
  0.11031   0.00463  -0.09228 
  0.07086  -0.00479  -0.10568 
  0.07449  -0.01903  -0.07565 
  0.10057   0.00626  -0.09352 
  0.07803  -0.00732  -0.09431 
  0.06114  -0.00336  -0.08535 
    0.075  -0.01377   -0.0645 
  0.11808   0.00418  -0.08877 
  0.09878  -0.00382   -0.1139 
   0.0708  -0.00481   -0.1026 
  0.11985    0.0064  -0.07561 
  0.07109   -0.0044  -0.11345 
  0.09847   0.00773  -0.07549 
  0.10896  -0.00159  -0.09074 
  0.08396  -0.00214  -0.11055 
  0.09294   0.00167   -0.0861 
