 -0.00256   0.00177   0.00433 
  0.00453   0.00451    -2e-05 
  0.00634   0.01557   0.00923 
 -0.00413   0.00824   0.01237 
 -0.00784  -0.00101   0.00683 
 -0.00182   0.01572   0.01754 
 -0.08627   -0.0381   0.04817 
  0.03878   0.03982   0.00104 
  -0.0109   0.00862   0.01952 
  0.01164   0.01873   0.00709 
  0.00308   0.01678    0.0137 
  0.03425   0.04762   0.01337 
  0.03032   0.04362    0.0133 
  0.02002   0.02553   0.00551 
  0.01004   0.00256  -0.00748 
  0.04802   0.04086  -0.00716 
  0.04466   0.05613   0.01147 
  0.00665   0.01994   0.01329 
  -0.0078   0.00179   0.00959 
  0.00316   0.02513   0.02197 
   0.0191    0.0295    0.0104 
  0.00733   0.01565   0.00832 
  0.01541   0.03191    0.0165 
  0.00339   0.01614   0.01275 
  0.02504   0.04267   0.01763 
   -4e-05   0.01156    0.0116 
 -0.00236   0.01744    0.0198 
  0.02478   0.03663   0.01185 
  0.03274   0.03342   0.00068 
   0.0086   0.01799   0.00939 
  0.03314    0.0276  -0.00554 
  0.00771    0.0487   0.04099 
  0.03129    0.0412   0.00991 
 -0.00098   0.02086   0.02184 
 -0.00107   0.01369   0.01476 
 -0.01123   0.02251   0.03374 
 -0.00071   0.04357   0.04428 
  0.02588   0.04725   0.02137 
  0.04064   0.03876  -0.00188 
  0.06373   0.06069  -0.00304 
  0.07438   0.07747   0.00309 
  0.00611   0.01153   0.00542 
   0.0095   0.00938  -0.00012 
 -0.01082   0.00804   0.01886 
 -0.00396   0.01761   0.02157 
