 -0.00177   0.01375   0.01552 
 -0.03276   0.00664    0.0394 
 -0.02967    0.0056   0.03527 
 -0.01654   0.01865   0.03519 
   -8e-05   0.01511   0.01519 
 -0.02048  -0.00524   0.01524 
  0.00103   0.02206   0.02103 
 -0.02417    0.0153   0.03947 
 -0.00744   0.03347   0.04091 
 -0.00249   0.01381    0.0163 
 -0.00772   0.00947   0.01719 
  0.00602   0.01393   0.00791 
  0.03233   0.02837  -0.00396 
 -0.01028   0.00061   0.01089 
 -0.01945     0.005   0.02445 
 -0.00398   0.01969   0.02367 
  0.00261   0.00282   0.00021 
  -0.0282   0.00717   0.03537 
  0.00681   0.04564   0.03883 
  0.01043   0.04932   0.03889 
  -0.0188   0.00757   0.02637 
  0.01599   0.05809    0.0421 
 -0.03174   0.04023   0.07197 
 -0.00813   0.01062   0.01875 
    -0.03   0.00848   0.03848 
 -0.00576   0.04006   0.04582 
  0.00046   0.05567   0.05521 
 -0.01269   0.02325   0.03594 
 -0.01687  -0.00513   0.01174 
  -0.0203   0.02047   0.04077 
 -0.00147   0.01272   0.01419 
 -0.03043  -0.00411   0.02632 
 -0.02095   0.02162   0.04257 
 -0.04388   -0.0034   0.04048 
 -0.02344    0.0128   0.03624 
  0.00681   0.02529   0.01848 
 -0.02256    0.0081   0.03066 
 -0.03214  -0.00196   0.03018 
  -0.0153     0.021    0.0363 
 -0.00954   0.00932   0.01886 
  0.01137   0.02836   0.01699 
  0.02304  -0.00508  -0.02812 
 -0.01515   0.01983   0.03498 
 -0.04824   0.00463   0.05287 
 -0.00787   0.00412   0.01199 
  0.00333   0.02686   0.02353 
   -0.013  -0.00589   0.00711 
 -0.02142   0.00823   0.02965 
 -0.00194   0.01108   0.01302 
 -0.00296   0.00145   0.00441 
 -0.01563   0.01921   0.03484 
