  0.08003  -0.00081  -0.08084 
  0.07066  -0.00093  -0.07159 
  0.07412  -0.00465  -0.07877 
  0.11396   0.01216   -0.1018 
  0.08107  -0.01127  -0.09234 
  0.07296    -7e-05  -0.07303 
  0.09451   0.00676  -0.08775 
  0.11426  -0.00313  -0.11739 
  0.11463  -0.00273  -0.11736 
  0.07393   0.00371  -0.07022 
  0.08187  -0.00084  -0.08271 
  0.07873   0.00167  -0.07706 
  0.07705  -0.00168  -0.07873 
  0.08711   0.00224  -0.08487 
   0.0643  -0.00069  -0.06499 
  0.10932   0.00327  -0.10605 
  0.09798  -0.00048  -0.09846 
  0.09314  -0.00167  -0.09481 
  0.10577   0.02141  -0.08436 
  0.12896   0.00735  -0.12161 
  0.08702  -0.00708   -0.0941 
  0.08622  -0.01223  -0.09845 
  0.07813   0.00642  -0.07171 
  0.08817   0.00392  -0.08425 
  0.05958  -0.00184  -0.06142 
   0.1227   0.00646  -0.11624 
  0.06435  -0.00273  -0.06708 
  0.09267  -0.00529  -0.09796 
  0.07674   0.00399  -0.07275 
  0.07267  -0.00339  -0.07606 
  0.07639  -0.00322  -0.07961 
  0.07146  -0.00689  -0.07835 
  0.07321  -0.00183  -0.07504 
  0.08182   0.00349  -0.07833 
  0.06659  -0.00876  -0.07535 
  0.09818    -0.003  -0.10118 
  0.08534   0.00442  -0.08092 
  0.07305  -0.00291  -0.07596 
  0.08031  -0.00315  -0.08346 
  0.08247  -0.00578  -0.08825 
  0.11491   0.02209  -0.09282 
  0.07031   0.00166  -0.06865 
  0.08424   0.00125  -0.08299 
  0.08275   0.00287  -0.07988 
  0.07337  -0.00884  -0.08221 
  0.09188    0.0019  -0.08998 
  0.08042  -0.00107  -0.08149 
  0.07993   0.00263   -0.0773 
  0.09117   0.00432  -0.08685 
  0.09059  -0.00372  -0.09431 
  0.08582  -0.00039  -0.08621 
