  0.00127   0.01026   0.00899 
 -0.00477   0.00939   0.01416 
 -0.00918   0.00185   0.01103 
 -0.00031    0.0297   0.03001 
  0.00884   0.00546  -0.00338 
 -0.00284   -0.0035  -0.00066 
 -0.00468   0.00257   0.00725 
   0.0673   0.08607   0.01877 
  0.00592   0.01893   0.01301 
 -0.00755   0.00165    0.0092 
 -0.00133   0.01443   0.01576 
  0.02167   0.02952   0.00785 
 -0.00187  -0.00369  -0.00182 
 -0.01571   0.00473   0.02044 
  0.00389   0.01311   0.00922 
 -0.01232    0.0088   0.02112 
  0.02448   0.02244  -0.00204 
 -0.00499   0.02051    0.0255 
  0.01398   0.03276   0.01878 
  0.03489   0.06611   0.03122 
  0.03676   0.05998   0.02322 
 -0.01226   0.01743   0.02969 
  0.00236   0.01762   0.01526 
 -0.00451   0.01081   0.01532 
 -0.01834   0.01488   0.03322 
  0.02731   0.03387   0.00656 
  0.00014   0.02554    0.0254 
  0.01779   0.02928   0.01149 
 -0.00314   0.00434   0.00748 
  0.00623    0.0132   0.00697 
 -0.00229   0.00478   0.00707 
  0.00695   0.01887   0.01192 
 -0.00596   0.03489   0.04085 
 -0.01664   0.01377   0.03041 
 -0.03959     0.006   0.04559 
  0.00288    0.0119   0.00902 
  0.00771   0.01703   0.00932 
 -0.00582  -0.00277   0.00305 
 -0.00661   0.00578   0.01239 
  0.00066   0.00443   0.00377 
  0.02097   0.01365  -0.00732 
   0.0052  -0.01044  -0.01564 
  0.00335   0.01392   0.01057 
 -0.00925   0.00265    0.0119 
 -0.00622   0.00613   0.01235 
  0.01465   0.02592   0.01127 
   -4e-05    0.0005   0.00054 
 -0.00593   0.00046   0.00639 
  0.00276   0.01267   0.00991 
 -0.00064  -0.00071    -7e-05 
 -0.01429   0.00961    0.0239 
