  0.06903   0.08589   0.01686 
  0.03152    0.0544   0.02288 
 -0.00014   0.03203   0.03217 
  0.00405   0.02719   0.02314 
 -0.00784   0.01002   0.01786 
 -0.01829   0.01378   0.03207 
 -0.03838   0.00818   0.04656 
  0.00063   0.01443    0.0138 
  -0.0205   0.03201   0.05251 
 -0.00713   0.01041   0.01754 
 -0.01263  -0.01222   0.00041 
  0.00129  -0.00669  -0.00798 
  0.01007    0.0269   0.01683 
  0.02219   0.03419     0.012 
 -0.02032   0.01192   0.03224 
    5e-05   0.01878   0.01873 
  0.00153   0.01834   0.01681 
  0.01128   0.02873   0.01745 
 -0.02785   0.01651   0.04436 
  0.00063   0.01578   0.01515 
  0.00386   0.02899   0.02513 
  0.00644   0.02586   0.01942 
  0.00489   0.02749    0.0226 
 -0.00752   0.02739   0.03491 
  0.04049   0.03925  -0.00124 
  -0.0003  -0.00117  -0.00087 
  0.00386   0.02899   0.02513 
 -0.00689   0.01064   0.01753 
  0.03336   0.04473   0.01137 
 -0.00039   0.04708   0.04747 
  0.01928   0.06438    0.0451 
  0.04645   0.02858  -0.01787 
  0.03194   0.04999   0.01805 
  0.02603   0.05127   0.02524 
