  0.06049  -0.00876  -0.06925 
  0.11317   0.00594  -0.10723 
  0.13083  -0.00151  -0.13234 
  0.09104  -0.00054  -0.09158 
  0.07132  -0.00033  -0.07165 
  0.08364   -0.0026  -0.08624 
  0.08916  -0.00794   -0.0971 
  0.08545  -0.00876  -0.09421 
  0.08041     4e-05  -0.08037 
  0.09633   0.00526  -0.09107 
  0.07977  -0.00731  -0.08708 
  0.10514   0.00059  -0.10455 
   0.0971  -0.01299  -0.11009 
  0.09051  -0.00533  -0.09584 
  0.10043   0.00215  -0.09828 
  0.11085  -0.02509  -0.13594 
  0.09275   0.00181  -0.09094 
  0.12174   -0.0013  -0.12304 
   0.0906   0.00281  -0.08779 
  0.09643  -0.00074  -0.09717 
  0.10399   0.00466  -0.09933 
  0.11756  -0.00168  -0.11924 
  0.10061   0.00043  -0.10018 
  0.09179  -0.00069  -0.09248 
  0.08805   0.01054  -0.07751 
  0.09403   -0.0037  -0.09773 
  0.10399   0.00466  -0.09933 
  0.07692   0.00046  -0.07646 
  0.09611   0.00036  -0.09575 
  0.12305  -0.00779  -0.13084 
  0.10968    0.0234  -0.08628 
  0.11922   0.01559  -0.10363 
  0.11211  -0.00456  -0.11667 
  0.10508   -0.0161  -0.12118 
