  0.03514   0.05592   0.02078 
   0.0545   0.04393  -0.01057 
  0.02249   0.04262   0.02013 
  -0.0044   0.00657   0.01097 
  0.01764   0.01761    -3e-05 
  0.01876   0.01008  -0.00868 
 -0.01106   0.02416   0.03522 
 -0.00817   0.01391   0.02208 
   0.0116   0.03889   0.02729 
  -0.0025  -0.00108   0.00142 
  0.00213  -0.00884  -0.01097 
  -0.0063   0.00379   0.01009 
  0.06161   0.06974   0.00813 
  0.01444   0.01742   0.00298 
  0.00692   0.02277   0.01585 
  0.01289   0.02593   0.01304 
  0.02524   0.02524         0 
  0.01898   0.01699  -0.00199 
 -0.01462   0.00912   0.02374 
  0.01413   0.02838   0.01425 
  0.00419   0.01647   0.01228 
  0.02367   0.03391   0.01024 
  0.00066   0.01496    0.0143 
  0.02438   0.02129  -0.00309 
  0.07713   0.07391  -0.00322 
  -0.0045  -0.00216   0.00234 
  0.00419   0.01647   0.01228 
  0.01643   0.02671   0.01028 
  0.03458   0.03916   0.00458 
  0.03148   0.03059  -0.00089 
  0.00074   0.02254    0.0218 
  0.03857    0.0226  -0.01597 
  0.00535   0.03642   0.00461 
