  0.01321   0.01717   0.00396 
 -0.00831   0.04331   0.05162 
 -0.00824   0.00688   0.01512 
  0.00626   0.03675   0.03049 
 -0.02312   0.03325   0.05637 
  -0.0242   0.00416   0.02836 
 -0.02141   0.00739    0.0288 
  0.00603   0.03473    0.0287 
 -0.00122   0.03863   0.03985 
 -0.00529   0.02063   0.02592 
 -0.02215  -0.00876   0.01339 
  0.00576   0.01599   0.01023 
  0.03927   0.04713   0.00786 
 -0.00754   0.00777   0.01531 
  0.03086   0.04395   0.01309 
  0.04142   0.06249   0.02107 
 -0.00339   0.01138   0.01477 
  0.03406   0.07106     0.037 
  0.01548   0.01442  -0.00106 
  0.00776   0.03961   0.03185 
  0.01314   0.03385   0.02071 
  0.02713   0.02188  -0.00525 
 -0.01551  -0.00256   0.01295 
  0.01408   0.03996   0.02588 
 -0.00635    0.0015   0.00785 
  0.02003   0.03605   0.01602 
  0.01698   0.02623   0.00925 
  0.00177   0.02422   0.02245 
 -0.01766   0.00469   0.02235 
 -0.00764   0.04613   0.05377 
 -0.01267    0.0019   0.01457 
  0.03211   0.04492   0.01281 
   0.0195   0.04577   0.02627 
 -0.02297   0.00484   0.02781 
  0.02557   0.06542   0.03985 
 -0.00463   0.00475   0.00938 
 -0.00592    0.0263   0.03222 
  0.00425   0.02477   0.02052 
