    0.083  -0.02469  -0.10769 
  0.08421  -0.01119   -0.0954 
  0.09311   0.00223  -0.09088 
  0.13046  -0.00576  -0.13622 
  0.06497    -0.005  -0.06997 
  0.07279   0.00117  -0.07162 
  0.11224   0.00482  -0.10742 
  0.09465  -0.01609  -0.11074 
  0.08045   0.00276  -0.07769 
  0.13678   0.00568   -0.1311 
  0.11147  -0.01495  -0.12642 
  0.10328   0.00392  -0.09936 
  0.10709   0.00695  -0.10014 
  0.09742   0.00117  -0.09625 
  0.08805  -0.00209  -0.09014 
  0.10851   0.02158  -0.08693 
  0.09879   0.00602  -0.09277 
  0.06569  -0.00865  -0.07434 
  0.10191  -0.00062  -0.10253 
  0.11034   0.00271  -0.10763 
  0.09005   0.01058  -0.07947 
  0.11967  -0.00415  -0.12382 
  0.08153   0.00259  -0.07894 
  0.10494  -0.00138  -0.10632 
  0.08195   0.00037  -0.08158 
  0.11361  -0.00524  -0.11885 
  0.08732   0.01611  -0.07121 
  0.08219   0.00085  -0.08134 
  0.12023   0.00169  -0.11944 
  0.09318  -0.00517  -0.11854 
  0.12335   0.00874  -0.09835 
  0.09655   0.00532  -0.11461 
  0.08382  -0.00048  -0.09123 
  0.11488   0.02662   -0.0843 
   0.0984  -0.00049  -0.08826 
   0.1004   0.00235  -0.09889 
  0.07549  -0.00014  -0.09805 
