   0.0245   0.02868   0.00418 
  0.01828   0.03363   0.01535 
  0.00691   0.00849   0.00158 
  0.02989   0.04913   0.01924 
 -0.00856   0.02369   0.03225 
 -0.00838   0.00553   0.01391 
  0.01821   0.03543   0.01722 
  0.00528   0.02973   0.02445 
  0.01685   0.01705    0.0002 
  0.01269   0.04158   0.02889 
  0.00691   0.01447   0.00756 
  0.05772   0.06544   0.00772 
   0.0123   0.01371   0.00141 
 -0.01138  -0.00407   0.00731 
  0.00089   -0.0039  -0.00479 
  0.03599   0.03416  -0.00183 
  0.02856   0.02282  -0.00574 
  0.04543   0.05329   0.00786 
  0.03013   0.02306  -0.00707 
 -0.00026   0.02875   0.02901 
  0.02172    0.0398   0.01808 
  0.00755   0.01633   0.00878 
  0.00242   0.00619   0.00377 
  0.00224      0.03   0.02776 
  0.00139   0.00804   0.00665 
  0.02659    0.0445   0.01791 
   0.0495   0.03275  -0.01675 
  0.01289   0.02321   0.01032 
  0.00938  -0.00455  -0.01393 
  0.01894   0.04669   0.02775 
  0.00122   0.00979   0.00857 
 -0.00321   0.01155   0.01476 
  0.03819    0.0548   0.01661 
 -0.01164  -0.00176   0.00988 
   0.0532   0.05308  -0.00012 
  0.01117   0.02009   0.00892 
  0.00776   0.02967   0.02191 
  0.00515   0.01682   0.01167 
