 -0.01062  -0.00014   0.01048 
 -0.01111   0.01782   0.02893 
 -0.01714   0.02519   0.04233 
 -0.01062     0.008   0.01862 
  0.01092   0.03113   0.02021 
   0.0165   0.02809   0.01159 
  0.01497   0.03591   0.02094 
  0.02427   0.03218   0.00791 
  0.02441   0.04114   0.01673 
  0.06681   0.07709   0.01028 
  0.02825   0.04296   0.01471 
   0.0115   0.03762   0.02612 
  0.02884   0.04373   0.01489 
  0.02299   0.05308   0.03009 
  0.03126   0.10774   0.07648 
 -0.03203   0.01671   0.04874 
  0.02088   0.03971   0.01883 
 -0.03253   0.01123   0.04376 
  0.01894   0.03458   0.01564 
 -0.00492  -0.00481   0.00011 
  0.00433   0.03018   0.02585 
  0.02501   0.05254   0.02753 
  0.03498   0.09178    0.0568 
  0.00466   0.02926    0.0246 
  0.02483   0.05611   0.03128 
 -0.01738   0.00574   0.02312 
 -0.02198   0.01416   0.03614 
  0.00746   0.02764   0.02018 
  0.01276   0.04442   0.03166 
  0.05548   0.06375   0.00827 
 -0.05669   0.03922   0.09591 
 -0.01313   0.01187     0.025 
  0.08297   0.10646   0.02349 
  0.00794    0.0087   0.00076 
  0.02238   0.06299   0.04061 
 -0.01134   0.02061   0.03195 
  0.01548   0.09489   0.07941 
 -0.00471   0.02287   0.02758 
 -0.01763   0.01508   0.03271 
  0.00812   0.02062    0.0125 
 -0.00459    0.0404   0.04499 
 -0.00074   0.02547   0.02621 
 -0.00434    0.0139   0.01824 
  0.00294   0.01992   0.01698 
  0.01397   0.03793   0.02396 
  0.02437   0.04177    0.0174 
  0.01767   0.05997    0.0423 
