  0.07262   0.00453  -0.06809 
  0.09778   0.00216  -0.09562 
  0.07711   0.00299  -0.07412 
  0.07124  -0.01159  -0.08283 
   0.1206   0.00229  -0.11831 
  0.08545   0.00231  -0.08314 
  0.11215   0.00923  -0.10292 
   0.1284   0.01619  -0.11221 
  0.09043   0.00505  -0.08538 
  0.10256  -0.00557  -0.10813 
   0.0804  -0.00248  -0.08288 
  0.10128   0.01098   -0.0903 
  0.14521   0.01097  -0.13424 
  0.09212   0.00355  -0.08857 
  0.06733   0.00935  -0.05798 
  0.10445  -0.00863  -0.11308 
  0.08566  -0.01197  -0.09763 
  0.09423  -0.00583  -0.10006 
  0.14889   0.01245  -0.13644 
  0.10721  -0.02308  -0.13029 
  0.12102   0.01121  -0.10981 
  0.10356    0.0054  -0.09816 
  0.10093  -0.01273  -0.11366 
  0.08948   0.00803  -0.08145 
  0.09484  -0.01776   -0.1126 
  0.08268  -0.00346  -0.08614 
  0.07972   0.00525  -0.07447 
  0.09772  -0.00263  -0.10035 
  0.10084   0.00846  -0.09238 
  0.09852    0.0121  -0.08642 
  0.10751    0.0017  -0.10581 
  0.09054    -0.005  -0.09554 
   0.0991   -0.0426   -0.1417 
  0.07254   -0.0111  -0.08364 
  0.10595   0.00529  -0.10066 
  0.07755  -0.00896  -0.08651 
  0.11031  -0.05374  -0.16405 
  0.10307   0.01198  -0.09109 
  0.11388    -5e-05  -0.11393 
  0.09136   0.00076   -0.0906 
  0.08881  -0.00803  -0.09684 
  0.11186    0.0012  -0.11066 
  0.10403   0.01154  -0.09249 
  0.08436  -0.00928  -0.09364 
  0.09733  -0.00356  -0.10089 
  0.12763  -0.00227   -0.1299 
  0.12292  -0.00155  -0.12447 
