 -0.01414   0.00268   0.01682 
 -0.00336    0.0116   0.01496 
  0.00657   0.03807    0.0315 
 -0.00323   0.00432   0.00755 
  0.02252   0.01173  -0.01079 
  0.04832   0.04709  -0.00123 
  0.05322   0.06185   0.00863 
  0.09208   0.09677   0.00469 
  0.03888   0.04144   0.00256 
   0.0665   0.07242   0.00592 
   0.0058   0.01736   0.01156 
  0.03688   0.03625  -0.00063 
  0.02874   0.02463  -0.00411 
  0.03749   0.03191  -0.00558 
  0.01665    0.0387   0.02205 
  0.00565   0.02359   0.01794 
  0.01129  -0.01845  -0.02974 
  0.01707   0.02319   0.00612 
  0.04478   0.04355  -0.00123 
  0.24403   0.25894   0.01491 
  0.03801   0.03923   0.00122 
   0.0184   0.02544   0.00704 
  0.04489   0.06294   0.01805 
    0.006   0.02813   0.02213 
   0.0239   0.03292   0.00902 
  0.04924   0.04207  -0.00717 
   0.0039   0.00875   0.00485 
 -0.00088   0.01724   0.01812 
 -0.00452   0.02042   0.02494 
  0.05974   0.05835  -0.00139 
   0.0125   0.01671   0.00421 
 -0.00235   0.00625    0.0086 
  0.05835   0.08559   0.02724 
  0.01059   0.01521   0.00462 
   0.0529   0.06049   0.00759 
  0.00163    0.0137   0.01207 
 -0.00432   0.06223   0.06655 
  0.04974   0.04584   -0.0039 
  0.01693   0.03658   0.01965 
 -0.04024  -0.01216   0.02808 
  0.00655   0.01347   0.00692 
  0.04099   0.03899    -0.002 
  0.02233   0.02019  -0.00214 
  0.04813   0.05876   0.01063 
  0.03416   0.03851   0.00435 
  0.05393   0.04814  -0.00579 
  0.01065  -0.00171  -0.01236 
