 -0.02422   0.01459   0.03881 
  0.00838   0.01856   0.01018 
 -0.01015   0.00751   0.01766 
  0.05125   0.06983   0.01858 
  0.01231   0.04227   0.02996 
  0.01099   0.03652   0.04752 
  0.01052   0.01777   0.02553 
  0.03084   0.05343   0.00725 
 -0.02624    0.0431   0.02259 
  0.01018   0.04531   0.06934 
 -0.01746   0.01128   0.03513 
 -0.01255   0.01698   0.02874 
  0.00133   0.01776   0.02953 
  0.04299   0.06147   0.01643 
 -0.02429   0.01793   0.01848 
  0.03155   0.04377   0.04222 
  0.01775    0.0435   0.01222 
  -0.0108   0.01745   0.02575 
 -0.00048   0.01918   0.02825 
  0.00355   0.02155   0.01966 
  0.02062    0.0463     0.018 
 -0.01293   0.02731   0.02568 
  0.05792    0.0889   0.04024 
  0.05034   0.16119   0.03098 
   0.0287   0.04445   0.11085 
 -0.00368   0.02592   0.01575 
 -0.00382   0.03096    0.0296 
    0.002   0.01762   0.03478 
  -0.0224   0.00972   0.01562 
   0.0506   0.06152   0.03212 
 -0.03078   0.00232   0.01092 
  0.00677    0.0111    0.0331 
  -0.0208   0.01205   0.00433 
 -0.01343  -0.00225   0.03285 
 -0.03341   0.01383   0.01118 
  0.00425   0.03568   0.04724 
 -0.00057   0.00151   0.03143 
 -0.01636   0.01452   0.00208 
 -0.00784   0.01471   0.03088 
 -0.02877   0.01206   0.02255 
 -0.01531   0.00582   0.04083 
 -0.01443   0.00452   0.02113 
    0.003   0.02417   0.01895 
 -0.01918    0.0058   0.02117 
 -0.00455   0.00182   0.02498 
  0.02642   0.04715   0.00637 
  0.01303   0.02802   0.02073 
  0.00042   0.01006   0.01499 
 -0.03897   0.06342   0.00964 
 -0.03443   0.00959   0.10239 
 -0.01898   0.02983   0.04402 
