   0.0977   0.00076  -0.09694 
  0.10605   0.00892  -0.09713 
  0.11883  -0.00336  -0.12219 
   0.1704   0.02322  -0.14718 
  0.13681   0.02665  -0.11016 
  0.09743   0.00654  -0.09089 
  0.10985  -0.00558  -0.11543 
  0.09932  -0.00177  -0.10109 
  0.11524  -0.00877  -0.12401 
  0.08155    0.0039  -0.07765 
  0.13568   0.00489  -0.13079 
  0.08984   0.00199  -0.08785 
  0.07482   0.00134  -0.07348 
  0.10654   0.00147  -0.10507 
  0.08145  -0.00183  -0.08328 
  0.07482   0.00134  -0.07348 
  0.14151  -0.01654  -0.15805 
  0.09743   0.00144  -0.09599 
  0.10268   0.00678   -0.0959 
  0.10871   0.00763  -0.10108 
  0.08401   0.00035  -0.08366 
  0.09779   0.00094  -0.09685 
  0.07982  -0.00792  -0.08774 
  0.11283  -0.01431  -0.12714 
  0.11819   0.00597  -0.11222 
  0.10164   0.00046  -0.10118 
  0.11264  -0.01021  -0.12285 
  0.09404  -0.00108  -0.09512 
  0.10901  -0.01774  -0.12675 
  0.13756   0.00775  -0.12981 
   0.0941   0.00532  -0.08878 
  0.05734  -0.00104  -0.05838 
   0.0895    0.0094   -0.0801 
  0.12217  -0.01172  -0.13389 
   0.1023   0.00794  -0.09436 
  0.09216   0.00743  -0.08473 
  0.08545  -0.00184  -0.08729 
  0.11073  -0.00558  -0.11631 
  0.07202   0.00332   -0.0687 
   0.0829  -0.00113  -0.08403 
  0.10515   0.00113  -0.10402 
  0.09472   0.00164  -0.09308 
  0.10732   0.01479  -0.09253 
  0.08757   0.00663  -0.08094 
   0.0846   0.01004  -0.07456 
  0.08057   0.00333  -0.07724 
  0.06383  -0.00388  -0.06771 
  0.09365  -0.00195   -0.0956 
  0.10913  -0.00815  -0.11728 
  0.08856  -0.00543  -0.09399 
  0.08699   0.00254  -0.08445 
  0.08845  -0.00101  -0.08946 
