   0.0098   0.00359  -0.00621 
  0.00283   0.01128   0.00845 
 -0.02197  -0.00776   0.01421 
  0.05109   0.04869   -0.0024 
  0.04446   0.06647   0.02201 
  0.07937    0.0807   0.00133 
  0.03203   0.02996  -0.00207 
   0.0358   0.02687  -0.00893 
  0.02572   0.03429   0.00857 
  0.06002   0.07978   0.01976 
  0.01872   0.04764   0.02892 
  0.01341   0.02734   0.01393 
   0.0287   0.03062   0.00192 
  0.04423   0.05009   0.00586 
 -0.00193   0.01161   0.01354 
  0.02749   0.02941   0.00192 
  0.04878   0.05394   0.00516 
 -0.00793   0.01516   0.02309 
  0.01144   0.01392   0.00248 
  0.00132   0.00773   0.00641 
  0.00547   0.01652   0.01105 
  0.03691   0.05003   0.01312 
  0.02169   0.03063   0.00894 
  0.06469   0.05903  -0.00566 
  0.08083   0.13851   0.05768 
  0.10185   0.09982  -0.00203 
  0.00906   0.01622   0.00716 
  0.01593    0.0265   0.01057 
 -0.02711  -0.00446   0.02265 
  0.06566   0.09525   0.02959 
  0.03164   0.06424    0.0326 
  0.03517   0.00086  -0.03431 
  0.01583   0.01073   -0.0051 
  0.00509   0.01409     0.009 
    5e-05   0.00143   0.00138 
 -0.00174   0.01808   0.01982 
  0.00591    0.0184   0.01249 
 -0.00261  -0.00098   0.00163 
  0.00861     0.009   0.00039 
 -0.01561    0.0023   0.01791 
 -0.00878   0.01189   0.02067 
  0.00499   0.01503   0.01004 
  0.00345    0.0046   0.00115 
  0.00514   0.00597   0.00083 
   0.0137   0.01186  -0.00184 
 -0.00505   0.00114   0.00619 
  0.00853   0.01656   0.00803 
  0.01677   0.02773   0.01096 
  0.02161   0.02484   0.00323 
  0.00818   0.06693   0.05875 
  0.02861   0.05391    0.0253 
  0.01448   0.01937   0.00489 
