 -0.01139   0.05111    0.0625 
  0.02256   0.09327   0.07071 
  -0.0498   0.09079   0.14059 
  -0.0638   0.02831   0.09211 
 -0.03894    0.1045   0.14344 
 -0.16931   0.06706   0.23637 
   0.0593   0.18439   0.12509 
  0.03631   0.11517   0.07886 
  0.00648   0.07079   0.06431 
 -0.05399   0.14475   0.19874 
  0.02938   0.12142   0.03844 
  -0.0701    0.0514   0.09204 
  0.02203   0.13882    0.1215 
  0.02613   0.11111   0.11679 
 -0.03684   0.04409   0.08498 
 -0.02531   0.03576   0.08093 
 -0.02737   0.08724    0.1211 
  0.03906   0.10075   0.06107 
  0.04847    0.1491   0.11461 
  0.16711    0.2121   0.06169 
 -0.01828   0.04865   0.10063 
 -0.01393  -0.00375   0.04499 
 -0.02459   0.09862   0.06693 
  0.01221   0.07929   0.01018 
  0.02405   0.08044   0.10388 
  0.03614   0.12213   0.06823 
  -0.0145    0.1065   0.09808 
  0.12953   0.05837   0.07036 
  0.07793   0.20759   0.11228 
  0.01364   0.22993   0.07287 
 -0.06897   0.09755   0.07806 
   0.0476   0.19422     0.152 
 -0.06286   0.25297   0.08391 
  0.09799   0.10152   0.26319 
 -0.01042   0.16639   0.20537 
 -0.03325     0.013   0.16438 
 -0.00877   0.00879    0.0684 
 -0.04623    0.1323   0.02342 
   0.0729    0.0861   0.04204 
  0.00547   0.12507   0.14107 
   0.0056   0.10173   0.13233 
  0.01029   0.13586   0.05217 
  0.03514   0.12984   0.09626 
  0.02605    0.1311   0.13026 
 -0.05233   0.17323   0.11955 
  0.02239   0.02519   0.09596 
