  0.16327   0.01043  -0.15284 
  0.13081   0.02672  -0.10409 
  0.20476   0.04516   -0.1596 
  0.08777     0.009  -0.07877 
  0.14378   0.03437  -0.10941 
  0.11449   0.00775  -0.10674 
  0.10912  -0.00423  -0.11335 
  0.08083    0.0052  -0.07563 
  0.12918   0.03605  -0.09313 
  0.10782   0.01012   -0.0977 
  0.23546   0.05278  -0.18268 
  0.08855  -0.00049  -0.08904 
  0.11162   0.00797  -0.10365 
   0.1422   0.00326  -0.13894 
  0.21683   0.05657  -0.16026 
  0.08223  -0.00199  -0.08422 
   0.0835     1e-05  -0.08349 
  0.07452  -0.00591  -0.08043 
  0.07741  -0.00854  -0.08595 
  0.09216  -0.00198  -0.09414 
  0.13826   0.01053  -0.12773 
  0.08854   0.00445  -0.08409 
  0.07649   -0.0042  -0.08069 
  0.10301   0.00897  -0.09404 
  0.10044   0.00603  -0.09441 
  0.13542   0.02053  -0.11489 
  0.10586   0.00878  -0.09708 
  0.08491  -0.00027  -0.08518 
    0.115   0.00068  -0.11432 
  0.13022   0.02825  -0.10197 
  0.06573   0.00162  -0.06411 
  0.13932   0.04987  -0.08945 
  0.08787   0.00389  -0.08398 
  0.10715   0.03621  -0.07094 
  0.17699   0.04659   -0.1304 
  0.15744   0.02726  -0.13018 
  0.09528   0.01002  -0.08526 
  0.10575  -0.00249  -0.10824 
  0.10322   0.00884  -0.09438 
  0.17668   0.08774  -0.08894 
  0.09013    0.0063  -0.08383 
  0.08808  -0.00396  -0.09204 
  0.07647   0.00432  -0.07215 
  0.17633   0.02322  -0.15311 
  0.08855   0.00778  -0.08077 
  0.27329   0.13537  -0.13792 
  0.11137  -0.00702  -0.11839 
  0.08908   0.00314  -0.08594 
  0.13492    0.0076  -0.12732 
