  0.10048   0.11814   0.01766 
  0.06096   0.10845   0.04749 
  0.00155   0.06591   0.06436 
  0.01811   0.02984   0.01173 
 -0.02762   0.13394   0.16156 
 -0.05429   0.03293   0.08722 
  0.00145   0.07013   0.06868 
 -0.00328   0.04058   0.04386 
  0.05853   0.16779   0.10926 
  0.22321   0.27286   0.04965 
  0.03486   0.03494     8e-05 
  0.19873   0.22568   0.02695 
  0.05179   0.09755   0.04576 
  0.17192   0.26011   0.04549 
  0.00726   0.06547   0.08819 
  0.02271   0.12856   0.05821 
  0.00216   0.08679   0.10585 
  0.08447   0.16645   0.08463 
  0.02705   0.03762   0.08198 
 -0.00558    0.0973   0.01057 
  0.11983   0.18859   0.10288 
 -0.03367   0.05099   0.06876 
  0.08408   0.05597   0.08466 
  0.06235   0.11115  -0.02811 
  0.02351   0.07498    0.0488 
  0.06916   0.08785   0.05147 
  0.03107   0.11781   0.01869 
  0.02662   0.04002   0.08674 
  0.05514   0.11919    0.0134 
  0.03943    0.0764   0.06405 
  0.07484   0.17992   0.03697 
  0.19895   0.20915   0.10508 
  0.07277   0.09772    0.0102 
  0.01756   0.19612   0.02495 
  0.11202   0.07739   0.17856 
  0.05686   0.04482   0.02053 
 -0.01397   0.02287   0.05879 
  0.00996   0.04935   0.01291 
  0.01403   0.11818   0.03532 
  0.01723   0.06578   0.10095 
  0.00801   0.16286   0.05777 
   0.1061   0.08013   0.05676 
  0.01163   0.09559    0.0685 
 -0.02022   0.14474   0.11581 
  0.05437    0.0575   0.09037 
  0.05102   0.14143   0.00648 
 -0.00974   0.17096   0.15117 
  0.07986   0.04461    0.0911 
