  0.14773   0.15138   0.00365 
  0.02112   0.03629   0.01517 
  0.01765   0.04812   0.03047 
 -0.03702   0.01485   0.05187 
  0.00701    0.0171   0.01009 
 -0.01399   0.06054   0.07453 
  0.03599   0.08157   0.04558 
 -0.01851   0.02152   0.04003 
  0.01753   0.03558   0.01805 
 -0.02207   0.01752   0.03959 
  0.01928   0.04802   0.02874 
  0.02056   0.04456     0.024 
   0.0126   0.02045   0.00785 
  -0.0072  -0.00656   0.00064 
  0.06552   0.08772    0.0222 
 -0.04254   0.00853   0.05107 
  0.04442   0.07994   0.03552 
  0.00301     0.015   0.01199 
 -0.00095   0.00702   0.00797 
 -0.01244   0.02504   0.03748 
 -0.00807   0.00599   0.01406 
  0.03822   0.04246   0.00424 
 -0.01143    0.0185   0.02993 
 -0.00817   0.01167   0.01984 
  0.03049   0.03814   0.00765 
  0.02212   0.04933   0.02721 
  0.01115  -0.00683  -0.01798 
 -0.01007   0.02274   0.03281 
  -0.0203  -0.01634   0.00396 
   0.0037   0.05178   0.04808 
  -0.0134   0.01966   0.03306 
  0.03006   0.05171   0.02165 
 -0.01683   0.01024   0.02707 
  0.09956   0.17354   0.07398 
  0.03706   0.05432   0.01726 
 -0.00022   0.01668    0.0169 
 -0.02987   0.02628   0.05615 
  0.03105   0.04248   0.01143 
 -0.03572   0.03183   0.06755 
  0.00902    0.0329   0.02388 
 -0.01035   0.01922   0.02957 
 -0.01876    0.0178   0.03656 
  0.00185   0.02657   0.02472 
 -0.00451   0.04138   0.04589 
  0.03219   0.07292   0.04073 
 -0.01007   0.00651   0.01658 
 -0.01863  -0.00675   0.01188 
  0.02313   0.05621   0.03308 
  -0.0048   0.02161   0.02641 
 -0.01094   0.00047   0.01141 
