  0.14941    0.0179  -0.13151 
  0.12511   0.00042  -0.12469 
  0.16143  -0.00293  -0.16436 
   0.0904  -0.00273  -0.09313 
  0.10802   -0.0005  -0.10852 
  0.07253  -0.00475  -0.07728 
  0.10533  -0.01486  -0.12019 
  0.11066   0.00817  -0.10249 
  0.06477  -0.00067  -0.06544 
  0.11842   0.02104  -0.09738 
  0.06039  -0.00584  -0.06623 
  0.14111  -0.00321  -0.14432 
  0.09234   0.00489  -0.08745 
  0.11034  -0.00315  -0.11349 
  0.07639  -0.00217  -0.07856 
  0.07311   0.00125  -0.07186 
   0.0608   0.00112  -0.05968 
  0.13042   0.02946  -0.10096 
  0.13413   0.00985  -0.12428 
  0.10339  -0.00629  -0.10968 
  0.09694   0.00415  -0.09279 
  0.06285   0.00248  -0.06037 
  0.14413   0.00233   -0.1418 
  0.07539   0.00392  -0.07147 
  0.08549  -0.00399  -0.08948 
  0.09406   0.01301  -0.08105 
  0.10977   0.00449  -0.10528 
  0.11353  -0.00567   -0.1192 
  0.07539   0.00392  -0.07147 
  0.11721   0.01162  -0.10559 
   0.0807  -0.01244  -0.09314 
  0.08866   0.00074  -0.08792 
  0.10803   0.00859  -0.09944 
  0.07386  -0.00266  -0.07652 
  0.08893   0.01314  -0.07579 
  0.11137   0.01561  -0.09576 
  0.09529   0.01019   -0.0851 
   0.1055    0.0047   -0.1008 
  0.07686   0.01117  -0.06569 
  0.11102     9e-05  -0.11093 
  0.08841  -0.00293  -0.09134 
  0.07941    0.0034  -0.07601 
  0.08465  -0.00812  -0.09277 
  0.07947   0.00629  -0.07318 
  0.05652   0.00271  -0.05381 
   0.0802   0.01419  -0.06601 
  0.11101   0.00498  -0.10603 
  0.12984   -0.0097  -0.13954 
  0.10823    0.0045  -0.10373 
  0.09341   0.01147  -0.08194 
  0.07401    0.0078  -0.06621 
