  0.13192    0.1354   0.00348 
   0.0367    0.0301   -0.0066 
  0.00992   0.02895   0.01903 
  0.00896   0.03128   0.02232 
 -0.00156   0.00022   0.00178 
  0.02713   0.08316   0.01272 
  0.07044   0.01945   0.02164 
 -0.00219    0.0395   0.00879 
  0.03071   0.00969    0.0117 
 -0.00201   0.06023    0.0055 
  0.05473  -0.00061   0.00775 
 -0.00836   0.03901   0.01272 
  0.02629   0.02376     0.026 
   0.0383   0.04246  -0.01454 
  0.01739   0.00532   0.02507 
 -0.01839   0.04091   0.02371 
  0.00495   0.02522   0.03596 
  0.02322    0.0867     0.002 
  0.07459   0.02271   0.01211 
  0.01241   0.02463    0.0103 
  0.01106   0.08929   0.01357 
  0.07455   0.01854   0.01474 
 -0.00257   0.02319   0.02111 
   0.0017   0.03392   0.02149 
  0.02061   0.04688   0.01331 
  0.04255   0.00765   0.00433 
  0.01504   0.00196  -0.00739 
 -0.02344  -0.00681    0.0254 
 -0.00779   0.03522   0.00098 
  0.00977   0.01676   0.02545 
 -0.00284   0.03755    0.0196 
  0.15936  -0.00606  -0.00103 
  0.03858   0.15064   0.01346 
 -0.01952   0.02848   0.05768 
  0.09296   0.02354   0.00694 
  0.02154   0.08118    0.0251 
 -0.00156   -0.0001   0.01019 
  0.07099   0.04888  -0.00241 
  0.00231    0.0121   0.10849 
 -0.05961   0.02377   0.00634 
  0.00576   0.04678    0.0125 
  0.01127   0.05492   0.01968 
   0.0271   0.01688   0.01442 
   0.0405   0.06858   0.03298 
  -0.0161   0.01655   0.00919 
  0.05939    0.0207   0.00735 
   0.0092   0.08933    0.0061 
   0.0146    0.0154   0.00484 
  0.08449   0.01218   0.01663 
