 -0.00696   0.01391   0.02087 
  0.03376   0.03817   0.00441 
  0.00795   0.01372   0.00577 
  0.05419   0.08276   0.02857 
  0.03695   0.06604   0.02909 
  0.01873   0.03007   0.01134 
  0.06948   0.08765   0.01817 
 -0.00092   0.03367   0.03459 
 -0.01099   0.00391    0.0149 
  0.01393   0.01499   0.00106 
  0.00743   0.01421   0.00678 
  0.03097   0.04909   0.01812 
  0.07357   0.08985   0.01628 
  0.00538   0.01844   0.01306 
  0.01358    0.0625   0.04892 
  0.01616   0.01506   -0.0011 
  0.03875   0.05381   0.01506 
  0.01138   0.02682   0.01544 
  0.05406   0.08014   0.02608 
  0.00218   0.00355   0.00137 
   0.0009   0.01668   0.01578 
  0.04618   0.04868    0.0025 
  0.04012   0.05847   0.01835 
  0.01252   0.05863   0.04611 
  0.01195   0.01299   0.00104 
  0.11543   0.12677   0.01134 
 -0.03387  -0.00054   0.03333 
  0.05509   0.05599    0.0009 
 -0.00254   0.02621   0.02875 
  0.07243   0.09135   0.01892 
   0.0444   0.05653   0.01213 
  0.01584   0.02896   0.01312 
  0.03681   0.06115   0.02434 
  -0.0111    0.0007    0.0118 
  0.00325   0.00807   0.00482 
  0.00956   0.04789   0.03833 
  0.03826   0.10175   0.06349 
  0.03255   0.02226  -0.01029 
  0.07407   0.07041  -0.00366 
  0.08872     0.096   0.00728 
  0.01992   0.04598   0.02606 
 -0.01089   0.03792   0.04881 
 -0.01833   0.02179   0.04012 
  0.05308   0.07394   0.02086 
  0.05527   0.06644   0.01117 
  0.02991   0.04768   0.01777 
  0.04441   0.06163   0.01722 
 -0.01634    0.0153   0.03164 
  0.01737    0.0294   0.01203 
  0.00062   0.02201   0.02139 
 -0.00972   0.01648    0.0262 
