   0.1052   0.00287  -0.10233 
   0.1058  -0.00488  -0.11068 
  0.11897   0.00726  -0.11171 
  0.14735  -0.00592  -0.15327 
  0.10471  -0.00793  -0.11264 
  0.10551   -0.0009  -0.10641 
  0.17713   0.05398  -0.12315 
  0.17033   0.03821  -0.13212 
  0.11024   0.00757  -0.10267 
  0.07949  -0.00183  -0.08132 
  0.06516  -0.00239  -0.06755 
  0.10521   0.00803  -0.09718 
  0.07701  -0.00106  -0.07807 
  0.07065  -0.01747  -0.08812 
  0.08658  -0.01001  -0.09659 
  0.09162  -0.00509  -0.09671 
  0.11777   0.00411  -0.11366 
  0.11608  -0.00023  -0.11631 
  0.08441  -0.00015  -0.08456 
  0.07503   0.00403    -0.071 
  0.09516  -0.00294   -0.0981 
  0.10693  -0.00047   -0.1074 
  0.07704  -0.03689  -0.11393 
  0.08024  -0.01593  -0.09617 
  0.08367  -0.00426  -0.08793 
  0.08475   -0.0073  -0.09205 
  0.08099  -0.00587  -0.08686 
  0.07564   0.00194   -0.0737 
   0.0897   0.00572  -0.08398 
  0.09881    0.0096  -0.08921 
   0.0895   0.01601  -0.07349 
  0.12287    0.0142  -0.10867 
  0.09659   0.00283  -0.09376 
  0.13696    0.0096  -0.12736 
  0.10167  -0.00688  -0.10855 
  0.06171   0.00211   -0.0596 
  0.14856   0.04878  -0.09978 
  0.07135  -0.00384  -0.07519 
  0.14886   0.04015  -0.10871 
  0.13221   0.01445  -0.11776 
  0.10604   0.00826  -0.09778 
  0.07864  -0.01915  -0.09779 
  0.13106   0.02987  -0.10119 
  0.13292   0.00556  -0.12736 
  0.08358   0.00116  -0.08242 
  0.12694     0.012  -0.11494 
  0.10124  -0.00033  -0.10157 
  0.06831  -0.01425  -0.08256 
  0.07802   0.01404  -0.06398 
  0.12089   0.00291  -0.11798 
  0.08668  -0.00503  -0.09171 
