  0.01322   0.01206  -0.00116 
  0.03228   0.03055  -0.00173 
  0.00456   0.01584   0.01128 
  0.11127   0.10302  -0.00825 
  0.02449   0.03289    0.0084 
   0.0582   0.05139  -0.00681 
 -0.01565    0.0212   0.03685 
  -0.0035   0.00732   0.01082 
 -0.00297   0.01433    0.0173 
 -0.00412   0.00299   0.00711 
  0.01344    0.0197   0.00626 
  0.01351    0.0156   0.00209 
  0.05992   0.08214   0.02222 
  0.00381   0.00814   0.00433 
  0.06205   0.06944   0.00739 
   0.0357   0.03452  -0.00118 
  0.00811   0.00303  -0.00508 
  0.03455   0.04162   0.00707 
  0.01285   0.01762   0.00477 
  0.02208   0.03194   0.00986 
  0.00626   0.01481   0.00855 
  0.02439    0.0306   0.00621 
  0.05162   0.05373   0.00211 
 -0.00099   0.02007   0.02106 
  0.00397   0.01383   0.00986 
  0.11169   0.12227   0.01058 
 -0.00439    0.0155   0.01989 
  0.04275   0.05209   0.00934 
  0.00626   0.01927   0.01301 
  0.04516   0.08022   0.03506 
  0.06375    0.0699   0.00615 
 -0.00845   0.00126   0.00971 
   0.0295    0.0491    0.0196 
  0.02711   0.00809  -0.01902 
  0.02318    0.0183  -0.00488 
  0.09377    0.1175   0.02373 
  0.07418   0.10206   0.02788 
  0.02124   0.02008  -0.00116 
  0.02345     0.034   0.01055 
  0.05862    0.0624   0.00378 
  0.03706   0.05971   0.02265 
  0.03325   0.05643   0.02318 
  0.04755   0.06588   0.01833 
  0.06506   0.06809   0.00303 
   0.0012   0.01942   0.01822 
  0.01992   0.00991  -0.01001 
   0.0235   0.02417   0.00067 
  0.01494   0.02228   0.00734 
 -0.00169    0.0054   0.00709 
  0.01213   0.02254   0.01041 
  -0.0007   0.00417   0.00487 
