 -0.01205  -0.00093   0.01112 
 -0.01944   0.00499   0.02443 
   0.0127   0.05812   0.04542 
  0.01358   0.04555   0.03197 
  0.03449   0.07752   0.04303 
  0.02389    0.0309   0.00701 
   -0.006   0.00105   0.00705 
  0.03688   0.04627   0.00939 
 -0.00815    0.0475   0.05565 
   0.0546   0.04815  -0.00645 
   0.0221   0.03329   0.01119 
  0.02738   0.04332   0.01594 
  0.00742   0.02002    0.0126 
  0.04551   0.05743   0.01192 
  0.02981   0.01969  -0.01012 
  0.03959   0.03636  -0.00323 
 -0.00071   0.00493   0.00564 
  0.00613   0.02776   0.02163 
 -0.00657   0.00587   0.01244 
  0.05832   0.06057   0.00225 
   -5e-05   0.00976   0.00981 
  0.00411   0.03589   0.03178 
 -0.00912   0.02848    0.0376 
  0.00136  -0.00859  -0.00995 
 -0.00949   0.01088   0.02037 
 -0.00906   0.02827   0.03733 
  0.02091   0.05354   0.03263 
  0.04499    0.0552   0.01021 
 -0.01904  -0.00312   0.01592 
  -0.0113   0.02392   0.03522 
  0.00594   0.04114    0.0352 
  0.01736   0.05583   0.03847 
  0.02064  -0.00675  -0.02739 
   0.0381   0.04249   0.00439 
  0.00116   0.01013   0.00897 
  0.04004   0.03765  -0.00239 
 -0.02158   0.01864   0.04022 
  0.02738   0.04257   0.01519 
  0.04336    0.0721   0.02874 
  0.02552   0.05691   0.03139 
 -0.01486  -0.00254   0.01232 
 -0.01394   0.00821   0.02215 
 -0.00298   0.01948   0.02246 
  0.01496   0.05274   0.03778 
 -0.02272   0.01086   0.03358 
  0.03136   0.06498   0.03362 
  -0.0096   0.00424   0.01384 
 -0.01375  -0.00347   0.01028 
  0.11721   0.12633   0.00912 
 -0.00744  -0.00513   0.00231 
