  0.07997  -0.01209  -0.09206 
  0.11827  -0.00172  -0.11999 
  0.11195   0.00287  -0.10908 
  0.12674  -0.04301  -0.16975 
  0.10385  -0.01125   -0.1151 
  0.13019  -0.00449  -0.13468 
  0.10223   0.00109  -0.10114 
  0.11736  -0.00479  -0.12215 
  0.12567   0.00625  -0.11942 
  0.12352   -0.0006  -0.12412 
  0.08702  -0.01231  -0.09933 
  0.14257   0.00964  -0.13293 
  0.08929   0.00993  -0.07936 
  0.12639   0.00904  -0.11735 
  0.10986   0.01173  -0.09813 
  0.12082   0.00397  -0.11685 
  0.08642  -0.00575  -0.09217 
  0.11053   0.00986  -0.10067 
  0.09992  -0.00136  -0.10128 
  0.13603    0.0249  -0.11113 
  0.09639  -0.00756  -0.10395 
  0.11361   0.00546  -0.10815 
  0.09981   0.00498  -0.09483 
  0.09199  -0.00899  -0.10098 
  0.08673   0.00733   -0.0794 
  0.08615   0.00397  -0.08218 
  0.12815   0.01945   -0.1087 
  0.09343  -0.00105  -0.09448 
  0.07696  -0.01254   -0.0895 
  0.09114  -0.00686    -0.098 
  0.07319  -0.01109  -0.08428 
  0.11159  -0.00094  -0.11253 
  0.13699  -0.00458  -0.14157 
  0.11113   0.01068  -0.10045 
  0.09809   0.00169   -0.0964 
  0.11905   0.01009  -0.10896 
  0.11512  -0.00892  -0.12404 
  0.11078   0.01091  -0.09987 
   0.0982  -0.00474  -0.10294 
  0.11433   0.01141  -0.10292 
  0.11792  -0.01035  -0.12827 
  0.08328  -0.01121  -0.09449 
  0.10936  -0.00194   -0.1113 
  0.11644   -0.0266  -0.14304 
  0.10718  -0.00115  -0.10833 
   0.1428   0.02675  -0.11605 
  0.13151  -0.00331  -0.13482 
  0.08211   0.00884  -0.07327 
  0.15336  -0.00318  -0.15654 
  0.09697    0.0071  -0.08987 
