  0.00334   0.00707   0.00373 
  0.00191   -0.0102  -0.01211 
  0.00649   0.02663   0.02014 
  0.04505   0.06215    0.0171 
 -0.00099  -0.00178  -0.00079 
  0.10295   0.06421  -0.03874 
  0.01503   0.05553    0.0405 
   0.0381   0.10017   0.06207 
  0.02341   0.02473   0.00132 
  0.10072   0.11421   0.01349 
   0.0531   0.04742  -0.00568 
   0.0454   0.03883  -0.00657 
  0.01768   0.02248    0.0048 
 -0.01356   0.01962   0.03318 
  0.05823   0.07634   0.01811 
  0.04619   0.07353   0.02734 
  0.01144   0.00796  -0.00348 
  0.00051   0.00823   0.00772 
  0.02042   0.01703  -0.00339 
  0.06224   0.08024     0.018 
  0.03178   0.04141   0.00963 
  0.03777   0.08588   0.04811 
  0.04997   0.07189   0.02192 
 -0.01202   0.02015   0.03217 
  0.00489   0.02426   0.01937 
  0.00451   0.01516   0.01065 
  0.02473   0.04322   0.01849 
  0.02013   0.03862   0.01849 
 -0.00369   0.01063   0.01432 
  0.03211   0.06265   0.03054 
  0.02466   0.02825   0.00359 
  0.05274   0.05098  -0.00176 
 -0.01569  -0.00461   0.01108 
  0.01356   0.03823   0.02467 
  0.03512   0.02776  -0.00736 
   0.0067   0.00476  -0.00194 
  0.02251   0.04487   0.02236 
   0.0758   0.09187   0.01607 
  0.00738    0.0238   0.01642 
  0.00941    0.0402   0.03079 
  -0.0022   0.02068   0.02288 
  0.00221   0.00097  -0.00124 
  0.00408  -0.01318  -0.01726 
  0.08186   0.09043   0.00857 
  0.01786   0.03076    0.0129 
  0.04477    0.0291  -0.01567 
  0.01171   0.01886   0.00715 
  0.00759    0.0365   0.02891 
  0.00677   0.00955   0.00278 
 -0.00414   0.00419   0.00833 
