   0.0384   0.02817  -0.01023 
  0.02412   0.04646   0.02234 
  0.01178   0.01031  -0.00147 
  0.02004   0.04354    0.0235 
  0.01682   0.03502    0.0182 
  0.00686   0.00358  -0.00328 
  0.00473   0.01635   0.01162 
  0.02587   0.01979  -0.00608 
   0.0391   0.03355  -0.00555 
  0.01972   0.02296   0.00324 
 -0.01365   0.01727   0.03092 
 -0.01486  -0.01886    -0.004 
 -0.01501  -0.00688   0.00813 
 -0.01444   0.01305   0.02749 
 -0.00951   0.00757   0.01708 
 -0.00503  -0.00491   0.00012 
  0.00376   0.01313   0.00937 
  0.02883   0.03021   0.00138 
 -0.01265   0.01243   0.02508 
  0.02237   0.02138  -0.00099 
  0.03066   0.01422  -0.01644 
  0.00661   0.00456  -0.00205 
   0.0029   0.00684   0.00394 
 -0.03458  -0.01883   0.01575 
  0.03364   0.03803   0.00439 
  0.02092   0.03225   0.01133 
 -0.02126   0.01204    0.0333 
  0.03008    0.0294  -0.00068 
 -0.01019   0.00792   0.01811 
 -0.01647  -0.00069   0.01578 
  0.00239   0.00829    0.0059 
 -0.01321   0.00024   0.01345 
   0.0061   0.01291   0.00681 
  0.06591   0.06694   0.00103 
    0.048   0.04901   0.00101 
  0.02058   0.02082   0.00024 
 -0.00574   0.00259   0.00833 
  -0.0047   0.00066   0.00536 
  0.00436   0.01505   0.01069 
 -0.00138   0.00495   0.00633 
  0.00842   0.02944   0.01261 
