  0.12597   0.01767   -0.1083 
  0.09787   0.01253  -0.08534 
  0.10416   0.00227  -0.10189 
  0.11468  -0.02588  -0.14056 
  0.09323   0.00635  -0.08688 
  0.08413  -0.00169  -0.08582 
  0.08641  -0.00313  -0.08954 
  0.09812   0.01088  -0.08724 
  0.09318  -0.01647  -0.10965 
  0.12024   0.00183  -0.11841 
  0.11329  -0.00021   -0.1135 
  0.08654  -0.00937  -0.09591 
   0.0882  -0.00573  -0.09393 
  0.12518   0.00391  -0.12127 
  0.09091  -0.00356  -0.09447 
  0.09277   0.01426  -0.07851 
   0.0758    -0.007   -0.0828 
   0.0942  -0.00431  -0.09851 
  0.09731   -0.0121  -0.10941 
  0.08266   0.00858  -0.07408 
   0.0895   0.00079  -0.08871 
  0.08641   0.00275  -0.08366 
  0.09443  -0.00727   -0.1017 
  0.09827   0.03238  -0.09284 
  0.12522  -0.00111  -0.13102 
  0.12991  -0.01096  -0.09306 
   0.0821  -0.01155  -0.08106 
  0.06951   -0.0025  -0.08755 
  0.08505   0.00157  -0.08366 
  0.08523   0.01364  -0.10302 
  0.11666   0.00776  -0.07475 
  0.08251   0.00265  -0.08537 
  0.08802  -0.00971  -0.13471 
    0.125   0.00264  -0.10109 
  0.10373   0.01767  -0.07019 
  0.08786   0.00223  -0.09943 
  0.10166   0.01024  -0.08862 
  0.09886   0.01605  -0.10157 
  0.11762  -0.00335  -0.12342 
  0.12007  -0.01324   -0.1088 
