 -0.01406   0.04114    0.0064 
 -0.00727  -0.00766   0.01221 
  0.02591   0.00494   0.02526 
  0.01886   0.05117    0.0145 
 -0.00081   0.03336   0.00078 
  0.01095    -3e-05   0.00339 
  0.00439   0.01434   0.00665 
  0.04105   0.01104  -0.00048 
  0.01833   0.04057  -0.00038 
 -0.00691   0.01795   0.01097 
  0.00714   0.00406  -0.00434 
  0.00816    0.0028  -0.01155 
  0.04365  -0.00339  -0.01644 
 -0.01462   0.02721   0.00921 
   0.0131  -0.00541  -0.00103 
  -0.0043   0.01207   0.01168 
  0.00763   0.00738   0.01093 
  0.00397   0.01856   0.01826 
 -0.00067   0.02223   0.00064 
  0.03843    -3e-05   0.01662 
   -8e-05   0.05505   0.01347 
  0.00804   0.01339   0.00698 
  0.00995   0.01502   0.00333 
  0.05511   0.01328   0.00018 
  0.02639   0.05529   0.01304 
 -0.01101   0.03943   0.01298 
  0.01355   0.00197   0.00521 
  0.00021   0.01876   0.03577 
  0.00429   0.03598   0.00266 
 -0.00939   0.00695   0.02862 
  0.01557   0.01923   0.01231 
  0.01907   0.02788    0.0019 
  0.03431   0.02097     0.003 
  0.00286   0.03731   0.02998 
  0.01072   0.03284   0.00587 
 -0.00994   0.01659  -0.00968 
 -0.00068  -0.01962   0.00409 
  0.00307   0.00341   0.01116 
  0.01246   0.01423  -0.00625 
  0.00995   0.00621   0.00672 
