  0.04308   0.05496   0.01188 
  0.01758   0.05452   0.03694 
  0.01195   0.00723  -0.00472 
 -0.02634   0.00087   0.02721 
 -0.00408   0.01671   0.02079 
  0.00786    0.0145   0.00664 
 -0.00901   0.01239    0.0214 
  0.00093   0.02239   0.02146 
 -0.00501   0.00579    0.0108 
  -0.0263  -0.00108   0.02522 
   0.0271   0.03987   0.01277 
  0.04194   0.04613   0.00419 
  0.04516   0.03175  -0.01341 
 -0.01758   -0.0028   0.01478 
  0.00647   0.01422   0.00775 
  0.01743   0.03798   0.02055 
 -0.01553  -0.00164   0.01389 
  0.00707   0.06672   0.05965 
 -0.03189   0.02302   0.05491 
 -0.02492   0.02032   0.00966 
 -0.00286    0.0463   0.04524 
  0.07426   0.10893   0.04916 
  0.07575   0.12094   0.03467 
 -0.00933   0.01205   0.04519 
 -0.00155   0.00796   0.02138 
   0.0062   0.00835   0.00951 
  0.06618   0.08856   0.00215 
  0.03464   0.03484   0.02238 
 -0.00716   0.02702    0.0002 
 -0.02416  -0.00701   0.03418 
  0.00142   0.02558   0.01715 
  -0.0041   0.01143   0.02416 
  0.01347   0.01962   0.01553 
  0.02398   0.04902   0.00615 
 -0.00158   0.01269   0.02504 
   0.0001   0.00952   0.01427 
   0.0369   0.04406   0.00942 
  0.02156   0.02611   0.00716 
 -0.00464   0.00434   0.00455 
 -0.02946   0.04752   0.00898 
  0.03883    0.0649   0.07698 
  0.00667   0.01982   0.02607 
  0.00736   0.01635   0.01315 
  0.00804   0.02502   0.00899 
  0.02617    0.0338   0.01698 
 -0.00347   0.02469   0.00763 
  0.05665   0.08524   0.02816 
  0.01873   0.03698   0.02859 
    0.005    0.0232   0.01825 
