  0.08066   0.00218  -0.07848 
  0.09753   0.00277  -0.09476 
  0.09028  -0.01229  -0.10257 
   0.0946  -0.01279  -0.10739 
  0.07007  -0.01219  -0.08226 
  0.08227  -0.01322  -0.09549 
  0.11351   0.00564  -0.10787 
  0.06895  -0.00927  -0.07822 
  0.07901  -0.01624  -0.09525 
  0.13668   0.00931  -0.12737 
  0.08579  -0.00973  -0.09552 
  0.13431   0.03875  -0.09556 
  0.10636   0.00597  -0.10039 
  0.07862  -0.01027  -0.08889 
  0.08036   0.00061  -0.07975 
  0.09178   0.01018   -0.0816 
  0.10508   0.00723  -0.09785 
  0.11661  -0.00577  -0.12238 
  0.13166  -0.06048  -0.19214 
  0.12483   0.03906  -0.08577 
  0.15126   0.03335  -0.11791 
  0.10196   0.00678  -0.09518 
  0.10755  -0.00617  -0.11372 
  0.08733  -0.00099  -0.08832 
  0.12644  -0.01102  -0.13746 
  0.10444  -0.00243  -0.10687 
  0.07805  -0.00581  -0.08386 
  0.11736    0.0128  -0.10456 
   0.0991  -0.00079  -0.09989 
  0.08352  -0.01169  -0.09521 
  0.08006   0.00058  -0.07948 
  0.10353   0.00637  -0.09716 
   0.1003   -0.0025   -0.1028 
  0.09326  -0.00481  -0.09807 
    0.097  -0.00315  -0.10015 
  0.09201  -0.00274  -0.09475 
   0.0953  -0.00307  -0.09837 
  0.15272   0.00962   -0.1431 
  0.09885  -0.01354  -0.11239 
   0.0979   -0.0061    -0.104 
  0.07112  -0.01966  -0.09078 
    0.133   0.03515  -0.09785 
   0.0908  -0.00367  -0.09447 
  0.11854  -0.00411  -0.12265 
  0.09872  -0.00273  -0.10145 
  0.07025  -0.01373  -0.08398 
   0.0937  -0.00718  -0.10088 
  0.10439   0.01225  -0.09214 
  0.11011  -0.01026  -0.12037 
  0.10719  -0.00409  -0.11128 
