  0.03001   0.04261    0.0126 
 -0.02157   0.02502   0.04659 
 -0.00574   0.00266    0.0084 
 -0.01048   0.00285   0.01333 
  0.01441   0.02155   0.00714 
 -0.00861  -0.00529   0.00332 
  0.02484   0.01006  -0.01478 
  0.02215   0.01811  -0.00404 
 -0.00643  -0.01248  -0.00605 
  0.00901   0.02407   0.01506 
  0.04542  -0.00609  -0.05151 
  0.04272   0.03025  -0.01247 
 -0.01061   0.00336   0.01397 
  0.02277   0.02968   0.00691 
  0.01749    0.0157  -0.00179 
 -0.00973   0.05406   0.06379 
  0.01558   0.05193   0.03635 
  0.04733   0.05411   0.00678 
  0.04255   0.10404   0.06149 
  0.06438    0.0931   0.02872 
  0.04013   0.08037   0.04024 
  0.01917    0.0284   0.00923 
  0.00962   0.02345   0.01383 
  0.01128   0.01615   0.00487 
 -0.01878  -0.00657   0.01221 
  0.00147   0.00416   0.00269 
  0.18471   0.19456   0.00985 
  0.01778   0.03167   0.01389 
 -0.02078  -0.01089   0.00989 
  0.00737   0.02249   0.01512 
  0.05793   0.06515   0.00722 
  0.00665   0.02758   0.02093 
  0.01239   0.00413  -0.00826 
  0.00221   0.02764   0.02543 
  0.02659   0.04482   0.01823 
 -0.00552    -5e-05   0.00547 
  0.01062   0.02587   0.01525 
  0.03536   0.04365   0.00829 
  0.00356   0.00355    -1e-05 
  0.05767   0.05351  -0.00416 
  0.05004   0.08197   0.03193 
 -0.00097   0.01664   0.01761 
  0.02102   0.03007   0.00905 
  0.01581   0.02604   0.01023 
 -0.00748   0.01966   0.02714 
 -0.00135   0.02426   0.02561 
  0.08156   0.06991  -0.01165 
  0.02922   0.04404   0.01482 
   0.0185   0.02175   0.00325 
