  0.07148   0.17601   0.10453 
 -0.04759   0.20763   0.25522 
 -0.19724   0.10434   0.30158 
  0.03254   0.20523   0.17269 
  0.04543   0.21046   0.16503 
 -0.04888   0.06374   0.11262 
  0.02173   0.08034   0.05861 
 -0.11969   0.04844   0.16813 
 -0.01717   0.09911   0.11628 
  0.05677     0.206   0.14923 
 -0.12083   0.07157    0.1924 
 -0.15388   0.12522   0.05286 
  0.17982   0.12253   0.27641 
  0.13225   0.23508   0.05526 
 -0.04327   0.20343   0.07118 
  0.09294   0.05995   0.10322 
  0.04789   0.21476   0.12182 
  0.02772   0.10073   0.02738 
  0.03503   0.17695   0.05284 
 -0.13695   0.10065   0.05927 
  -0.0501    0.0375   0.20187 
 -0.05931   0.06684   0.14923 
 -0.03865   0.18122   0.06562 
  0.03984    0.0651   0.17445 
  0.15829   0.12702   0.11694 
  -0.0322   0.20009   0.24053 
  0.09507   0.02496   0.03998 
  0.02912   0.14767   0.10375 
  0.02318   0.14754   0.08718 
 -0.08634   0.15877   0.23156 
  -0.0382   0.12153    0.0418 
  0.01589   0.18746   0.17993 
 -0.01666   0.14091   0.07984 
  0.09696   0.06399   0.05716 
  0.03192   0.15192    0.0526 
 -0.01169   0.12224   0.11842 
 -0.07588    0.1282   0.11073 
  0.00999   0.05555   0.13559 
  0.04833   0.20838   0.20787 
  0.02718    0.1818   0.29536 
  0.06032   0.18838   0.22566 
  0.12875   0.13682   0.12502 
 -0.09258   0.18649    0.0728 
 -0.00542   0.05101   0.08065 
 -0.07801   0.04493   0.05496 
 -0.14684    0.0811   0.09032 
  0.03963   0.07898   0.11076 
