  0.10997  -0.01236  -0.12233 
   0.1046   0.01124  -0.09336 
  0.07786  -0.00504   -0.0829 
  0.09307  -0.00521  -0.09828 
  0.12957    0.0094  -0.12017 
  0.09243   0.00543    -0.087 
  0.12722    0.0125  -0.11472 
  0.10589  -0.02357  -0.12946 
  0.09828   0.00867  -0.08961 
    0.098   0.00174  -0.09626 
  0.07937    0.0136  -0.06577 
  0.09984   0.00747  -0.09237 
  0.12757   0.00889  -0.11868 
   0.1023   0.00762  -0.09468 
  0.09235  -0.00202  -0.09437 
  0.11016   0.00743  -0.10273 
  0.12861   0.02454  -0.10407 
   0.1138   0.02625  -0.08755 
  0.09817   0.00343  -0.09474 
  0.08703     0.007  -0.08003 
  0.09438  -0.00304  -0.09742 
  0.08354   0.00131  -0.08223 
  0.11077   0.01183  -0.09894 
  0.12881   0.02082  -0.10799 
  0.09229  -0.00119  -0.09348 
  0.09895  -0.00251  -0.10146 
   0.1307   0.03638  -0.09432 
  0.11383   0.00547  -0.10836 
  0.08691   0.00012  -0.08679 
  0.11509   0.00902  -0.10607 
  0.12592   0.02409  -0.10183 
  0.09374  -0.01055  -0.10429 
   0.1115   0.01953  -0.09197 
  0.08947   0.00627  -0.12286 
  0.12384   0.01173   -0.0832 
   0.0958  -0.00484  -0.11211 
  0.09325   0.00659  -0.10064 
  0.09899   0.00891  -0.08666 
  0.09532  -0.00343  -0.09008 
  0.13377   0.02864  -0.09875 
  0.11613   0.02175  -0.10513 
  0.10577   0.00768  -0.09438 
  0.13786   0.00954  -0.09809 
  0.08214   0.00506  -0.12832 
  0.14476   0.01967  -0.07708 
  0.08958  -0.00909  -0.12509 
   0.1125    0.0079  -0.09867 
  0.10294  -0.01153   -0.1046 
  0.10359   0.00978  -0.11447 
  0.09258   -0.0047  -0.09381 
  0.10054   0.01061  -0.09728 
  0.08554   -0.0055  -0.08993 
  0.11455   0.02183  -0.09104 
  0.13085   0.02832  -0.09272 
  0.10278   0.00697  -0.10253 
  0.09922  -0.00265  -0.09581 
  0.09306   0.00406  -0.10187 
  0.09111   0.00657    -0.089 
  0.14688   0.01072  -0.08454 
  0.10022   0.01211  -0.13616 
