   -0.064   0.17811   0.26267 
 -0.05534   0.09799    0.2597 
 -0.05637   0.13128   0.15168 
 -0.00271   0.04971   0.24211 
 -0.00165   0.18233   0.18662 
 -0.12406   0.09231   0.10608 
 -0.01626   0.08438   0.09502 
  0.09275   0.06951   0.08603 
 -0.05077   0.14236   0.19357 
 -0.01168   0.11991   0.13617 
 -0.07744   0.32325    0.2305 
  -0.0539   0.05446   0.10523 
   0.0158   0.14377   0.15545 
 -0.10544   0.10414   0.18158 
  0.07802   0.14306   0.19696 
 -0.05737   0.20163   0.18583 
  0.08886   0.10392   0.20936 
 -0.16258   0.27999   0.20197 
 -0.07921   0.17466   0.23203 
 -0.02802   0.17217   0.00675 
 -0.07751   0.09561     0.239 
 -0.02233   0.07642   0.12621 
   0.1823     0.047   0.19095 
 -0.07135   0.17359   0.20161 
 -0.06392   0.08032   0.15783 
 -0.05596   0.06808   0.09041 
 -0.02717   0.23753   0.05523 
  -0.0812   0.11226   0.18361 
  0.07603   0.05047   0.11439 
  0.05736   0.10287   0.15883 
 -0.03396   0.10673    0.1339 
 -0.10067    0.1527   0.23326 
 -0.08212   0.15206   0.10967 
 -0.22535    0.1857   0.13713 
 -0.09715   0.09184   0.12741 
  0.01745   0.19449   0.27101 
   0.0921   0.09345    0.1827 
 -0.03662   0.17034     0.292 
 -0.00282   0.10058   0.20591 
 -0.30076   0.06665   0.17017 
 -0.12843   0.10876   0.11785 
 -0.02632   0.06991   0.16863 
  0.01559   0.18762   0.15238 
 -0.01749   0.20995   0.13142 
 -0.00907   0.17956   0.32272 
