  0.06929   0.14124   0.07195 
  0.13226   0.27048   0.13822 
  0.04315   0.13005    0.0869 
  0.06459   0.30712   0.24253 
   -0.013   0.05548   0.06848 
  0.02919   0.08294   0.05375 
 -0.07488   0.12199   0.19687 
  0.10759   0.09821    0.0376 
 -0.00979   0.14519   0.03881 
 -0.05141   0.02902   0.08617 
 -0.09478   0.03476    0.1747 
  0.11238   0.07992   -0.0137 
   0.0628   0.09868   0.08884 
  0.14974   0.15164   0.03516 
 -0.02478    0.1849   0.04412 
  0.03659   0.01934   0.08725 
  0.02421    0.1505   0.11391 
 -0.10202   0.15286   0.12865 
 -0.04344   0.06535   0.16737 
 -0.05469   0.11978   0.16322 
 -0.21558   0.13846   0.10902 
  0.01476   0.05433   0.40288 
  0.05484    0.1873   0.10397 
  0.02819   0.11873   0.04814 
  -0.0709   0.10298   0.16086 
  0.05954   0.18905   0.18067 
  0.06773   0.28801   0.09651 
  0.01515   0.10977    0.0747 
    3e-05   0.15605   0.04591 
 -0.00576   0.14243   0.01214 
 -0.00815   0.06106   0.11856 
  0.11528   0.01217   0.02764 
  0.01369   0.02188   0.06046 
  0.01894   0.05231   0.06598 
 -0.05126   0.18126   0.09822 
  0.03672   0.11191   0.08549 
  0.10149   0.10443   0.17575 
  0.02847   0.12449   0.01587 
 -0.15009   0.05259   0.13706 
  0.00384   0.23855    0.1225 
 -0.03037   0.14461   0.20086 
  0.03738   0.04138   0.12493 
    0.025   0.15097   0.15265 
 -0.02459   0.05077   0.21822 
 -0.14062   0.12877   0.11947 
 -0.14941    0.0891   0.06989 
  0.01132   0.10727   0.17422 
 -0.09489   0.28742   0.18618 
  0.08158   0.19922   0.27292 
  0.05918   0.16159   0.21758 
