  0.12222    0.0163  -0.10592 
  0.12232    0.0105  -0.11182 
  0.12811   0.01176  -0.11635 
   0.0753  -0.00058  -0.07588 
  0.10515   0.01069  -0.09446 
    0.133   0.01429  -0.11871 
  0.11025   0.03146  -0.07879 
  0.11587  -0.02941  -0.14528 
  0.10261   0.00812  -0.09449 
  0.11242   0.01859  -0.09383 
  0.09895    0.0044  -0.09455 
  0.12359  -0.01076  -0.13435 
  0.10455   0.01736  -0.08719 
  0.10242  -0.00714  -0.10956 
  0.10431   0.01645  -0.08786 
  0.12105   0.00863  -0.11242 
  0.11709   0.01147  -0.10562 
  0.10517   0.01267   -0.0925 
  0.13576   0.03281  -0.10295 
  0.12533   0.02626  -0.09907 
  0.12178    0.0342  -0.08758 
  0.11259   0.00353  -0.10906 
  0.10496   0.01239  -0.09257 
  0.09479    0.0099  -0.08489 
  0.09612   0.01568  -0.08044 
  0.09925   -0.0034  -0.10265 
  0.10936  -0.00043  -0.10979 
  0.10937   0.00254  -0.10683 
  0.14701  -0.00584  -0.15285 
  0.09345   0.00785   -0.0856 
  0.09621   0.01639  -0.07982 
  0.11284   0.02239  -0.09045 
  0.07838  -0.00395  -0.08233 
  0.08292  -0.00449  -0.08741 
  0.10749   0.01205  -0.09544 
  0.11038  -0.00173  -0.11211 
  0.10896   0.04035  -0.06861 
  0.11615   0.00551  -0.11064 
  0.08626   0.00856   -0.0777 
  0.11096   0.01347  -0.09749 
  0.11465  -0.00851  -0.12316 
  0.09212   0.00644  -0.08568 
  0.17565    0.0582  -0.11745 
  0.14499   0.00281  -0.14218 
  0.16323   0.04979  -0.11344 
  0.10902   0.02377  -0.08525 
  0.08944   0.01603  -0.07341 
  0.11324   0.03492  -0.07832 
  0.08241   0.01228  -0.07013 
  0.08695  -0.00642  -0.09337 
  0.11599   0.01418  -0.10181 
  0.20496   0.07122  -0.13374 
  0.08219  -0.00785  -0.09004 
  0.08269  -0.01483  -0.09752 
   0.0868   0.00707  -0.07973 
  0.11896    0.0308  -0.08816 
   0.1106  -0.00229  -0.11289 
  0.13606   0.02057  -0.11549 
  0.13246   0.02442  -0.10804 
  0.09422   0.00658  -0.08764 
  0.10851   0.00711   -0.1014 
