  0.00352    0.0937   0.06014 
 -0.07489    0.1664   0.14158 
 -0.15025   0.06366   0.15842 
 -0.09075   0.06669   0.14285 
  0.03883   0.00817   0.04798 
  -0.0168    0.0521   0.16714 
 -0.15989   0.08681   0.20918 
  -0.1328   0.15034   0.06284 
  0.00135   0.04929   0.23177 
 -0.06409   0.09897    0.1774 
 -0.04244   0.17875   0.24882 
 -0.05378   0.18473   0.21722 
  0.01527   0.17478   0.14792 
  0.02741   0.09414   0.17877 
  0.07428   0.19404   0.16246 
 -0.06493   0.18987    0.1243 
 -0.02678   0.19858   0.12009 
  0.14441   0.05516   0.14512 
  0.02148   0.11834   0.10262 
  0.04716   0.24703   0.08185 
 -0.04109   0.10333   0.11858 
  0.06029   0.16574   0.15456 
 -0.00279   0.11347   0.03887 
  0.00525   0.09916   0.00583 
 -0.04419   0.00304   0.10109 
  0.03365   0.10634   0.22576 
   0.0019   0.18157   0.14331 
 -0.04966   0.17696   0.05913 
  0.03755   0.06103   0.12154 
  0.00871   0.07188  -0.00549 
  0.06307   0.03206   0.00106 
 -0.09212   0.00977   0.00529 
 -0.13799   0.06836   0.27316 
  0.00756   0.18104   0.15704 
  0.02235   0.10521    0.2432 
   0.1195   0.10689   0.09933 
 -0.04437   0.04093   0.01858 
  0.02669   0.30304   0.20491 
 -0.10763   0.04771   0.18354 
 -0.02569   0.12801   0.09208 
  0.00487   0.05226   0.10132 
  0.01086   0.13775   0.15989 
  0.03612   0.24616   0.16344 
 -0.05608   0.19424   0.13458 
  0.13058   0.25806   0.24129 
  0.00881    0.1947   0.18338 
 -0.03895   0.24343   0.22194 
 -0.07832   0.18473   0.25078 
  0.03535   0.22583   0.05415 
