  0.06448   0.06797   0.00349 
  0.08046    0.0952   0.01474 
  0.01112    0.0133   0.00218 
   0.0079   0.01078   0.00288 
  0.02017   0.03148   0.01131 
  0.01974   0.04736   0.02762 
 -0.00614   0.01332   0.01946 
   0.0031   0.03725   0.03415 
  0.01671   0.02009   0.00338 
 -0.00442   0.01997   0.02439 
 -0.01313   0.00135   0.01448 
  0.00178    0.0166   0.01482 
  0.00516    0.0193   0.01414 
  0.02133   0.03163    0.0103 
 -0.00682   0.01534   0.02216 
  0.02435   0.01822  -0.00613 
 -0.01333  -0.01011   0.00322 
 -0.00392   0.03633   0.04025 
  0.04675   0.03776  -0.00899 
  0.04615   0.04466  -0.00149 
  0.02127    0.0226   0.00133 
 -0.00193   0.02769   0.02962 
   0.0258   0.07123   0.04543 
  0.05072   0.04397  -0.00675 
 -0.00323  -0.00016   0.00307 
  0.02502   0.03719   0.01217 
 -0.00346   0.00116   0.00462 
  0.03307   0.05514   0.02207 
  0.04818   0.05989   0.01171 
 -0.00566  -0.00126    0.0044 
  0.00528   0.03999   0.03471 
  0.07814   0.07607  -0.00207 
  0.02501    0.0298   0.00479 
  0.02293   0.02126  -0.00167 
  0.01505   0.01561   0.00056 
  0.03068   0.04351   0.01283 
