  0.14413  -0.01534  -0.15947 
  0.12861  -0.03513  -0.16374 
  0.11158  -0.00486  -0.11644 
  0.11661  -0.00614  -0.12275 
  0.09913   0.00036  -0.09877 
  0.09804   0.00147  -0.09657 
  0.09268  -0.02054  -0.11322 
  0.10265  -0.00735     -0.11 
  0.11359   0.00099   -0.1126 
  0.07988  -0.00568  -0.08556 
  0.11433   0.00442  -0.10991 
     0.12   0.00748  -0.11252 
  0.12317   0.01922  -0.10395 
  0.14888   0.01329  -0.13559 
  0.12006   0.00542  -0.11464 
  0.09498   0.00732  -0.08766 
  0.11749   0.01265  -0.10484 
  0.13006   0.00113  -0.12893 
  0.11809   0.00636  -0.14912 
  0.15548  -0.00953  -0.13837 
  0.12884  -0.01191  -0.12112 
  0.10921    0.0156  -0.16235 
  0.17795   0.00753  -0.10409 
  0.11162  -0.00166  -0.11861 
  0.11695   0.02081  -0.08814 
  0.10895    -0.006  -0.11655 
  0.11055   0.01499  -0.09285 
  0.10784   0.00159  -0.12705 
  0.12864   -0.0051  -0.12176 
  0.11666   0.00037  -0.10629 
  0.10666   0.01275  -0.11441 
  0.12716   0.00595  -0.11996 
  0.12591   0.01348  -0.11366 
  0.12714  -0.00394  -0.12021 
  0.11627  -0.00474  -0.13855 
