  0.01681   0.05742   0.04061 
  0.08582   0.09584   0.01002 
  0.02704   0.03894    0.0119 
  0.02135   0.01893  -0.00242 
  0.02216   0.03967   0.01751 
 -0.01248   0.01002    0.0225 
 -0.01558   0.01785   0.03343 
  0.02571   0.05178   0.02607 
   0.0344   0.04405   0.00965 
  0.00562  -0.00234  -0.00796 
  0.03404   0.04014    0.0061 
   0.0233    0.0156   -0.0077 
  0.00865   0.04587   0.03722 
  0.02384   0.03491   0.01107 
  0.04829   0.06922   0.02093 
  0.00391   0.00352  -0.00039 
  0.00093   0.01683    0.0159 
  0.03287   0.04879   0.01592 
 -0.01383  -0.02249  -0.00866 
  0.03104   0.04919   0.01815 
  0.01752   0.04124   0.02372 
  0.00424   0.00084   -0.0034 
  0.00047  -0.00924  -0.00971 
 -0.00932  -0.00732     0.002 
  0.02334   0.01274   -0.0106 
  0.02275   0.01302  -0.00973 
 -0.00769   0.00986   0.01755 
  0.00181   0.01223   0.01042 
   0.0466   0.04221  -0.00439 
  0.00939   0.01404   0.00465 
  0.01493   0.03697   0.02204 
  0.05607   0.05984   0.00377 
  0.02041   0.01523  -0.00518 
  0.02836   0.03102   0.00266 
  0.03546   0.05717   0.02171 
  0.03959   0.03993   0.00034 
