  0.04692   0.06585   0.01893 
  0.00916   0.03866    0.0295 
  0.02273   0.03141   0.00868 
 -0.00353   0.01035   0.01388 
 -0.00667   0.03075   0.03742 
   0.0006   0.01701   0.01641 
    0.015    0.0209    0.0059 
 -0.01541   0.01473   0.03014 
  0.03305   0.06669   0.03364 
   0.0775   0.09375   0.01625 
 -0.01227    0.0037   0.01597 
  0.08219   0.09768   0.01549 
  0.10077   0.10895   0.00818 
  0.14853   0.12636  -0.02217 
  0.01227   0.00592  -0.00635 
 -0.00471   0.04223   0.04694 
  0.08167   0.08074  -0.00093 
  0.01575   0.04331   0.02756 
  0.02446   0.03895   0.01449 
  0.03055   0.02213  -0.00842 
 -0.00298   0.06358   0.06656 
  0.01279   0.03417   0.02138 
  0.01834   0.03592   0.01758 
  0.07901   0.10298   0.02397 
  0.00356   0.02078   0.01722 
 -0.00388   0.01947   0.02335 
  0.06464   0.09948   0.03484 
  0.01502    0.0275   0.01248 
  0.06363   0.08152   0.01789 
 -0.01256  -0.00705   0.00551 
 -0.01512   0.00278    0.0179 
  0.09635   0.11956   0.02321 
  0.02664    0.0551   0.02846 
  0.01605   0.03482   0.01877 
  0.00672   0.01395   0.00723 
 -0.01469  -0.00031   0.01438 
  0.02452   0.00443  -0.02009 
  0.05955   0.06147   0.00192 
  0.02928   0.05313   0.02385 
  -0.0039    0.0134    0.0173 
  0.11083   0.13562   0.02479 
  0.13398   0.13512   0.00114 
  0.02518   0.04596   0.02078 
  0.00918   0.03086   0.02168 
  0.07074   0.06968  -0.00106 
  0.00705   0.04183   0.03478 
  0.00614   0.02163   0.01549 
