  0.12958   -0.0059  -0.13548 
  0.17628  -0.00786  -0.18414 
  0.10394    0.0017  -0.10224 
  0.08568  -0.00841  -0.09409 
  0.11401    0.0031  -0.11091 
  0.11831   0.00014  -0.11817 
  0.12213   0.00123   -0.1209 
  0.11566    0.0014  -0.11426 
  0.09597  -0.00821  -0.10418 
   0.0903  -0.00867  -0.09897 
  0.11151   0.01686  -0.09465 
  0.10737   0.00583  -0.10154 
  0.09433  -0.01518  -0.10951 
  0.13114   0.02832  -0.10282 
  0.08723  -0.00624  -0.09347 
  0.13288   0.03022  -0.10266 
  0.11162  -0.00502  -0.11664 
  0.14925   0.00397  -0.14528 
  0.12809   0.01448  -0.11361 
  0.09937   0.01193  -0.08744 
  0.18427   0.05563  -0.12864 
  0.11466   0.00018  -0.11448 
  0.08675  -0.00296  -0.08971 
  0.13104    0.0121  -0.11894 
    0.087  -0.00633  -0.09333 
  0.10232   0.00217  -0.10015 
  0.09377   0.00598  -0.08779 
  0.10264  -0.00749  -0.11013 
    0.115  -0.00758  -0.12258 
  0.09802   0.01059  -0.08743 
  0.19554   0.01941  -0.17613 
  0.11175   0.01237  -0.09938 
  0.10743   0.02257  -0.08486 
  0.09358  -0.00411  -0.09769 
  0.08117   0.00464  -0.07653 
  0.09587   0.00657   -0.0893 
  0.18168   0.01723  -0.16445 
  0.10336  -0.00531  -0.10867 
  0.10249   0.00832  -0.09417 
  0.07602   0.00164  -0.07438 
  0.12233  -0.00748  -0.12981 
  0.08519  -0.01271   -0.0979 
  0.08211   -0.0097  -0.09181 
  0.07931   0.00359  -0.07572 
  0.13332   0.00498  -0.12834 
  0.09861   0.01376  -0.08485 
  0.07769  -0.01291   -0.0906 
