  0.01832   0.01297  -0.00535 
  0.05626   0.04029  -0.01597 
  0.06421   0.07104   0.00683 
 -0.00338   0.00595   0.00933 
  0.04171   0.04488   0.00317 
  0.02959    0.0224  -0.00719 
  0.03722   0.05696   0.01974 
  0.05214   0.04852  -0.00362 
   0.0975   0.11144   0.01394 
   0.0719    0.0654   -0.0065 
  0.16339   0.16412   0.00073 
  0.01089   0.01988   0.00899 
  0.05065   0.05697   0.00632 
  0.02879   0.04554   0.01675 
   0.0667   0.07173   0.00503 
  0.04144   0.04401   0.00257 
  0.05672    0.0579   0.00118 
  0.09577   0.10529   0.00952 
 -0.00104   -0.0042  -0.00316 
  0.01359   0.00649   -0.0071 
  0.04135   0.05267   0.01132 
  0.00883   0.01764   0.00881 
  0.01873   0.00511  -0.01362 
  0.02058   0.07964   0.05906 
 -0.02241  -0.01792   0.00449 
  0.08105    0.0719  -0.00915 
  0.01332   0.01172   -0.0016 
  0.02073   0.02889   0.00816 
    0.017    0.0383    0.0213 
  0.01167   0.01539   0.00372 
  0.02364    0.0161  -0.00754 
  0.07203   0.08561   0.01358 
  0.05424   0.09725   0.04301 
  0.03357   0.03349    -8e-05 
  0.00934   0.01926   0.00992 
  0.00664   0.00813   0.00149 
  0.04755   0.00338  -0.04417 
  0.06158   0.05093  -0.01065 
  0.05116   0.05371   0.00255 
  -0.0039   0.01266   0.01656 
  0.07369   0.10266   0.02897 
  0.07474   0.07561   0.00087 
  0.08152   0.08981   0.00829 
   0.0391   0.02868  -0.01042 
  0.10567   0.10452  -0.00115 
  0.02658   0.03593   0.00935 
  0.04545   0.04601   0.00056 
