  0.03488   0.03511   0.00023 
  0.07979   0.09572   0.01593 
  0.00655    0.0076   0.00105 
  0.02594   0.01768  -0.00826 
  0.00789    0.0234   0.01551 
  0.01361   0.02176   0.00815 
  0.21892    0.2422   0.02328 
  0.01821   0.03703   0.01882 
  0.00074   0.01726   0.01652 
 -0.02138   0.01547   0.03685 
 -0.01483   0.02361   0.03844 
 -0.01703  -0.00355   0.01348 
   0.0331   0.01929  -0.01381 
 -0.01436   0.00481   0.01917 
 -0.01563   0.04388   0.05951 
  0.00716   0.07862   0.07146 
   0.0128   0.03803   0.02523 
 -0.03047   0.02836   0.05883 
  0.00666   0.03648   0.02982 
  0.03955   0.04541   0.00586 
  0.14023   0.13081  -0.00942 
 -0.00912   0.00174   0.01086 
  0.03395   0.05038   0.01643 
  0.08468   0.09248    0.0078 
 -0.00202   0.01885   0.02087 
   -0.011  -0.00555   0.00545 
 -0.01668   0.00409   0.02077 
  0.00426   0.01978   0.01552 
  0.01776   0.04194   0.02418 
  0.00429   0.00658   0.00229 
 -0.01089   0.01937   0.03026 
  -0.0133   0.01511   0.02841 
  0.02785   0.02863   0.00078 
  0.00956  -0.00899  -0.01855 
  0.02273   0.02247  -0.00026 
  0.00939   0.01654   0.01424 
    0.024   0.02305   0.00715 
  0.02026    0.0192  -0.00095 
   0.0682   0.07108  -0.00106 
   0.0491   0.04921   0.00288 
  0.02299   0.02593   0.00011 
 -0.01215   0.00215   0.00294 
  0.09186   0.09208    0.0143 
 -0.03063  -0.01199   0.00022 
 -0.01215   0.00215   0.01864 
 -0.01919  -0.00167    0.0143 
