  0.09287   0.00196  -0.09091 
  0.17725   0.03974  -0.13751 
   0.0948    0.0046   -0.0902 
  0.10818     0.004  -0.10418 
   0.0825  -0.00464  -0.08714 
  0.09982  -0.04432  -0.14414 
  0.10908   0.00312  -0.10596 
  0.10876  -0.00073  -0.10949 
  0.10342   0.00438  -0.09904 
  0.09103   0.00661  -0.08442 
  0.09985  -0.00099  -0.10084 
  0.10973  -0.01284  -0.12257 
  0.11527   0.00376  -0.11151 
  0.12454   0.01953  -0.10501 
   0.1314   0.00452  -0.12688 
  0.10069   0.00282  -0.09787 
  0.12709    0.0126  -0.11449 
  0.08512  -0.00381  -0.08893 
  0.16492   0.01994  -0.14498 
  0.12759   -0.0269  -0.15449 
  0.11728   -0.0086  -0.12588 
  0.11783   0.00224  -0.11559 
  0.12083   0.00123   -0.1196 
  0.09827  -0.00878  -0.10705 
  0.15693  -0.01076  -0.16769 
  0.09527  -0.00418  -0.09945 
  0.08217  -0.00027  -0.08244 
  0.10584   0.01831  -0.08753 
  0.09565   0.00178  -0.09387 
  0.10482  -0.00793  -0.11275 
   0.0814    0.0034    -0.078 
  0.08034  -0.00856   -0.0889 
  0.15411   0.00868  -0.14543 
  0.11079   0.00923  -0.10156 
  0.13016   0.00264  -0.12752 
  0.08372  -0.00913  -0.09285 
  0.10254   0.00601  -0.09653 
  0.07932  -0.00777  -0.08709 
  0.14078   0.02728   -0.1135 
  0.10598   0.01161  -0.09437 
  0.10077   0.00692  -0.09385 
  0.09843  -0.00117   -0.0996 
  0.07952   -0.0098  -0.08932 
  0.16053  -0.02835  -0.18888 
  0.09843  -0.00117   -0.0996 
  0.07654  -0.01532  -0.09186 
