   0.0563   0.05267  -0.00363 
  0.12451   0.11662  -0.00789 
  0.02411   0.02486   0.00075 
  0.02595   0.03684   0.01089 
  -0.0103   0.01978   0.03008 
  0.07914   0.10274    0.0236 
 -0.01445   0.01496   0.02941 
  0.00376   -0.0044  -0.00816 
    0.015   0.01132  -0.00368 
  0.00017   0.01782   0.01765 
  0.02873   0.02441  -0.00432 
 -0.00523   0.01722   0.02245 
 -0.00604  -0.00042   0.00562 
  0.02345   0.04083   0.01738 
  0.03111   0.04096   0.00985 
  0.09886   0.11066    0.0118 
  0.02864   0.04774    0.0191 
 -0.02632   0.02091   0.04723 
 -0.01557   0.01262   0.02819 
  0.03336   0.05225   0.01889 
  0.04919   0.04499   -0.0042 
  0.03099   0.03008  -0.00091 
  0.02768    0.0112  -0.01648 
  0.00847   0.00903   0.00056 
  0.01253   0.01882   0.01443 
   -5e-05   0.00291   0.00629 
  0.00917   0.01368   0.00296 
 -0.00385   0.03798   0.00451 
  0.00809   0.02602   0.04183 
 -0.01224   0.00223   0.01793 
 -0.00127   0.01229   0.01447 
  0.07727   0.03307   0.01356 
  0.02984   0.02859   -0.0442 
  0.04617   0.02767  -0.00125 
  0.01254   0.02119   -0.0185 
  0.03907   0.01965   0.00711 
  0.00544   0.02839  -0.01068 
   0.0275   0.00932   0.00388 
   0.0364   0.04594   0.01844 
  0.02113   0.04644   0.01004 
  0.00551   0.02641   0.00528 
  0.04945   0.01352   0.00801 
  0.02994   0.05238   0.00293 
  0.00551   0.03032   0.00038 
 -0.00859   0.01352   0.00801 
