  0.00885   0.02381   0.01496 
  0.00939   0.04688   0.03749 
  0.00925   0.03052   0.02127 
  0.04524   0.07282   0.02758 
  0.01054   0.02186   0.01132 
  0.02542   0.06681   0.04139 
  -0.0175  -0.00072   0.01678 
 -0.02339   0.00606   0.02945 
  0.00987   0.03528   0.02541 
   -0.016   0.01721   0.03321 
  -0.0105   0.01046   0.02096 
  0.00524  -0.00119  -0.00643 
   0.0105   0.02921   0.01871 
  0.04537   0.06043   0.01506 
  0.00319   0.02416   0.02097 
  0.00666   0.01788   0.01122 
   0.0097   0.01384   0.00414 
  0.03958   0.07612   0.03654 
  0.01388   0.05749   0.04361 
 -0.01755   0.00504    0.0187 
   0.0101   0.03488   0.02259 
  0.01106   0.04552   0.02478 
  0.09163   0.10508   0.03446 
 -0.00173    0.0209   0.01345 
 -0.03048   0.02618   0.02263 
 -0.00125   0.00833   0.05666 
  0.05171   0.07899   0.00958 
  -0.0219   -0.0032   0.02728 
 -0.01614   0.01743    0.0187 
  0.04276   0.06496   0.03357 
  0.01694   0.04846    0.0222 
  0.04619   0.06129   0.03152 
  0.01949     0.051    0.0151 
  0.02373   0.05853   0.03151 
 -0.00738  -0.00662    0.0348 
 -0.00689   0.00229   0.00076 
  0.06702   0.06971   0.00918 
  0.00525   0.00585   0.00269 
 -0.01432   0.00159    0.0006 
  0.00649   0.04567   0.01591 
  0.09075   0.12992   0.03918 
 -0.01594   0.06885   0.03917 
   0.0052   0.05861   0.08479 
   0.0233   0.03832   0.05341 
 -0.00619   0.00409   0.01502 
  -0.0123   0.00899   0.01028 
  0.00222   0.03199   0.02129 
 -0.01201  -0.00863   0.02977 
 -0.00337   0.04026   0.00338 
    0.019   0.04956   0.04363 
  0.03907   0.03988   0.03056 
   0.0968   0.13821   0.00081 
