   0.1098   0.00182  -0.10798 
  0.09941  -0.01347  -0.11288 
  0.10845   0.01757  -0.09088 
  0.08964   0.01434   -0.0753 
  0.13103   0.01732  -0.11371 
  0.09554  -0.01805  -0.11359 
  0.09079  -0.00394  -0.09473 
  0.11023   0.00394  -0.10629 
  0.08169  -0.00018  -0.08187 
  0.09557    0.0078  -0.08777 
  0.07962  -0.01179  -0.09141 
  0.09947  -0.02929  -0.12876 
  0.10551  -0.00328  -0.10879 
  0.07844   0.00114   -0.0773 
  0.08691  -0.00614  -0.09305 
  0.12339  -0.03534  -0.15873 
  0.16761   0.01405  -0.15356 
  0.09612  -0.00835  -0.12649 
  0.08594   -0.0007  -0.10447 
  0.08257  -0.00576  -0.08664 
  0.12311   0.01299  -0.08833 
   0.1388   0.00581  -0.11012 
  0.13169   0.01689  -0.13299 
  0.10486  -0.00387   -0.1148 
  0.11299  -0.00949  -0.10873 
  0.08477   -0.0036  -0.12248 
  0.09601   0.00857  -0.08837 
   0.1004    0.0142  -0.08744 
  0.12216   0.03332   -0.0862 
  0.12458  -0.00066  -0.08884 
  0.09046  -0.00715  -0.12524 
  0.12617    0.0172  -0.09761 
  0.06151   0.00232  -0.10897 
  0.12339   0.00306  -0.05919 
  0.10822   0.00854  -0.12033 
  0.10291   0.00042  -0.09968 
  0.14177    0.0233  -0.10249 
  0.09851   0.00479  -0.11847 
  0.10434   0.02303  -0.09372 
  0.10161  -0.00417  -0.08131 
  0.12391   0.01309  -0.10578 
  0.12374   -0.0056  -0.11082 
  0.12363  -0.01159  -0.12934 
  0.11365  -0.00831  -0.13522 
  0.10237    0.0151  -0.12196 
  0.11107  -0.00263  -0.08727 
  0.08211  -0.01574   -0.1137 
   0.1372  -0.00733  -0.09785 
  0.10548   0.02568  -0.14453 
  0.10001   0.01385   -0.0798 
  0.11362   -0.0049  -0.08616 
  0.10979   0.01234  -0.11852 
