  0.01767   0.02912   0.01145 
  0.01978   0.03873   0.01895 
  0.02149   0.03631   0.01482 
  0.05638   0.06046   0.00408 
  0.03491   0.07545   0.04054 
  0.01752    0.0076  -0.00992 
  0.00057   0.01319   0.01262 
  0.03273   0.00821  -0.02452 
  0.01148   0.03024   0.01876 
  0.02505   0.01636  -0.00869 
  0.02322   0.03828   0.01506 
  0.05506   0.06156    0.0065 
  0.01013   0.03499   0.02486 
  0.01985   0.02988   0.01003 
   0.0288   0.00879  -0.02001 
  0.03005   0.01492  -0.01513 
  0.07731    0.1109   0.03359 
   0.0954   0.09323   0.00443 
  0.03043   0.03128  -0.00217 
  0.04765   0.05206   0.00085 
  0.16903   0.12609   0.00441 
  0.02205   0.02218  -0.04294 
  0.02409   0.02911   0.00013 
  0.01334   0.03453   0.00502 
  0.02219   0.04935   0.02119 
  0.01294   0.02197   0.02716 
  0.04636   0.04211   0.00903 
   -3e-05   0.01814  -0.00425 
  0.04146   0.07121   0.01817 
  0.06219   0.05452   0.02975 
  0.02196   0.02403  -0.00767 
  0.00423   0.02787   0.00207 
  0.04926   0.06577   0.02364 
 -0.01179   0.01277   0.01651 
  0.00277   0.02083   0.02456 
  0.02791   0.02628   0.01806 
  0.06655   0.07126  -0.00163 
  0.04157   0.04078   0.00471 
  0.01693   0.02667  -0.00079 
  0.01908    0.0365   0.00974 
  0.08421   0.11562   0.01742 
   0.0114    0.0064   0.03141 
  0.02053   0.02086    -0.005 
  0.04929   0.06309   0.00033 
 -0.00531  -0.00343    0.0138 
  0.01712   0.02434   0.00188 
  0.05047   0.04849   0.00722 
  0.01796    0.0467  -0.00198 
  0.05383   0.02442   0.02874 
  0.03888    0.0565  -0.02941 
  0.03867   0.03201   0.01762 
  0.03373   0.05144  -0.00666 
