  0.02476   0.02366   -0.0011 
  0.01795   0.00037  -0.01758 
  0.00152   0.02372    0.0222 
  0.00903   0.04312   0.00964 
 -0.00238    0.0122   0.03409 
  0.02722   0.04091   0.01458 
  0.00613    0.0055   0.01369 
 -0.01446   0.04413  -0.00063 
 -0.03595  -0.00068   0.05859 
  0.00661   0.01163   0.03527 
  -0.0178   -0.0455   0.00502 
   -5e-05   0.01047   -0.0277 
 -0.01238  -0.00197   0.01052 
 -0.00872   0.01037   0.01041 
 -0.00874   0.00761   0.01909 
  0.01222   0.04311   0.01635 
  0.02092   0.03675   0.03089 
  0.01135   0.01549   0.01583 
  0.02171    0.0606   0.00414 
  0.00359   0.00239   0.03889 
  0.01028   0.04514   -0.0012 
   0.0068   0.00967   0.03486 
 -0.01207   0.00224   0.00287 
 -0.01457   0.00819   0.01431 
  0.07228   0.06687   0.02276 
 -0.00235   0.01621  -0.00541 
 -0.00107   0.06663   0.01856 
  0.04951   0.06448    0.0677 
   0.0055   0.02742   0.01497 
  0.02734   0.02194   0.02192 
 -0.04158   0.02275   -0.0054 
 -0.00492   0.02091   0.06433 
  0.01393   0.03309   0.02583 
  0.00846   0.02678   0.01916 
  0.01744   0.01995   0.01832 
  0.00422    0.0333   0.00251 
  0.01509    0.0149   0.02908 
  0.03046   0.03182  -0.00019 
 -0.01382    0.0068   0.00136 
  0.02395   0.03046   0.02062 
  0.00069   0.04856   0.00651 
 -0.02202   0.00827   0.04787 
 -0.00698   0.00943   0.03029 
 -0.03411   0.01241   0.01641 
  0.01125   0.02265   0.04652 
  0.05621   0.08425    0.0114 
  0.01125   0.02265   0.02804 
  0.00684   0.00876    0.0114 
  0.00799   0.01403   0.00192 
  0.03142   0.04484   0.00604 
 -0.00346   0.00177   0.01342 
  0.03641   0.02904   0.00523 
  0.00793    0.0126  -0.00737 
  0.01227   0.03394   0.00467 
 -0.00572   0.01614   0.02167 
