  0.12832   0.00092   -0.1274 
  0.09415  -0.02535   -0.1195 
  0.11299  -0.02002  -0.13301 
  0.10835  -0.00053  -0.10888 
  0.09384  -0.00274  -0.09658 
  0.09498  -0.00924  -0.10422 
    0.081  -0.01322  -0.09422 
  0.11886   0.00789  -0.11097 
  0.09461   0.00453  -0.09008 
  0.10812   0.00298  -0.10514 
  0.13211   0.01356  -0.11855 
  0.11463   0.00625  -0.10838 
  0.12547   0.01884  -0.10663 
  0.12165   0.01667  -0.10498 
  0.09142  -0.02596  -0.11738 
  0.08593   0.01079  -0.07514 
  0.08642  -0.00133  -0.08775 
   0.1141   0.00315  -0.11095 
  0.09589  -0.01595  -0.11184 
  0.10096   0.00557  -0.09539 
  0.08527  -0.00363   -0.0889 
  0.09998  -0.00446  -0.10444 
  0.08236  -0.01763  -0.12224 
  0.10337   0.00578  -0.09999 
   0.0846  -0.00761  -0.09759 
  0.08862  -0.00148  -0.09221 
  0.10727  -0.00367   -0.0901 
  0.08964  -0.00086  -0.11094 
  0.09643  -0.00263   -0.0905 
  0.08882   0.00473  -0.09906 
   0.1013   0.00219  -0.08409 
  0.07982  -0.00452  -0.09911 
  0.09147    0.0111  -0.08434 
  0.10068   -0.0049  -0.08037 
  0.08534    0.0046  -0.10558 
  0.08863   0.00026  -0.08074 
  0.10132   -0.0154  -0.08837 
  0.08787   0.00033  -0.11672 
  0.11167   0.00538  -0.08754 
  0.09658    0.0033  -0.10629 
   0.1398  -0.00232  -0.09328 
  0.10304  -0.00139  -0.14212 
  0.11058   0.02863  -0.10443 
   0.1046   0.00294  -0.08195 
  0.11547   0.00956  -0.10166 
   0.1046   0.00294  -0.10591 
  0.10751   0.00661  -0.10166 
  0.07474  -0.00281   -0.1009 
  0.09449  -0.00203  -0.07755 
  0.07305   0.00164  -0.09652 
  0.08892   0.00328  -0.07141 
  0.10538   0.00349  -0.08564 
  0.12832   0.00599  -0.10189 
   0.0858  -0.00443  -0.12233 
