  0.01217   0.01222     5e-05 
  0.01501  -0.00956  -0.02457 
  0.03469   0.04235   0.00766 
  0.03566    0.0322  -0.00346 
  0.01694   0.01755   0.00061 
  0.00491   0.02104   0.01613 
   0.0296   0.05083   0.02123 
   0.0126   -0.0114    -0.024 
 -0.00464   0.00046    0.0051 
  0.01588   0.02092   0.00504 
  0.07045   0.10782   0.03737 
  0.00599   0.01897   0.01298 
  0.01229   0.02046   0.00817 
 -0.00018   0.02842    0.0286 
  0.04301   0.04335   0.00034 
  0.05085   0.06855    0.0177 
  0.01259   0.00582  -0.00677 
  0.04193   0.02817  -0.01376 
  0.03091   0.02192  -0.00899 
 -0.01257   0.00582   0.01839 
  -0.0041   0.00523   0.00933 
  0.08247   0.09147     0.009 
 -0.02137   0.01166   0.03303 
 -0.00655   0.03964   0.04619 
  0.01983   0.01459  -0.00524 
   0.0073   0.01155   0.00425 
 -0.00658   0.03021   0.03679 
   0.0601    0.0624    0.0023 
   0.0223   0.02397   0.00167 
  0.03657   0.06048   0.02391 
  0.00872   0.02101   0.01229 
  0.01627   0.02931   0.01304 
 -0.00979   0.00326   0.01305 
 -0.01227  -0.00436   0.00791 
  0.00493  -0.00283  -0.00776 
  0.01331   0.01928   0.00597 
   0.0173   0.01583  -0.00147 
  0.04093   0.03735  -0.00358 
 -0.00879   0.00047   0.00926 
  0.02133   0.03216   0.01083 
  0.05174   0.04556  -0.00618 
  0.00199   0.03053   0.02854 
  0.00854   0.02227   0.01373 
  0.02584   0.05299   0.02715 
  0.02971   0.03197   0.00226 
  0.03263   0.04656   0.01393 
  0.02971   0.03197   0.00226 
  0.03785   0.05042   0.01257 
  0.00209   0.02442   0.02233 
  0.03736   0.05345   0.01609 
 -0.00482    0.0018   0.00662 
 -0.00709   0.00793   0.01502 
  0.01021   0.01417   0.00396 
  0.00166   0.01392   0.01226 
  0.00577   0.00633   0.00056 
