  0.00027  -0.01269  -0.01296 
 -0.01611   0.01551   0.03162 
  0.03172   0.03758   0.00586 
  0.00315   0.01702   0.01387 
  0.02129   0.01257  -0.00872 
  0.00072   0.01761   0.01689 
  0.01151   0.01772   0.00621 
  0.00779    0.0378   0.03001 
  0.01979   0.01329   -0.0065 
  0.03052   0.06432    0.0338 
  0.00814    0.0102   0.00206 
  0.01852   0.01698  -0.00154 
  0.00881   0.10437   0.09556 
  0.00728   0.04789   0.04061 
 -0.01241   0.00227   0.01468 
 -0.04802   0.01295   0.06097 
  0.00498   0.00784   0.00286 
 -0.02321  -0.01082   0.01239 
  0.01963   0.02477   0.00514 
   0.0112   0.02094   0.00974 
 -0.01335   0.00722   0.02057 
  0.06773   0.08319   0.01546 
  0.07169    0.0596  -0.01209 
 -0.00447   0.01055   0.01502 
 -0.00517   0.00646   0.01163 
  0.02311   0.03694   0.01383 
 -0.00881    0.0086   0.01741 
 -0.00316   0.00429   0.00745 
 -0.00575   0.02343   0.02918 
 -0.01416   0.00802   0.02218 
 -0.01751  -0.00535   0.01216 
  0.01673   0.01448  -0.00225 
   0.0137   0.00846  -0.00524 
 -0.00981   0.00476   0.01457 
 -0.03948   0.00697   0.04645 
  0.00058    0.0035   0.00292 
  0.01704   0.04659   0.02955 
  0.02754   0.05558   0.02804 
  0.00789   0.00874   0.00085 
 -0.00269   0.01441    0.0171 
  0.01903   0.03193    0.0129 
 -0.00554   0.01973   0.02527 
 -0.00049   0.02316   0.02365 
 -0.00753   0.00609   0.01362 
  0.00849   0.04338   0.03489 
  0.00439   0.01541   0.01102 
 -0.01879   0.02407   0.04286 
 -0.00803   0.01746   0.02549 
 -0.01615  -0.00914   0.00701 
 -0.00554  -0.00198   0.00356 
  0.02459   0.04113   0.01654 
  0.00139   0.02241   0.02102 
 -0.01525   0.01068   0.02593 
 -0.00403    0.0175   0.02153 
