  0.08498   0.00055  -0.08443 
  0.09279  -0.00995  -0.10274 
  0.09541   0.00271   -0.0927 
  0.11409  -0.00321   -0.1173 
  0.11041  -0.02679   -0.1372 
  0.09241   0.00846  -0.08395 
  0.11383  -0.00806  -0.12189 
  0.09657  -0.01447  -0.11104 
  0.09417   0.00418  -0.08999 
  0.13567   0.00283  -0.13284 
  0.08325  -0.00793  -0.09118 
  0.10311   0.00529  -0.09782 
  0.10826   -0.0146  -0.12286 
  0.09079    0.0127  -0.07809 
  0.09877   0.00377    -0.095 
  0.11335   0.01113  -0.10222 
  0.09723   0.00084  -0.09639 
  0.07902  -0.00084  -0.07986 
  0.09518   0.00328   -0.0919 
  0.10077    0.0088  -0.09197 
  0.10633  -0.01041  -0.11674 
  0.13556    0.0157  -0.11986 
  0.14159   0.02442  -0.11717 
  0.09027  -0.00187  -0.09214 
  0.10689  -0.00026  -0.10715 
   0.1064   0.01021  -0.09619 
  0.08966   0.00132  -0.08834 
  0.11854   0.02251  -0.09603 
   0.1072    0.0024   -0.1048 
  0.08515  -0.00535   -0.0905 
  0.11823   0.00835  -0.10988 
  0.10401   0.00803  -0.09598 
  0.10728   0.00322  -0.10406 
  0.08803  -0.00928  -0.09731 
  0.08447  -0.00372  -0.08819 
  0.10376    0.0068  -0.09696 
    0.075   0.00158  -0.07342 
  0.09359   0.00898  -0.08461 
  0.08715   0.00883  -0.07832 
  0.07702   0.00392   -0.0731 
  0.10686   0.00647  -0.10039 
  0.07962  -0.00692  -0.08654 
   0.1048   0.00187  -0.10293 
  0.14386   0.01113  -0.13273 
  0.10886  -0.01111  -0.11997 
  0.09557   0.01121  -0.08436 
  0.11378   0.00164  -0.11214 
  0.07312  -0.00845  -0.08157 
  0.09492   0.01177  -0.08315 
  0.07277   0.00145  -0.07132 
  0.11404  -0.00153  -0.11557 
  0.10426   0.00692  -0.09734 
  0.11808   0.01592  -0.10216 
  0.08773  -0.00049  -0.08822 
