  0.02071  -0.01293  -0.03364 
  0.03838    0.0539   0.01552 
  0.03024   0.03178   0.00154 
  0.00627   0.02765   0.02138 
 -0.01929   0.00063   0.01992 
  0.00978   0.03885   0.02907 
  0.01986   0.01445  -0.00541 
  0.02954    0.0471   0.01756 
 -0.01372  -0.00251   0.01121 
  0.09878   0.08179  -0.01699 
  0.08626   0.13992   0.05366 
  0.01256   0.02898   0.01642 
  0.00751   0.01239   0.00488 
  0.00597   -0.0225  -0.02847 
 -0.01894  -0.00632   0.01262 
  -0.0045  -0.01147  -0.00697 
  0.02185   0.03181   0.00996 
  0.03385   0.04417   0.01032 
  0.00313   0.01076   0.00763 
  0.00085   0.01274   0.01189 
  0.00584    0.0065   0.00066 
  0.03452   0.05591   0.02139 
  0.06655    0.0472  -0.01935 
 -0.00205   0.01178   0.01383 
   0.0088   0.01742   0.00862 
 -0.00657    0.0018   0.00837 
  0.00609   0.00823   0.00214 
  0.00964   0.01492   0.00528 
 -0.00686  -0.00107   0.00579 
  0.02142   0.03289   0.01147 
  0.00361  -0.04333  -0.04694 
 -0.00467   0.00745   0.01212 
  0.00078   0.01175   0.01097 
  0.01593   0.02312   0.00719 
 -0.00779   0.01905   0.02684 
  0.01701   0.04988   0.03287 
  0.00644   0.01424    0.0078 
  0.01141    0.0193   0.00789 
  0.03414   0.04605   0.01191 
 -0.01254   0.01001   0.02255 
 -0.01009   0.01773   0.02782 
 -0.00879   0.01445   0.02324 
 -0.01096   0.00426   0.01522 
  0.03062  -0.00903  -0.03965 
  0.03395   0.03823   0.00428 
  0.01305   0.03189   0.01884 
 -0.01593  -0.01028   0.00565 
 -0.00197   0.02402   0.02599 
  0.02004   0.03008   0.01004 
 -0.00918   0.00248   0.01166 
  0.02144   0.02793   0.00649 
 -0.00137   0.03051   0.03188 
 -0.03065  -0.03027   0.00038 
 -0.00455   0.00111   0.00566 
