  0.00316   0.05271   0.04955 
  0.04358   0.08234   0.03876 
  0.06129   0.03161  -0.02968 
  0.03165   0.04045    0.0088 
  0.00848   0.00428   -0.0042 
 -0.00359   0.00168   0.00527 
  0.05246   0.07177   0.01931 
 -0.01137   0.02124   0.03261 
  0.00099   0.03849    0.0375 
 -0.02181   0.00374   0.02555 
  0.01168   0.03796   0.02628 
  0.08902   0.09544   0.00642 
 -0.00953   0.00912   0.01865 
 -0.00711   0.01677   0.02388 
  -0.0278   0.09704   0.12484 
   0.1381   0.15762   0.01952 
  0.02492   0.07087   0.04595 
 -0.00651  -0.00744  -0.00093 
  0.00585   0.06417   0.05832 
  0.07754   0.09583   0.01829 
  0.01856    0.0489   0.03034 
  0.01602    0.0136  -0.00242 
  0.06173     0.114   0.05227 
  0.01086   0.02081   0.00995 
 -0.01954   0.00926    0.0288 
  0.04585   0.01871  -0.02714 
  0.02116    0.0273   0.00614 
  0.02348   0.01147  -0.01201 
 -0.02331   0.00851   0.03182 
 -0.00727  -0.00625   0.00102 
  0.00458   0.01003   0.00545 
  0.01511   0.00254  -0.01257 
  0.01102   0.00253  -0.00849 
   0.0694   0.06924  -0.00016 
  0.07046   0.08026    0.0098 
  0.02534   0.04266   0.01732 
  -0.0092   0.01225   0.02145 
  0.01499   0.02271   0.00772 
  0.00131    0.0149   0.01359 
  0.02331   0.07557   0.05226 
 -0.11587   0.02537   0.02325 
  0.00212    0.0008  -0.00421 
  0.00501    0.0657    0.0266 
   0.0391   0.05843   0.05665 
  0.00178   0.05942   0.01293 
  0.04649   0.10099  -0.03344 
  0.13443  -0.00779  -0.01513 
  0.00734   0.05005   0.00414 
  0.04591   0.03503  -0.01294 
  0.04797    0.0366   0.01695 
  0.01965   0.06931   0.00591 
   0.0634   0.01679   0.04741 
 -0.03062   0.03616   0.04914 
 -0.01298   0.05653   0.01235 
  0.04418   0.00492   0.01021 
 -0.00529   0.01431    0.0112 
