  0.08844   0.01499  -0.07345 
  0.10903  -0.00338  -0.11241 
   0.1435   0.00761  -0.13589 
  0.13367   0.00975  -0.12392 
  0.12199   0.01575  -0.10624 
  0.12975   0.00776  -0.12199 
  0.10736  -0.01061  -0.11797 
  0.12879   0.01869   -0.1101 
  0.10493   0.00149  -0.10344 
  0.07933  -0.00228  -0.08161 
  0.09105  -0.01763  -0.10868 
  0.10193   0.01732  -0.08461 
  0.12628   0.02874  -0.09754 
  0.08128    0.0011  -0.08018 
  0.10656    0.0245  -0.08206 
  0.09584   0.01349  -0.08235 
  0.12173   0.02758  -0.09415 
   0.1021   0.00274  -0.09936 
  0.11902   0.01722   -0.1018 
  0.09514    0.0013  -0.09384 
  0.12805    0.0036  -0.12445 
  0.14865   0.01264  -0.13601 
   0.0691  -0.00556  -0.07466 
  0.11261  -0.00054  -0.11315 
   0.0879  -0.00234  -0.09024 
  0.08648    0.0026  -0.08388 
  0.08402   0.00574  -0.07828 
   0.0897  -0.00039  -0.09009 
  0.09276  -0.00199  -0.09475 
  0.09925   0.00428  -0.09497 
  0.09896   -0.0074  -0.10636 
  0.08397   0.00471  -0.07926 
  0.08638   0.00353  -0.08285 
  0.07627   -0.0007  -0.07697 
  0.05772   0.01328  -0.04444 
  0.10348   0.01243  -0.09105 
  0.10176  -0.00024    -0.102 
  0.13717   0.00086  -0.13631 
  0.10282  -0.00025  -0.10307 
  0.10564   0.00558  -0.10006 
   0.1213  -0.00728  -0.10943 
  0.10215  -0.00486  -0.11573 
  0.11087  -0.00224  -0.08353 
  0.08129   0.00945  -0.09553 
  0.10498   0.00856   -0.1158 
  0.12436  -0.03519  -0.14753 
  0.11234   0.00872  -0.10674 
  0.11546   0.00537  -0.10636 
  0.11173   0.00974  -0.10409 
  0.11383   0.01622  -0.12026 
  0.13648   0.00275  -0.15771 
  0.16046  -0.00287  -0.10905 
  0.10618  -0.01864  -0.12435 
  0.10571   0.02704  -0.08597 
  0.11301   0.00888  -0.09578 
  0.10466   0.00547  -0.12413 
