  0.08197   0.12821   0.04624 
  0.04897   0.05429   0.00532 
  0.02987   0.02664  -0.00323 
  0.03251   0.03195  -0.00056 
  0.00973   0.01599   0.00626 
 -0.00337    0.0008   0.00417 
 -0.00818   0.01901   0.02719 
 -0.00745   0.00084   0.00829 
  0.06676   0.08624   0.01948 
 -0.01063   0.01007    0.0207 
  0.02337   0.02967    0.0063 
  0.04335   0.10811   0.06476 
  0.00346   0.06046     0.057 
  0.01106   0.02015   0.00909 
  0.00553   0.07113    0.0656 
 -0.02093  -0.00064   0.02029 
  0.08988   0.08893  -0.00095 
  0.02787   0.02453  -0.00334 
  0.02932   0.05905   0.02973 
  0.09514    0.0013  -0.09384 
  0.12805    0.0036  -0.12445 
  0.04779   0.02761  -0.02018 
  0.02748   0.02809   0.00061 
  0.02872   0.01711  -0.01161 
  0.07046   0.07154   0.00108 
 -0.00637    0.0184   0.02477 
 -0.00903  -0.00913   -0.0001 
  0.07001   0.07111    0.0011 
 -0.00436   0.00024    0.0046 
  0.00498    0.0145   0.00952 
  0.03796   0.02983  -0.00813 
  0.00106   0.00917   0.00811 
  -0.0136    0.0168    0.0304 
  0.02971   0.02409  -0.00562 
  0.08388   0.08985   0.00597 
  0.03678   0.04024   0.00346 
  0.00641   0.02019   0.01378 
 -0.02413   0.01651   0.01701 
   0.0091   0.02582   0.04064 
 -0.00444  -0.00181   0.01672 
  0.00654   0.01733   0.02177 
  0.06341   0.00911   0.00257 
  0.01696   0.10654   0.04313 
  0.02754   0.05581   0.03885 
  0.12111   0.04864    0.0211 
  0.03932   0.15109   0.02998 
  0.03791   0.03627  -0.00305 
  0.05657   0.05613   0.01822 
  0.03664   0.04608  -0.01049 
  0.05384   0.02592  -0.01072 
  -0.0042   0.04362  -0.01022 
  0.00957    0.0101    0.0143 
  0.07963   0.03267    0.0231 
  0.01172   0.09823    0.0186 
  0.01385   0.01385   0.00213 
