 -0.08025  -0.02137   0.05888 
  0.04098    0.1004   0.05942 
 -0.00678   0.10863   0.11541 
 -0.01655   0.08193   0.09848 
 -0.05896   0.06915   0.12811 
 -0.00119   0.09779   0.09898 
 -0.12305   0.01026   0.13331 
  0.05562   0.10878   0.05316 
  0.02116   0.15803   0.13687 
  0.07374   0.14156   0.06782 
   0.0677   0.20507   0.13737 
  0.00044   0.15745   0.15701 
 -0.04271   0.05389   0.08721 
 -0.03935   0.12562    0.0966 
  0.08505   0.17836   0.16497 
  -0.0107   0.07837   0.09331 
  0.01673   0.11505   0.08907 
  0.02874   0.10804   0.09832 
   0.1436   0.26518    0.0793 
 -0.09082   0.07717   0.12158 
   0.0033   0.09646   0.16799 
  0.10036   0.11371   0.09316 
  0.00983   0.08879   0.01335 
  -0.0277   0.06518   0.07896 
 -0.06559   0.04981   0.09288 
 -0.07503   0.06007    0.1154 
  0.00107   0.07687    0.1351 
  0.03589   0.18658    0.0758 
  0.03776   0.16663   0.15069 
 -0.00478   0.07368   0.12887 
 -0.04207   0.13626   0.07846 
 -0.02358   0.16076   0.15984 
 -0.02829    0.0676   0.11754 
  0.15204   0.27722   0.09589 
  0.06152   0.16051   0.12518 
 -0.09267   0.10609   0.11445 
 -0.03324   0.07811   0.09899 
  0.01869   0.10325   0.12012 
  0.16217   0.20262   0.19876 
 -0.02188   0.05364   0.11135 
 -0.00281   0.09461   0.08456 
  0.04468    0.2686   0.04045 
   0.0827   0.12152   0.07552 
 -0.02307   0.09093   0.09742 
   0.0752   0.12851   0.22392 
  0.03096   0.12434   0.03882 
  0.07353      0.18     0.114 
  0.01929   0.14018   0.05331 
  0.07657   0.13214   0.09338 
 -0.08832   0.10004   0.10647 
  0.00594   0.06538   0.12089 
