  0.12366   0.00813  -0.11553 
  0.14097   0.02783  -0.11314 
  0.13112   0.01179  -0.11933 
  0.07806   0.00296   -0.0751 
  0.09795   0.01975   -0.0782 
  0.09553   0.00306  -0.09247 
  0.10641   0.00844  -0.09797 
   0.0946   0.00717  -0.08743 
  0.11782   0.00445  -0.11337 
  0.13611   0.04157  -0.09454 
   0.1105   0.00814  -0.10236 
  0.12761   0.01481   -0.1128 
  0.12819   0.00908  -0.11911 
  0.10326  -0.00232  -0.10558 
   0.1159     6e-05  -0.11584 
  0.11048   0.00864  -0.10184 
  0.13771   0.00914  -0.12857 
  0.13586    0.0291  -0.10676 
   0.1167   0.00858  -0.10812 
  0.10653   0.02799  -0.07854 
  0.08076  -0.01185  -0.09261 
  0.09607   0.00418  -0.09189 
  0.11532   0.01277  -0.10255 
  0.13094  -0.00212  -0.13306 
  0.10844   0.01209  -0.09635 
    0.109    0.0218   -0.0872 
  0.10081   0.00531   -0.0955 
  0.09309   -0.0018  -0.09489 
  0.08845   -0.0035  -0.09195 
  0.17008   0.01068  -0.09114 
  0.10182  -0.00497  -0.12211 
  0.11714   0.01937   -0.0925 
  0.11187   0.01323    -0.092 
  0.10523   0.03261  -0.11498 
  0.14759   0.00813  -0.08178 
  0.08991   0.02038  -0.08791 
  0.10829   0.01227  -0.10427 
  0.11654  -0.00421  -0.12735 
  0.12314   0.01173  -0.08734 
  0.09907  -0.00149  -0.09509 
   0.0936  -0.00817  -0.09965 
  0.09148   -0.0073  -0.10536 
  0.09806   0.01398  -0.09697 
  0.11095   0.00352  -0.10269 
  0.10621   0.00158  -0.10586 
  0.10744   0.00869  -0.08997 
  0.09866    0.0158  -0.08988 
  0.10568  -0.01252  -0.11842 
   0.1059   0.01917   -0.0967 
  0.11587   0.00959  -0.11542 
  0.12501   0.00427  -0.09598 
  0.10025  -0.00633  -0.13178 
  0.12545   0.02258  -0.11206 
  0.13464   0.00383  -0.09561 
  0.09944     0.031  -0.10478 
  0.13578   0.00978  -0.08072 
