 -0.02382   0.05923   0.08305 
  0.02169    0.1423   0.12061 
  0.05194   0.18205   0.13011 
 -0.15458   0.05687   0.21145 
 -0.04234   0.10287   0.14521 
 -0.08911   0.13723   0.22634 
 -0.16561   0.08465   0.25026 
  0.02771    0.0713   0.04359 
  0.03684   0.15025   0.20441 
   0.0108   0.13041   0.08026 
 -0.01549    0.1171   0.15405 
  0.11336   0.16485   0.13828 
  0.02439   0.12279   0.06091 
 -0.08405   0.17427   0.04072 
 -0.06328   0.06511   0.19619 
 -0.05894   0.11214   0.15493 
 -0.00734   0.09165   0.13821 
 -0.10206   0.07927   0.07806 
  0.03257   0.07072    0.2014 
  -0.0573   0.09934   0.07811 
  -0.0873   0.11068    0.1256 
 -0.07883    0.0683   0.17972 
 -0.05276   0.09242   0.18948 
  0.01264   0.11065   0.08087 
 -0.01982   0.02811   0.15459 
  0.14507   0.16723   0.08447 
 -0.08778   0.06465  -0.05149 
 -0.07722    0.0086   0.17406 
  0.00379   0.14172   0.17682 
 -0.03818   0.09358    0.1046 
  0.02003   0.08628   0.23158 
 -0.11446   0.24184   0.07478 
 -0.06925    0.0996   0.19152 
 -0.00118   0.10839   0.10381 
 -0.12278    0.1934    0.1059 
 -0.07555   0.09481   0.21758 
 -0.02857   0.15927   0.12314 
 -0.00769   0.07706   0.13912 
 -0.02856   0.03456   0.07851 
 -0.07824   0.10472   0.18901 
 -0.06724    0.0948   0.11839 
 -0.08398   0.04759   0.15186 
  -0.0126   0.11055   0.14878 
  -0.0873   0.07082   0.13069 
 -0.05378   0.16045   0.18254 
 -0.12587   0.04015   0.19677 
