  0.01583   0.07128   0.05545 
 -0.01891   0.00611   0.02502 
  -0.0027    0.0516    0.0543 
 -0.00507   0.02592   0.03099 
 -0.01368    0.0149   0.02858 
 -0.01743  -0.01359   0.00384 
 -0.02093   0.06988   0.09081 
 -0.06146   0.01087   0.07233 
 -0.02752   0.01219   0.03971 
 -0.01717   0.00329   0.02046 
 -0.00997   0.04485   0.05482 
 -0.01591   0.01202   0.02793 
 -0.02464   0.01227   0.03691 
 -0.01752    0.0173   0.03482 
 -0.01591     0.009   0.02491 
 -0.05531   0.00956   0.06487 
 -0.06108   0.01419   0.07527 
 -0.02056   0.02913   0.04969 
 -0.00231    0.0499   0.05221 
  0.02524   0.07779   0.05255 
  0.02651   0.03144   0.00493 
  -0.0074   0.05899   0.06639 
 -0.00272   0.02143   0.02415 
  -0.0097   0.06163   0.07133 
  0.01157    0.0151   0.00353 
  0.03546   0.05079   0.01533 
  0.03055   0.05079   0.02024 
  -0.0361   0.00394   0.04004 
 -0.05059   0.01687   0.06746 
 -0.03253   0.04317    0.0757 
 -0.01263   0.00416   0.01679 
  0.00179   0.02937   0.02758 
  0.01856   0.05032   0.03176 
 -0.00874   0.00594   0.01468 
 -0.01607   0.01438   0.03045 
 -0.02219   0.01241    0.0346 
 -0.02527   0.01914   0.04441 
 -0.02092    -0.002   0.01892 
 -0.01332   0.01627   0.02959 
 -0.00358   0.02114   0.02472 
  0.00426   0.04155   0.03729 
 -0.02823   0.00485   0.03308 
 -0.02405  -0.00933   0.01472 
  0.00393   0.05695   0.05302 
 -0.04316   0.00566   0.04882 
 -0.03797  -0.00021   0.03776 
 -0.02334   0.00792   0.03126 
 -0.02964   0.01612   0.04576 
  0.02849  -0.01422  -0.04271 
 -0.01818   0.00276   0.02094 
 -0.00529   0.02382   0.02911 
 -0.00126   0.02729   0.02855 
  0.00468    0.0421   0.03742 
 -0.01127   0.00667   0.01794 
 -0.01596   0.00376   0.01972 
  -0.0045   0.03754   0.04204 
 -0.00971   0.01733   0.02704 
 -0.00796    0.0128   0.02076 
  -0.0009   0.02002   0.02092 
  -0.0166  -0.01133   0.00527 
 -0.02266   0.01305   0.03571 
  0.05855   0.07179   0.01324 
 -0.01048   0.00483   0.01531 
   -0.006   0.01003   0.01603 
  -0.0392   0.00909   0.04829 
