  0.11604   0.02891  -0.08713 
  0.07153   0.00357  -0.06796 
  0.09551  -0.00385  -0.09936 
  0.07907  -0.00265  -0.08172 
  0.07577    0.0023  -0.07347 
  0.08059  -0.01016  -0.09075 
  0.09345   0.02365   -0.0698 
  0.11719   0.01348  -0.10371 
  0.07362  -0.00175  -0.07537 
  0.08879  -0.01202  -0.10081 
  0.07633  -0.00099  -0.07732 
  0.06574  -0.01094  -0.07668 
  0.07644   -0.0043  -0.08074 
  0.08008  -0.00385  -0.08393 
   0.0837  -0.00162  -0.08532 
  0.07817   0.00102  -0.07715 
  0.07672  -0.00563  -0.08235 
  0.07342   0.00291  -0.07051 
  0.08722   0.00054  -0.08668 
   0.0938   0.01624  -0.07756 
  0.09361   0.01008  -0.08353 
  0.07807   -0.0091  -0.08717 
  0.10145   0.00133  -0.10012 
   0.0689  -0.00599  -0.07489 
  0.08569   0.00099   -0.0847 
  0.13607   0.03736  -0.09871 
  0.13607   0.03736  -0.09871 
  0.09527  -0.00993   -0.1052 
  0.07373  -0.00063  -0.07436 
  0.06717  -0.00258  -0.06975 
  0.07524   0.00042  -0.07482 
  0.10439   0.01085  -0.09354 
  0.08441   0.00199  -0.08242 
  0.08334  -0.00427  -0.08761 
  0.08878   0.00242  -0.08636 
  0.08465   0.00389  -0.08076 
  0.08651  -0.00254  -0.08905 
  0.08913   0.00271  -0.08642 
  0.08112   0.00539  -0.07573 
  0.09165   0.00048  -0.09117 
  0.09959    0.0077  -0.09189 
  0.06922  -0.01215  -0.08137 
  0.07886  -0.00874   -0.0876 
  0.05472  -0.00531  -0.06003 
  0.07379  -0.02616  -0.09995 
  0.07297  -0.00054  -0.07351 
  0.08392   0.00144  -0.08248 
   0.0804     8e-05  -0.08032 
  0.10555   0.00883  -0.09672 
  0.08791   0.00208  -0.08583 
  0.06295  -0.00285   -0.0658 
  0.12572     1e-05  -0.12571 
  0.07746  -0.00319  -0.08065 
  0.09319   0.00183  -0.09136 
  0.08794   0.00722  -0.08072 
  0.08843   0.00721  -0.08122 
  0.08207  -0.01155  -0.09362 
  0.09346   0.00175  -0.09171 
  0.09196  -0.00121  -0.09317 
  0.10323   0.00522  -0.09801 
  0.08094   0.00057  -0.08037 
  0.09765   0.01824  -0.07941 
   0.0699  -0.00204  -0.07194 
  0.08112  -0.00683  -0.08795 
  0.07311    0.0004  -0.07271 
