 -0.00329   0.05129   0.05458 
 -0.01223   0.00946   0.02169 
 -0.06245   0.01555     0.078 
 -0.03064   0.00695   0.03759 
 -0.00623   0.02761   0.03384 
  -0.0223  -0.01829   0.00401 
 -0.00402   0.06024   0.06426 
 -0.10492   0.02826   0.13318 
 -0.06789   0.00677   0.07466 
 -0.03029  -0.00207   0.02822 
  0.01256   0.03612   0.02356 
 -0.02181   0.01354   0.03535 
 -0.02146   0.00708   0.02854 
 -0.05132   0.01235   0.06367 
  -0.0643   0.00214   0.06644 
 -0.07866    0.0298   0.10846 
 -0.07273   0.00455   0.07728 
 -0.03177   0.05321   0.08498 
 -0.00944   0.04764   0.05708 
 -0.10092   0.01748    0.1184 
  0.02836   0.06053   0.03217 
 -0.06369    0.0412   0.10489 
 -0.04201   0.01335   0.05536 
  -0.0566   0.03601   0.09261 
 -0.01996     0.012   0.03196 
 -0.03848    0.0244   0.06288 
 -0.03848    0.0244   0.06288 
 -0.01134   0.00508   0.01642 
 -0.01431   0.02077   0.03508 
 -0.12277   0.04004   0.16281 
 -0.02821   0.01001   0.03822 
 -0.01903   0.00555   0.02458 
  0.00872   0.02514   0.01642 
 -0.05704  -0.01448   0.04256 
  -0.0069   0.01156   0.01846 
  -0.0102   0.01472   0.02492 
 -0.03252   0.00743   0.03995 
 -0.03718  -0.01513   0.02205 
 -0.01647   0.00135   0.01782 
 -0.00872   0.02631   0.03503 
 -0.01849   0.02214   0.04063 
 -0.00799  -0.00038   0.00761 
 -0.01999   0.00059   0.02058 
 -0.02475   0.03626   0.06101 
 -0.01451   0.02511   0.03962 
 -0.02171   0.01036   0.03207 
 -0.03856  -0.00034   0.03822 
 -0.00761   0.01616   0.02377 
  0.04372   0.02196  -0.02176 
  -0.0146   0.00867   0.02327 
 -0.01931   0.01165   0.03096 
 -0.00445   0.00682   0.01127 
 -0.04111   0.01463   0.05574 
 -0.01489   0.00622   0.02111 
 -0.01767   0.00789   0.02556 
 -0.00711   0.04116   0.04827 
 -0.01077   0.02422   0.03499 
 -0.04816   0.00045   0.04861 
 -0.04115  -0.00306   0.03809 
 -0.01841   0.00479    0.0232 
 -0.03692   0.00693   0.04385 
 -0.01264   0.03181   0.04445 
 -0.03151    0.0057   0.03721 
 -0.01496    0.0211   0.03606 
 -0.03426   0.01198   0.04624 
