 -0.05724   0.03028   0.08752 
 -0.03995   0.02637   0.06632 
  -0.0048   0.04141   0.04621 
 -0.02807    0.0122   0.04027 
  -0.0188  -0.00328   0.01552 
 -0.03316  -0.00331   0.02985 
  -0.0353   0.01598   0.05128 
 -0.01621   0.00402   0.02023 
  0.01646   0.05851   0.04205 
   0.0061    0.0081     0.002 
 -0.02117   -0.0105   0.01067 
 -0.01298   0.01805   0.03103 
  -0.0082    0.0171    0.0253 
 -0.00976   0.00999   0.01975 
 -0.01374   0.01399   0.02773 
 -0.00483   0.02561   0.03044 
 -0.03952  -0.00506   0.03446 
 -0.01912   0.01886   0.03798 
 -0.00686   0.02517   0.03203 
 -0.02384   0.02796    0.0518 
 -0.02792   0.01222   0.04014 
 -0.02015   0.00937   0.02952 
 -0.02185   0.00942   0.03127 
 -0.00998   0.01809   0.02807 
 -0.03987   0.02076   0.06063 
 -0.03525   0.06997   0.10522 
 -0.00107   0.02375   0.02482 
  0.00545   0.04296   0.03751 
 -0.01132   0.00811   0.01943 
 -0.01511    0.0072   0.02231 
 -0.05113   0.00212   0.05325 
 -0.02799    0.0262   0.05419 
  0.02988   0.04854   0.01866 
 -0.00635   0.01215    0.0185 
 -0.03606  -0.00327   0.03279 
  0.04184   0.07971   0.03787 
 -0.02264  -0.00083   0.02181 
  0.01605   0.02433   0.00828 
 -0.00822   0.01558    0.0238 
  0.03748   0.08268    0.0452 
  0.04241   0.04911    0.0067 
 -0.01086   0.02697   0.03783 
  0.01611   0.02232   0.00621 
  -0.0227   0.06829   0.09099 
  -0.1095   0.03411   0.14361 
 -0.01765   0.01412   0.03177 
  -0.0287   0.01926   0.04796 
 -0.02697   0.01869   0.04566 
 -0.01927   0.03345   0.05272 
 -0.04317   0.01205   0.05522 
 -0.01365   0.01072   0.02437 
 -0.04033  -0.00218   0.03815 
 -0.02712   0.00958    0.0367 
 -0.04419   0.01246   0.05665 
 -0.03138   0.00484   0.03622 
 -0.02238   0.01077   0.03315 
