  0.07676   0.00283  -0.07393 
  0.10939   0.00155  -0.10784 
  0.07539  -0.01615  -0.09154 
  0.08136   0.00726   -0.0741 
  0.07941  -0.00178  -0.08119 
  0.06888   0.01549  -0.05339 
  0.08202  -0.00067  -0.08269 
  0.11095    0.0116  -0.09935 
  0.10508  -0.00511  -0.11019 
  0.11249   0.01844  -0.09405 
  0.10264   0.00236  -0.10028 
  0.07704  -0.00244  -0.07948 
  0.08412   -0.0123  -0.09642 
  0.10467   0.00546  -0.09921 
  0.07226  -0.01357  -0.08583 
    0.081  -0.01186  -0.09286 
  0.08174  -0.00137  -0.08311 
  0.09878   0.00998   -0.0888 
  0.07643   -0.0041  -0.08053 
  0.07889   0.00599   -0.0729 
  0.06261  -0.00466  -0.06727 
  0.09666  -0.00718  -0.10384 
  0.10648  -0.00615  -0.11263 
  0.07941    0.0019  -0.07751 
  0.11063   0.01103   -0.0996 
  0.09608  -0.01544  -0.11152 
  0.10028   0.01982  -0.08046 
  0.08899  -0.00033  -0.08932 
  0.07554  -0.01551  -0.09105 
  0.07392  -0.00726  -0.08118 
  0.08394  -0.01195  -0.09589 
  0.11604   0.01531  -0.10073 
  0.08297  -0.00404  -0.08701 
  0.07209  -0.01399  -0.08608 
  0.07271   0.00087  -0.07184 
  0.14331   0.03579  -0.10752 
  0.10218   0.00995  -0.09223 
    0.144  -0.00521  -0.14921 
  0.06649  -0.00315  -0.06964 
   0.0924   0.00706  -0.08534 
  0.12449  -0.00269  -0.12718 
  0.08797  -0.00216  -0.09013 
  0.09819  -0.00541   -0.1036 
  0.08421  -0.00245  -0.08666 
  0.08766  -0.00368  -0.09134 
  0.09597    0.0032  -0.09277 
  0.11385   0.00694  -0.10691 
  0.10696  -0.00149  -0.10845 
  0.10297  -0.00264  -0.10561 
  0.06993   0.00041  -0.06952 
  0.07381  -0.00601  -0.07982 
  0.10044   0.00928  -0.09116 
  0.07888  -0.01367  -0.09255 
  0.07792  -0.00229  -0.08021 
   0.0776  -0.00669  -0.08429 
  0.08197  -0.00751  -0.08948 
