 -0.00215   0.03432   0.03647 
 -0.02975   0.02378   0.05353 
  0.02799   0.07179    0.0438 
 -0.02594   0.00262   0.02856 
 -0.01202    0.0199   0.03192 
 -0.01907   0.01781   0.03688 
 -0.03354   0.01812   0.05166 
 -0.01218   0.01875   0.03093 
 -0.02229    0.0104   0.03269 
 -0.01091   0.00429    0.0152 
  0.01297   0.02716   0.01419 
  0.01451   0.02179   0.00728 
  0.01998   0.02467   0.00469 
 -0.00154   0.03529   0.03683 
  0.01842   0.03585   0.01743 
  0.01366   0.02419   0.01053 
  0.01907   0.03605   0.01698 
   -9e-05   0.01388   0.01397 
  0.00095   0.04844   0.04749 
  0.01541    0.0318   0.01639 
 -0.02333   0.00031   0.02364 
  0.01491   0.02162   0.00671 
 -0.01245   0.00614   0.01859 
 -0.00308   0.04262    0.0457 
 -0.02664   0.04181   0.06845 
 -0.00242   0.00929   0.01171 
  0.02757    0.0423   0.01473 
  0.03101   0.03361    0.0026 
  0.07554  -0.01551  -0.09105 
  -0.0089   0.02303   0.03193 
  0.01279   0.02882   0.01603 
 -0.00936   0.04654    0.0559 
  0.05752   0.06614   0.00862 
 -0.02214   0.00808   0.03022 
 -0.01767    0.0107   0.02837 
  0.01425   0.04942   0.03517 
  0.01692   0.01714   0.00022 
  0.00584   0.03618   0.03034 
 -0.00627   0.01912   0.02539 
  0.04433   0.06436   0.02003 
 -0.01301   0.00889   0.00864 
 -0.00152   0.01664    0.0219 
 -0.03599   0.06866   0.01816 
 -0.03883   0.02072   0.10465 
 -0.02045   0.00806   0.05955 
 -0.00076   0.01063   0.02851 
 -0.01646    0.0051   0.01139 
 -0.00527   0.02722   0.02156 
 -0.04719   0.01436   0.03249 
  0.00832   0.03344   0.06155 
 -0.00592   0.01075   0.02512 
  0.01939   0.02855   0.01667 
 -0.00795   0.02118   0.00916 
  -0.0215   0.00613   0.02913 
 -0.01451   0.00946   0.02763 
