  -0.0246   0.00134   0.02594 
 -0.03739   0.01471    0.0521 
 -0.02881  -0.00316   0.02565 
 -0.00622   0.02465   0.03087 
 -0.02052   0.01021   0.03073 
 -0.02879  -0.01523   0.01356 
 -0.01727   0.00191   0.01918 
 -0.03734   0.00446    0.0418 
 -0.01045   0.02299   0.03344 
 -0.01372   0.00476   0.01848 
 -0.03559   0.00434   0.03993 
 -0.00657   0.02572   0.03229 
 -0.03602   0.00627   0.04229 
 -0.01002   0.00856   0.01858 
 -0.01736   0.00675   0.02411 
  -0.0114   0.02152   0.03292 
  -0.0126   0.00536   0.01796 
  -0.0264   0.00344   0.02984 
 -0.04987   0.03676   0.08663 
 -0.04033   0.02242   0.06275 
 -0.00189    0.0246   0.02649 
 -0.01442   0.06617   0.08059 
 -0.02923  -0.00073    0.0285 
 -0.02032   0.02386   0.04418 
  0.00092   0.00757   0.00665 
 -0.03871   0.00926   0.04797 
  -0.0085   0.02528   0.03378 
 -0.00096   0.03517   0.03613 
 -0.09382   0.01528    0.1091 
 -0.01578   0.01014   0.02592 
 -0.03749   0.00926   0.04675 
 -0.03483   0.03077    0.0656 
 -0.03044  -0.00453   0.02591 
 -0.01228   0.00834   0.02062 
  0.07464    0.1227   0.04806 
 -0.01317    0.0207   0.03387 
 -0.01182   0.01979   0.03161 
 -0.04456   0.01856   0.06312 
  -0.0144   0.02861   0.04301 
 -0.00148   0.02362    0.0251 
 -0.00356   0.00711   0.01067 
 -0.01896   0.00839   0.02735 
 -0.00793   0.03817    0.0461 
 -0.01377    -0.007   0.00677 
  0.02571   0.04342   0.01771 
  -0.0196   0.00246   0.02206 
  -0.0283   0.00673   0.03503 
 -0.02319   0.03241    0.0556 
  -0.0133   0.04519   0.05849 
 -0.01093   0.01676   0.02769 
 -0.03432  -0.00149   0.03283 
 -0.02169   0.02013   0.04182 
  0.00171   0.03944   0.03773 
 -0.00176   0.03512   0.03688 
  0.02637   0.04257    0.0162 
  0.00393   0.03069   0.02676 
  0.00099   0.00986   0.00887 
  0.01061    0.0322   0.02159 
  0.04067   0.07442   0.03375 
