  0.09757   -0.0048  -0.10237 
   0.0794  -0.00036  -0.07976 
  0.09814  -0.00333  -0.10147 
  0.07167   0.00093  -0.07074 
  0.07427  -0.01425  -0.08852 
  0.08323  -0.00318  -0.08641 
  0.08756  -0.00048  -0.08804 
  0.08431  -0.01009   -0.0944 
  0.07188  -0.00328  -0.07516 
  0.07891  -0.00469   -0.0836 
  0.07251  -0.01064  -0.08315 
  0.06297  -0.00935  -0.07232 
  0.06938  -0.00066  -0.07004 
  0.07762   -0.0033  -0.08092 
  0.07453   0.00136  -0.07317 
  0.09697   0.00719  -0.08978 
  0.08648   0.00905  -0.07743 
  0.09629    -0.001  -0.09729 
  0.09392   0.01581  -0.07811 
  0.07811   -0.0088  -0.08691 
  0.09994  -0.00548  -0.10542 
  0.07212  -0.00221  -0.07433 
  0.06171  -0.00204  -0.06375 
   0.0788   -0.0053   -0.0841 
  0.09375   0.00719  -0.08656 
  0.06212  -0.00483  -0.06695 
  0.08505   0.01091  -0.07414 
  0.12324   0.00496  -0.11828 
  0.09257  -0.00097  -0.09354 
  0.08312  -0.00011  -0.08323 
  0.06212  -0.00483  -0.06695 
  0.09154  -0.00958  -0.10112 
  0.07265  -0.01268  -0.08533 
  0.09396  -0.01262  -0.10658 
  0.09012   0.01787  -0.07225 
  0.08032   -0.0003  -0.08062 
  0.07769   0.00136  -0.07633 
  0.07185  -0.00377  -0.07562 
  0.07506   0.00166   -0.0734 
  0.08464   0.00036  -0.08428 
  0.08617  -0.01281  -0.09898 
  0.07815   0.00223  -0.07592 
  0.07169  -0.00882  -0.08051 
  0.06983  -0.00679  -0.07662 
  0.06689   0.00154  -0.06535 
  0.07382  -0.00356  -0.07738 
  0.09863   0.00066  -0.09797 
  0.08463   0.00218  -0.08245 
  0.07914  -0.00726   -0.0864 
  0.09025   0.01016  -0.08009 
  0.06354  -0.00369  -0.06723 
  0.07457  -0.00764  -0.08221 
  0.07893   0.01304  -0.06589 
  0.08055  -0.00783  -0.08838 
  0.10587  -0.00169  -0.10756 
   0.0761  -0.00703  -0.08313 
  0.14952     0.004  -0.14552 
  0.10074   0.00181  -0.09893 
  0.10831   0.00176  -0.10655 
