 -0.01892   0.01395   0.03287 
 -0.03325   0.03444   0.06769 
 -0.00459  -0.00682  -0.00223 
  -0.0233   0.01375   0.03705 
 -0.02909   0.00404   0.03313 
   0.0096   0.01129   0.00169 
 -0.00506  -0.00068   0.00438 
 -0.01283   0.00638   0.01921 
 -0.03296   0.01577   0.04873 
 -0.04111  -0.00315   0.03796 
 -0.02178   0.00777   0.02955 
 -0.01072    0.0187   0.02942 
 -0.02738    0.0081   0.03548 
 -0.00553   0.01683   0.02236 
 -0.01745   0.01222   0.02967 
 -0.00867   0.02977   0.03844 
  0.00012   0.02283   0.02271 
 -0.02148   0.00026   0.02174 
 -0.05978   0.03707   0.09685 
 -0.02154   0.02174   0.04328 
 -0.01349   0.01211    0.0256 
    -0.02   0.05237   0.07237 
 -0.00772   0.00762   0.01534 
 -0.01569   0.01868   0.03437 
 -0.00455    0.0084   0.01295 
 -0.02498   0.00742    0.0324 
 -0.00305   0.01628   0.01933 
 -0.04466  -0.01155   0.03311 
 -0.06988   0.01408   0.08396 
   -0.018   0.01055   0.02855 
 -0.02498   0.00742    0.0324 
  -0.0141   0.02041   0.03451 
 -0.00837   0.01805   0.02642 
 -0.02678   0.00403   0.03081 
  0.02181   0.10997   0.08816 
 -0.00107   0.03443    0.0355 
 -0.00645   0.01201   0.01846 
 -0.01365   0.03057   0.04422 
 -0.03709   0.01997   0.05706 
 -0.02459   0.01435   0.03894 
  0.01445   0.03684   0.02239 
 -0.00927   0.02182   0.03109 
 -0.04081   0.01978   0.06059 
  -0.0185    0.0101    0.0286 
 -0.02228    0.0003   0.02258 
 -0.02436   0.00223   0.02659 
 -0.01575   0.00073   0.01648 
 -0.04772   0.06169   0.10941 
 -0.02854   0.05308   0.08162 
 -0.00129   0.02653   0.02782 
 -0.01969   0.00142   0.02111 
 -0.04976   0.01964    0.0694 
 -0.05869   0.02859   0.08728 
 -0.04752   0.02409   0.07161 
  0.00161   0.00552   0.00391 
 -0.00452   0.01474   0.01926 
   0.0402    0.0364   -0.0038 
  0.04731     0.074   0.02669 
  0.01726   0.05654   0.03928 
