 -0.01278   0.01293   0.02571 
  0.01056   0.00944  -0.00112 
 -0.09597   0.04339   0.13936 
 -0.04206   0.00727   0.04933 
  0.00676   0.05319   0.04643 
  0.03965   0.05966   0.02001 
 -0.00321  -0.00907  -0.00586 
 -0.01442   0.00313   0.01755 
 -0.01958   0.02304   0.04262 
 -0.01709   0.03399   0.05108 
 -0.01443   0.00835   0.02278 
 -0.01524   0.00813   0.02337 
 -0.00228   0.01177   0.01405 
  0.00836   0.01467   0.00631 
  0.00026   0.02231   0.02205 
 -0.01164   0.06651   0.07815 
 -0.01148   0.01623   0.02771 
  0.00026   0.02231   0.02205 
  0.00168   0.03982   0.03814 
 -0.04367   0.01021   0.05388 
  0.00836   0.01467   0.00631 
 -0.00996   0.01697   0.02693 
 -0.01968   0.00743   0.02711 
 -0.00867   0.01097   0.01964 
 -0.02979  -0.01162   0.01817 
  0.02154   0.03324    0.0117 
  0.00267     0.036   0.03333 
  0.01025   0.03453   0.02428 
 -0.01859    0.0018   0.01939 
  0.00973   0.01961   0.02039 
 -0.00107    0.0031   0.00988 
 -0.03547  -0.00253   0.00417 
  0.01031   0.04087   0.03294 
 -0.01356  -0.01365   0.03056 
 -0.00195   0.01309    -9e-05 
  0.00285   0.02654   0.01504 
  -0.0082   0.00409   0.02369 
 -0.00695   0.01701   0.01229 
  -0.0037   0.01245   0.02396 
  0.02882   0.00361   0.01615 
   0.0161   0.05215  -0.02521 
 -0.00471   0.01675   0.03605 
  0.03255   0.05799   0.02146 
  0.02839   0.08257   0.02544 
 -0.00131   0.02553   0.05418 
 -0.00908   0.00543   0.02684 
 -0.01097   0.00509   0.01451 
  0.00939   0.01647   0.01606 
  0.03059   0.08477   0.00708 
 -0.01779   0.01821   0.05418 
    5e-05   0.02824     0.036 
  0.01846   0.11058   0.02819 
  0.02261   0.05988   0.09212 
  0.01829   0.04735   0.03727 
 -0.00936   0.02908   0.02906 
 -0.04201   0.00651   0.03844 
 -0.01079   0.01303   0.04852 
 -0.05631   0.00874   0.02382 
 -0.02039   0.02232   0.06505 
