  0.08525   0.00128  -0.08397 
  0.11002   -0.0054  -0.11542 
  0.08736   0.00313  -0.08423 
  0.09409  -0.00084  -0.09493 
  0.10806     0.004  -0.10406 
  0.08019   -0.0017  -0.08189 
  0.07768  -0.00234  -0.08002 
  0.09509  -0.00124  -0.09633 
  0.10128   0.00073  -0.10055 
  0.07481  -0.00088  -0.07569 
  0.06846  -0.00732  -0.07578 
  0.08805   0.00252  -0.08553 
  0.09509  -0.00124  -0.09633 
  0.08839   0.00063  -0.08776 
  0.09381  -0.00254  -0.09635 
  0.08561   0.00368  -0.08193 
  0.06687   0.00011  -0.06676 
  0.09381  -0.00254  -0.09635 
  0.08627    0.0003  -0.08597 
  0.08536  -0.00918  -0.09454 
  0.08839  -0.00589  -0.09428 
  0.06851  -0.00215  -0.07066 
  0.09221   0.00315  -0.08906 
  0.08148  -0.00094  -0.08242 
  0.07392  -0.00556  -0.07948 
  0.11068   0.00771  -0.10297 
  0.08704   0.00012  -0.08692 
  0.09339  -0.00017  -0.09356 
  0.08949   0.00594  -0.08355 
   0.0756   -0.0073   -0.0829 
  0.08556   0.00514  -0.08042 
  0.08986   -0.0103  -0.10016 
  0.08657   0.00755  -0.07902 
   0.0683  -0.00604  -0.07434 
  0.08114   0.00473  -0.07641 
  0.06888  -0.00235  -0.07123 
  0.07789   0.00099   -0.0769 
  0.09174  -0.00171  -0.09345 
  0.10748    0.0003  -0.10718 
  0.08174   0.01234   -0.0694 
  0.09508   0.00208    -0.093 
  0.09393  -0.00147   -0.0954 
  0.07775  -0.01314  -0.09089 
  0.10446  -0.00418  -0.10864 
  0.08876   0.01201  -0.07675 
  0.07376  -0.00743  -0.08119 
  0.09607   0.01168  -0.08439 
  0.09353   0.00247  -0.09106 
  0.08292   0.00459  -0.07833 
  0.08876   0.01044  -0.07832 
  0.08468  -0.01322   -0.0979 
  0.06483  -0.00248  -0.06731 
  0.08368  -0.00043  -0.08411 
  0.08236  -0.00711  -0.08947 
  0.12039   0.01235  -0.10804 
  0.08301   0.00772  -0.07529 
  0.07734  -0.00147  -0.07881 
  0.07085    -0.009  -0.07985 
  0.08562  -0.01051  -0.09613 
  0.09178   0.01325  -0.07853 
