 -0.03053    0.0028   0.03333 
 -0.00505   0.00665    0.0117 
  0.05081   0.14984   0.09903 
 -0.03812   0.00992   0.04804 
 -0.03194   0.02614   0.05808 
  0.00861   0.01442   0.00581 
 -0.00047   0.00605   0.00652 
 -0.00956   0.02338   0.03294 
 -0.02748   0.00228   0.02976 
 -0.06013   0.00817    0.0683 
 -0.01257  -0.00994   0.00263 
 -0.01242   0.02313   0.03555 
 -0.00956   0.01599   0.02555 
 -0.01355   0.01171   0.02526 
  -0.0084   0.02557   0.03397 
  0.00911   0.08836   0.07925 
 -0.01673  -0.00124   0.01549 
  -0.0084   0.02557   0.03397 
  0.00057   0.04132   0.04075 
 -0.01071   0.01615   0.02686 
 -0.01355   0.01171   0.02526 
 -0.00549   0.00958   0.01507 
 -0.00368   0.01632      0.02 
 -0.01237   0.00756   0.01993 
 -0.01764   0.00241   0.02005 
   0.0253   0.04533   0.02003 
   0.0241   0.05411   0.03001 
  -0.0021   0.02234   0.02444 
 -0.02325   0.04545    0.0687 
  0.01205   0.01732   0.00527 
   0.0338   0.04567   0.01187 
 -0.00845  -0.01017  -0.00172 
  0.00205   0.01336   0.01131 
   -0.014   0.01886   0.03286 
 -0.03249  -0.04679   -0.0143 
 -0.02408   0.01575   0.03983 
 -0.00736   0.02287   0.03023 
 -0.01724  -0.00129   0.01595 
 -0.01587   0.01116   0.02703 
 -0.00711   0.00628   0.01339 
  0.00307  -0.00381  -0.00688 
  -0.0094   0.05006   0.05946 
   0.0122   0.00964  -0.00256 
 -0.01215   0.05847   0.07062 
 -0.00778   0.09544   0.10322 
 -0.02604    0.0417   0.06774 
  0.02289   0.03305   0.01016 
 -0.01516   0.00186   0.01702 
 -0.00162   0.01498    0.0166 
  0.03108   0.07874   0.04766 
 -0.02155  -0.01202   0.00953 
 -0.02318   0.01407   0.03725 
 -0.00368   0.06796   0.07164 
  0.01154    0.1001   0.08856 
 -0.01376    0.0316   0.04536 
  0.01686   0.03963   0.02277 
 -0.04806   0.03278   0.08084 
 -0.02449  -0.00081   0.02368 
  0.00424   0.02873   0.02449 
 -0.01775   0.02737   0.04512 
