 -0.00968   0.02806   0.03774 
    0.017   0.03855   0.02155 
 -0.02763   0.04585   0.07348 
  0.05101   0.07864   0.02763 
 -0.03858   0.01079   0.04937 
 -0.01267    0.0132   0.02587 
 -0.01658   0.00205   0.01863 
 -0.01165   0.02111   0.03276 
  0.03364   0.05944    0.0258 
  0.01014   0.05812   0.04798 
  0.00634   0.08556   0.07922 
  -0.0094   0.04283   0.05223 
   0.0517   0.12249   0.07079 
  0.03355   0.12398   0.16001 
  0.01862   0.02005   0.09043 
 -0.00394   0.04842   0.00143 
 -0.05331   0.13537   0.05236 
  0.06398   0.08643   0.18868 
  0.00516   0.01856   0.02245 
  0.01403   0.03952    0.0134 
 -0.07593   0.05283   0.02549 
 -0.00559   0.03292   0.12876 
 -0.01664   0.04514   0.03851 
  -0.0097   0.02598   0.06178 
  0.01046   0.04643   0.03568 
 -0.01648   0.02376   0.03597 
  0.11123   0.22221   0.04024 
 -0.02959   0.00232   0.11098 
  0.03596   0.06533   0.03191 
 -0.03187   0.02247   0.02937 
 -0.00796   0.04267   0.05434 
 -0.01732   0.03123   0.05063 
   0.0126   0.05282   0.04855 
  0.01877   0.04142   0.04022 
 -0.01176   0.03045   0.02265 
  -0.0051   0.03378   0.04221 
 -0.01519    0.0111   0.03888 
 -0.00402   0.02686   0.02629 
  0.01731   0.05673   0.03088 
 -0.03633    0.0559   0.03942 
  0.00287   0.01802   0.09223 
 -0.01163    0.0152   0.01515 
   -0.005   0.05007   0.02683 
 -0.02316   0.02311   0.05507 
  0.00869   0.02745   0.04627 
 -0.06128   0.05215   0.01876 
 -0.04632   0.00575   0.11343 
  0.02979   0.03191   0.05207 
  0.02458   0.04948   0.00212 
  0.00722   0.03857    0.0249 
  0.03784   0.19613   0.03135 
 -0.01689   0.03648   0.15829 
 -0.02732  -0.00386   0.05337 
  0.05205   0.07859   0.02346 
 -0.02375   0.04746   0.02654 
 -0.02164   0.02421   0.07121 
 -0.01534   0.01882   0.04585 
  -0.0133   0.06981   0.03416 
 -0.02722   0.06487   0.08311 
  0.01389   0.04902   0.09209 
  0.00408   0.01624   0.03513 
  0.02069   0.06653   0.01216 
 -0.03379   0.02793   0.04584 
