  0.10112   0.00601  -0.09511 
  0.09868   0.00408   -0.0946 
  0.08761   -0.0111  -0.09871 
   0.0901   -0.0121   -0.1022 
  0.08434  -0.00614  -0.09048 
  0.08531  -0.00428  -0.08959 
  0.09148   0.00756  -0.08392 
   0.0935  -0.01011  -0.10361 
   0.0857  -0.00871  -0.09441 
  0.10307   0.00317   -0.0999 
  0.10953   0.00504  -0.10449 
  0.11728   0.00148   -0.1158 
   0.1501   0.01207  -0.13803 
  0.15963   0.03408  -0.12555 
  0.10367  -0.01425  -0.11792 
  0.13463  -0.01829  -0.15292 
  0.10844   0.01072  -0.09772 
  0.12025   0.00542  -0.11483 
  0.09697   -0.0208  -0.11777 
  0.07904   0.00171  -0.07733 
  0.07646   -0.0055  -0.08196 
  0.09619    0.0162  -0.07999 
  0.09895   0.00801  -0.09094 
  0.12567  -0.01584  -0.14151 
  0.09035  -0.00202  -0.09237 
  0.10966   0.00371  -0.10595 
  0.09058   0.00341  -0.08717 
  0.10401  -0.00116  -0.10517 
  0.14957   0.00884  -0.14073 
  0.09592  -0.00604  -0.10196 
  0.09551   0.01337  -0.08214 
  0.07822   0.00622    -0.072 
  0.09811  -0.02853  -0.12664 
  0.10046   0.00668  -0.09378 
  0.11951  -0.00619   -0.1257 
  0.11139   0.00943  -0.10196 
  0.08992   0.01886  -0.07106 
   0.0863   0.00669  -0.07961 
  0.08606    0.0028  -0.08326 
  0.10065   0.00261  -0.09804 
  0.12693   0.02841  -0.09852 
  0.11914   0.01614    -0.103 
   0.0714  -0.00389  -0.07529 
  0.09852  -0.00928   -0.1078 
  0.07095   0.00307  -0.06788 
  0.09669   -0.0002  -0.09689 
  0.12872   0.01319  -0.11553 
  0.08585   -0.0033  -0.08915 
  0.08771   -0.0064  -0.09411 
  0.10184    0.0099  -0.09194 
  0.09497   0.00168  -0.09329 
  0.11382   0.00487  -0.10895 
  0.10752   0.00053  -0.10699 
  0.08244  -0.00669  -0.08913 
  0.08341   0.00407  -0.07934 
  0.09401  -0.00067  -0.09468 
  0.08982   0.01147  -0.07835 
  0.10906   0.00617  -0.10289 
  0.10516    0.0062  -0.09896 
  0.11614   0.01158  -0.10456 
  0.14957   0.00283  -0.14674 
  0.10468   0.00549  -0.09919 
  0.13114   0.01751  -0.11363 
  0.09198   -0.0029  -0.09488 
