 -0.01395   0.02248   0.03643 
  0.00671   0.03784   0.03113 
  0.01469    0.0719   0.05721 
 -0.00193    0.0312   0.03313 
  0.03139   0.01653  -0.01486 
 -0.02211   0.01043   0.03254 
  0.00546   0.02613   0.02067 
  -0.0048   0.02165   0.02645 
 -0.01036   0.06479   0.07515 
 -0.00577   0.05762   0.06339 
  0.04601   0.12613   0.08012 
  0.00363    0.0493   0.04567 
  0.07906   0.08162   0.00256 
  0.01352   0.05021   0.03669 
 -0.14854   0.03449   0.18303 
 -0.02197   0.03506   0.05703 
  0.03483   0.05203    0.0172 
  0.05007   0.04804  -0.00203 
 -0.00857   0.01722   0.02579 
  0.01095   0.04147   0.03052 
  0.02893   0.07548   0.04655 
  -0.0082   0.03379   0.04199 
   0.0107   0.03074   0.02004 
 -0.01242   0.01629   0.02871 
 -0.02721   0.01442   0.04163 
  0.01042   0.03811   0.02769 
  0.02949   0.10822   0.07873 
 -0.02641   0.01703   0.04344 
  0.02621   0.04486   0.01865 
 -0.01326   0.04161   0.05487 
  -0.0142   0.03423   0.04843 
 -0.06536  -0.01562   0.04974 
  0.05415   0.09908   0.04493 
  0.03011   0.04163   0.01152 
   0.0208   0.04537   0.02457 
  0.03387   0.07891   0.04504 
   0.0077    0.0363    0.0286 
 -0.00207   0.01226   0.01433 
  0.01155   0.05799   0.04644 
 -0.03783   0.05154   0.08937 
   0.0133   0.02187   0.00857 
 -0.01156   0.03437   0.04593 
 -0.00247   0.02805   0.03052 
   -0.027   0.00809   0.03509 
  0.02644   0.04689   0.02045 
 -0.01613   0.03209   0.04822 
  0.00377   0.01055   0.00678 
  0.00745   0.03994   0.03249 
  0.00192   0.05262    0.0507 
  0.02285   0.04821   0.02536 
  0.00765   0.10666   0.09901 
 -0.02954   0.03619   0.06573 
  -0.0054   0.01755   0.02295 
  0.00258   0.03636   0.03378 
 -0.00357   0.04277   0.04634 
 -0.01012    0.0288   0.03892 
 -0.01606   0.02679   0.04285 
  0.02017   0.07057    0.0504 
  0.06244   0.10674    0.0443 
 -0.00997   0.04896   0.05893 
  0.01576   0.02248   0.00672 
  0.03586   0.07168   0.03582 
  0.05724    0.0677   0.01046 
