 -0.09899  -0.02417   0.07482 
 -0.01234   0.01678   0.02912 
 -0.03586   0.00669   0.04255 
 -0.01952   0.05636   0.07588 
 -0.03543   0.03169   0.06712 
 -0.01673   0.02178   0.03851 
  0.02651   0.05047   0.02396 
 -0.02164     0.041   0.06264 
 -0.02486   0.03164    0.0565 
  0.00095   0.02229   0.02134 
 -0.00634    0.0279   0.03424 
 -0.00493   0.00653   0.01146 
  0.00034   0.04694    0.0466 
  0.01474   0.07765   0.06291 
  0.02599   0.05385   0.02786 
  0.00173   0.01585   0.01412 
  0.00072   0.02279   0.02207 
  0.00835   0.06228   0.05393 
 -0.04005   0.00983   0.04988 
 -0.00682   0.01491   0.02173 
 -0.00606   0.03926   0.04532 
 -0.00351   0.00688   0.01039 
  0.00915   0.02686   0.01771 
 -0.02016   0.00888   0.02904 
 -0.03228   0.00708   0.03936 
 -0.00896   0.01521   0.02417 
 -0.01266   0.02351   0.03617 
 -0.03056   0.01687   0.04743 
 -0.01702     0.032   0.04902 
 -0.00947   0.05007   0.05954 
 -0.01797    0.0144   0.03237 
 -0.01347    0.0263   0.03977 
  -0.0122   0.03612   0.04832 
  0.00086    0.0121   0.01124 
 -0.00614   0.01508   0.02122 
 -0.01599   0.02098   0.03697 
 -0.01881   0.03035   0.04916 
 -0.02409   -0.0257   0.03282 
 -0.02219   0.00873   0.03579 
 -0.02049    0.0136   0.04834 
 -0.01535   0.02785      0.03 
 -0.02922   0.01465   0.02678 
 -0.02037  -0.00244   0.03372 
  0.03189   0.01335   0.03708 
 -0.01579   0.06897   0.00355 
 -0.04459  -0.01224   0.06464 
 -0.01525   0.02005   0.04273 
 -0.04455   0.02748   0.03508 
 -0.02637  -0.00947   0.03565 
  0.00208   0.00928   0.04258 
  -0.0389   0.04466   0.03172 
  0.01053  -0.00718   0.09129 
 -0.00884   0.10182   0.01698 
  0.02067   0.00814   0.01082 
 -0.04486   0.03149   0.06645 
 -0.00233   0.02159   0.03097 
  0.01961   0.02864   0.02527 
  0.00344   0.04488  -0.00154 
 -0.02099    0.0019   0.04961 
 -0.00148   0.02862   0.02657 
 -0.00773   0.02509   0.01239 
 -0.01445   0.00466   0.02725 
 -0.01846    0.0128   0.04435 
  0.00168   0.02589   0.02417 
 -0.03772   0.02585   0.05107 
