   0.1018    0.0116   -0.0902 
  0.08606  -0.01351  -0.09957 
  0.11606   0.01469  -0.10137 
  0.12925   0.03236  -0.09689 
  0.08288   0.01738   -0.0655 
  0.07456    0.0057  -0.06886 
  0.13713   0.00163   -0.1355 
  0.09088   0.00542  -0.08546 
  0.10487   0.00518  -0.09969 
  0.12292   0.00852   -0.1144 
  0.07537  -0.00354  -0.07891 
  0.07935  -0.01283  -0.09218 
  0.08884  -0.00217  -0.09101 
  0.09606   0.00942  -0.08664 
      0.1   0.00219  -0.09781 
  0.06892  -0.00087  -0.06979 
  0.08239  -0.00431   -0.0867 
  0.10622  -0.00351  -0.10973 
  0.16003   0.01517  -0.14486 
  0.09354  -0.00015  -0.09369 
  0.08921    -9e-05   -0.0893 
  0.09403   0.00134  -0.09269 
  0.09593   0.00429  -0.09164 
  0.10315  -0.00283  -0.10598 
  0.09637  -0.00449  -0.10086 
   0.0987    0.0013   -0.0974 
  0.10412  -0.00722  -0.11134 
  0.07067  -0.00071  -0.07138 
  0.08867   0.00215  -0.08652 
   0.1044   0.00342  -0.10098 
  0.11197  -0.01019  -0.12216 
  0.10706  -0.00547  -0.11253 
  0.06672  -0.00301  -0.06973 
  0.07782  -0.00135  -0.07917 
  0.07258  -0.01678  -0.08936 
  0.07897  -0.00523   -0.0842 
  0.08458   0.00157  -0.08301 
  0.11138   0.02536  -0.08602 
  0.08501  -0.00766  -0.09267 
  0.08797   0.00966  -0.07831 
  0.07513   0.01035  -0.06478 
  0.08668  -0.00219  -0.08887 
  0.08028   0.00826  -0.07202 
  0.09088  -0.01385  -0.10473 
  0.09255  -0.00677  -0.09932 
    0.162   0.00618  -0.15582 
  0.07719  -0.00141   -0.0786 
  0.08747  -0.00839  -0.09586 
  0.08136    0.0075  -0.07386 
  0.08056   0.00163  -0.07893 
  0.08002   0.00457  -0.07545 
  0.08301    0.0063  -0.07671 
   0.0893   0.01238  -0.07692 
   0.0814  -0.00442  -0.08582 
  0.11839   0.00201  -0.11638 
  0.08801  -0.00146  -0.08947 
  0.09613  -0.00127   -0.0974 
  0.11267  -0.00279  -0.11546 
  0.10803   0.00547  -0.10256 
  0.08582   0.00338  -0.08244 
  0.09718  -0.00209  -0.09927 
  0.09019  -0.00024  -0.09043 
  0.08726  -0.00793  -0.09519 
  0.06713   -0.0039  -0.07103 
  0.07518  -0.00905  -0.08423 
  0.07978   0.00069  -0.07909 
