 -0.09239   -0.0184   0.07399 
  0.01082   0.02934   0.01852 
 -0.00027   0.02217   0.02244 
  -0.0238   0.04046   0.06426 
 -0.01257   0.03081   0.04338 
  0.00723   0.02471   0.01748 
   0.0178   0.05152   0.03372 
 -0.01145   0.02626   0.03771 
  0.01632   0.02094   0.00462 
  0.00181   0.02182   0.02001 
  0.01482   0.04554   0.03072 
 -0.02414   0.04764   0.07178 
  0.00053   0.02172   0.02119 
 -0.00295   0.02135    0.0243 
 -0.02655   0.03911   0.06566 
 -0.02472   0.01122   0.03594 
 -0.00406   0.01568   0.01974 
 -0.00873   0.02663   0.03536 
  0.02724   0.05096   0.02372 
  0.00615   0.02338   0.01723 
 -0.00328   0.01359   0.01687 
  0.01549   0.00516  -0.01033 
   0.0474   0.08655   0.03915 
 -0.01714    0.0124   0.02954 
 -0.00339   0.02194   0.02533 
 -0.00891   0.01385   0.02276 
  0.00527   0.01577    0.0105 
 -0.02958   0.00497   0.03455 
 -0.01747   0.04469   0.06216 
  0.00748   0.07219   0.06471 
  0.00555    0.0415   0.03595 
 -0.00519   0.02734   0.03253 
 -0.02524   0.02162   0.04686 
 -0.00978   0.01745   0.02723 
 -0.03001   0.00883   0.03884 
  0.00178   0.01181   0.01003 
 -0.02577   0.02795   0.05372 
 -0.00889   0.02047   0.04356 
 -0.02301   0.03467   0.04276 
 -0.00583   0.01975    0.0467 
 -0.02125   0.04087   0.02125 
 -0.01801         0   0.02736 
 -0.00941   0.00935   0.02729 
  0.04039   0.01788   0.00354 
 -0.08449   0.04393   0.05554 
 -0.03117  -0.02895   0.03284 
  0.00322   0.00167   0.03225 
 -0.01744   0.03547   0.02965 
 -0.00666   0.01221   0.01937 
 -0.01916   0.01271   0.04156 
 -0.01936    0.0224    0.0199 
  0.01008   0.00054   0.06655 
 -0.00543   0.07663   0.02277 
  0.00331   0.01734   0.02831 
 -0.02802   0.03162   0.05759 
 -0.00642   0.02957   0.02622 
   0.0034    0.0198   0.02823 
  0.00175   0.03163   0.01091 
  0.01186   0.01266   0.00899 
 -0.00441   0.02085   0.02586 
 -0.00867   0.02145   0.01298 
  0.00839   0.00431   0.02413 
   0.0101   0.03252   0.01172 
 -0.00454   0.02182   0.02878 
 -0.00769   0.02424   0.04191 
