  0.01917   0.01842  -0.00075 
 -0.01061   0.02696   0.03757 
 -0.01647   0.02088   0.03735 
 -0.00907   0.00901   0.01808 
  0.00553   0.01375   0.00822 
 -0.00419   0.01034   0.01453 
  0.00788   0.00948    0.0016 
  0.01625   0.02208   0.00583 
  0.01756   0.03498   0.01742 
 -0.00936   0.00963   0.01899 
  0.00185    0.0153   0.01345 
  0.01821   0.02702   0.00881 
 -0.02096   0.01497   0.03593 
  0.02309    0.0583   0.03521 
   -7e-05   0.02275   0.02282 
  0.02294   0.03806   0.01512 
   0.0042   0.04297   0.03877 
  0.00379   0.01407   0.01028 
  0.00035   0.03208   0.03173 
  0.00967   0.02439   0.01472 
  0.02757   0.04094   0.01337 
  0.00485   0.02281   0.03015 
  -0.0298  -0.02051   0.01796 
  0.00036    0.0094   0.00929 
  -0.0145   0.02433   0.00904 
  0.00441   0.01416   0.03883 
  0.05337    0.0805   0.00975 
  0.01071   0.01992   0.02713 
 -0.01263   0.02744   0.00921 
 -0.00329   0.01346   0.04007 
  0.01019   0.02952   0.01675 
  0.08574   0.15463   0.01933 
  0.00568  -0.01628   0.06889 
  0.00668   0.02536  -0.02196 
   -8e-05   0.02511   0.01868 
  0.03311   0.06289   0.02519 
 -0.02563   0.02927   0.02978 
  0.00625   0.01567    0.0549 
 -0.02659   0.02915   0.00942 
 -0.01879   0.01743   0.05574 
 -0.02073    0.0198   0.03622 
  0.00484   0.01186   0.04053 
   0.0032   0.05386   0.00702 
 -0.01692   0.02007   0.05066 
 -0.00522   0.01777   0.03699 
 -0.01283   0.01126   0.02299 
 -0.02276   -0.0026   0.02409 
  0.00116    0.0853   0.02016 
  -0.0095   0.01773   0.08414 
 -0.01341   0.02163   0.02723 
 -0.02155  -0.00114   0.03504 
 -0.00166   0.00391   0.02041 
  0.02236    0.0242   0.00557 
