  0.12855   0.00133  -0.12722 
  0.11389   0.00919   -0.1047 
   0.0896   0.00684  -0.08276 
  0.08189  -0.00141   -0.0833 
  0.10072   0.00147  -0.09925 
  0.07726  -0.00617  -0.08343 
   0.0956   0.00014  -0.09546 
  0.10687    0.0136  -0.09327 
  0.07598   0.00095  -0.07503 
  0.11412  -0.00803  -0.12215 
  0.09398  -0.00684  -0.10082 
  0.11094  -0.01343  -0.12437 
  0.09875  -0.00271  -0.10146 
  0.13092  -0.02011  -0.15103 
  0.09029  -0.00355  -0.09384 
   0.0789  -0.00806  -0.08696 
  0.08245   0.00913  -0.07332 
   0.1007   0.00731  -0.09339 
   0.1222   0.00746  -0.11474 
  0.08289   0.00311  -0.07978 
  0.11132   0.00214  -0.10918 
  0.10451  -0.00672  -0.11123 
  0.09001    -8e-05  -0.09009 
  0.11879  -0.00344  -0.12223 
  0.11313  -0.00658  -0.11971 
  0.09295  -0.00928  -0.10223 
  0.07707  -0.00156  -0.07863 
  0.12245     0.018  -0.10445 
   0.1053  -0.00269  -0.10799 
  0.08697  -0.00736  -0.09433 
  0.10534   0.00283  -0.10251 
  0.11572   0.00534  -0.11038 
  0.13273  -0.01074  -0.14347 
  0.09319   0.00501  -0.08818 
   0.0889   -0.0044   -0.0933 
  0.08791    0.0087  -0.07921 
  0.07696  -0.00846  -0.08542 
  0.09454  -0.00918  -0.10372 
  0.07926  -0.00753  -0.08679 
   0.0965  -0.00268  -0.09918 
  0.09519    -9e-05  -0.09528 
  0.07731   0.00936  -0.06795 
   0.0829   0.00461  -0.07829 
  0.10977   0.02307   -0.0867 
  0.07713  -0.00779  -0.08492 
  0.09769  -0.00295  -0.10064 
  0.06666   0.00133  -0.06533 
   0.1027  -0.02664  -0.12934 
  0.11421   0.01999  -0.09422 
   0.0917   0.00027  -0.09143 
  0.07126   -0.0022  -0.07346 
  0.11081   0.00704  -0.10377 
  0.08001   0.01487  -0.06514 
  0.09783   0.00149  -0.09634 
