  0.03287   0.03493   0.00206 
  0.01313   0.02578   0.01265 
  0.02874   0.04836   0.01962 
   0.0032   0.01084   0.00764 
 -0.00113   0.00318   0.00431 
 -0.00055   0.00324   0.00379 
  0.00651   0.00566  -0.00085 
  0.00373   0.00711   0.00338 
  0.01352   0.02344   0.00992 
 -0.00625   0.00976   0.01601 
  -0.0001   0.02975   0.02985 
  0.01101   0.02518   0.01417 
 -0.00058   0.02213   0.02271 
  0.03785   0.09281   0.05496 
 -0.02153   0.01392   0.03545 
  0.00183   0.02128   0.01945 
 -0.01242   0.01399   0.02641 
  0.01855   0.02481   0.00626 
  0.01169    0.0218   0.01011 
   0.0073   0.00983   0.00253 
  0.01174    0.0364   0.02466 
 -0.01796   0.01074   0.05192 
 -0.00407   0.01216    0.0287 
 -0.00164   0.00797   0.01623 
   -0.018  -0.00301   0.00961 
 -0.02226   0.00871   0.01499 
  0.01121    0.0489   0.03097 
  0.01019   0.00846   0.03769 
 -0.00161   0.01696  -0.00173 
  0.00964   0.03005   0.01857 
  -0.0046   0.02245   0.02041 
 -0.02019   0.11061   0.02705 
  0.00023     0.035    0.1308 
  0.00021   0.01591   0.03477 
 -0.00927   0.03839    0.0157 
 -0.00911   0.04749   0.04766 
  0.00838   0.03825    0.0566 
  0.01597   0.01551   0.02987 
 -0.00408   0.02367  -0.00046 
  0.00728   0.00904   0.02775 
 -0.00034   0.02505   0.00176 
 -0.00263   0.00201   0.02539 
   -4e-05   0.08206   0.00464 
 -0.00214   0.01916    0.0821 
  -0.0126   0.00445    0.0213 
 -0.00696  -0.00106   0.01705 
 -0.04764    0.0065    0.0059 
 -0.00649   0.02363   0.05414 
   0.0253   0.05573   0.03012 
 -0.00519   0.01012   0.03043 
 -0.01909   0.00962   0.01531 
  -0.0093   0.01914   0.02871 
  0.03706   0.07069   0.02844 
