  0.00893   0.03655   0.02762 
  -0.0349   0.01221   0.04711 
 -0.02319   0.05795   0.08114 
  0.00127   0.03545   0.03418 
  0.00711   0.01837   0.01126 
  0.00995    0.0406   0.03065 
 -0.02134   0.05343   0.07477 
 -0.02465   0.01153   0.03618 
  0.11057   0.14935   0.03878 
 -0.03849   0.01975   0.05824 
  0.00187   0.03414   0.03227 
  0.00981   0.05087   0.04106 
 -0.04487   0.04163    0.0865 
  0.00398   0.01793   0.01395 
 -0.03794   0.02442   0.06236 
 -0.02836   0.02652   0.05488 
  0.01652   0.10082    0.0843 
 -0.00211   0.03316   0.03527 
 -0.00485   0.03759   0.04244 
  0.00572   0.00025  -0.00547 
 -0.00575    0.0096   0.01535 
 -0.01761   0.00973   0.02734 
  -0.0945   0.01456   0.10906 
   0.0247   0.02727   0.00257 
 -0.02807   0.03458   0.06265 
 -0.03001   0.02059    0.0506 
 -0.00673   0.02666   0.03339 
