  0.09221   0.00741   -0.0848 
  0.09316   0.01823  -0.07493 
  0.08668   0.00124  -0.08544 
  0.11889   0.00549   -0.1134 
  0.09208  -0.00366  -0.09574 
  0.10165  -0.00554  -0.10719 
  0.13302     0.011  -0.12202 
  0.07549  -0.00498  -0.08047 
  0.09049   0.00091  -0.08958 
  0.08346  -0.00232  -0.08578 
  0.10051   0.00688  -0.09363 
  0.12601   0.00865  -0.11736 
  0.08169   0.00277  -0.07892 
  0.08508  -0.00849  -0.09357 
  0.08822   0.00261  -0.08561 
  0.09437   0.00396  -0.09041 
  0.08944  -0.01205  -0.10149 
  0.13295   0.00265   -0.1303 
  0.10235    0.0068  -0.09555 
  0.15443   0.02113   -0.1333 
  0.09481   -0.0016  -0.09641 
  0.10193  -0.00142  -0.10335 
  0.09012   0.00021  -0.08991 
  0.11977   0.00496  -0.11481 
  0.09916  -0.00946  -0.10862 
   0.1084   0.00346  -0.10494 
  0.12193  -0.00568  -0.12761 
