  0.01412   0.04511   0.03099 
   0.0291    0.0367    0.0076 
   0.0309   0.04684   0.01594 
 -0.00216   0.04164    0.0438 
  0.02285   0.04026   0.01741 
  0.00522   0.01477   0.00955 
  0.04229   0.03666  -0.00563 
  0.02603   0.03088   0.00485 
  0.09893   0.16866   0.06973 
 -0.03709  -0.00588   0.03121 
  0.00378   0.01051   0.00673 
  0.02603   0.04103     0.015 
 -0.00892   0.03738    0.0463 
 -0.00691  -0.01914  -0.01223 
 -0.01707   0.01819   0.03526 
 -0.00444   0.04502   0.04946 
 -0.00049   0.07386   0.07435 
  0.01563   0.02575   0.01012 
 -0.04538   0.00996   0.05534 
  -0.0288   0.01984   0.02764 
  -0.0078   0.01713   0.00548 
  0.01165   0.01886   0.01921 
 -0.00035   0.02271  -0.00299 
   0.0257    0.0688   0.02311 
  0.04569    0.0215   0.02348 
 -0.00198   0.01404  -0.00782 
