 -0.03072   0.04491   0.07563 
 -0.01141   0.02776   0.03917 
 -0.02936   0.01347   0.04283 
 -0.04084   0.03781   0.07865 
 -0.06129   -0.0003   0.06099 
 -0.03843   0.00255   0.04098 
 -0.00304   0.06249   0.06553 
 -0.05265   0.01703   0.06968 
 -0.03021   0.00887   0.03908 
  0.00137   0.02014   0.01877 
  -0.0211    0.0383    0.0594 
 -0.01066   0.03983   0.05049 
 -0.05803   0.07271   0.13074 
 -0.01428   0.04665   0.06093 
 -0.05643   0.01249   0.06892 
 -0.03034    0.0143   0.04464 
 -0.01431   0.00477   0.01908 
 -0.01446   0.11326   0.12772 
  0.01287   0.04125   0.02838 
 -0.03604   0.02384   0.05988 
  0.00939   0.02578   0.01639 
  0.00132   0.02557   0.02425 
 -0.00379   0.02182   0.02561 
 -0.01628   0.01608   0.03236 
    4e-05   0.02027   0.02023 
 -0.01197   0.01778   0.02975 
  0.07845   0.07225   -0.0062 
 -0.01197   0.01778   0.02975 
 -0.00636   0.04113   0.04749 
  0.02636   0.06566    0.0393 
 -0.00543   0.01599   0.02142 
 -0.01324   0.09523    0.0754 
  0.01983   0.00954   0.06375 
 -0.05421   0.01094   0.02736 
 -0.01642   0.05085   0.04447 
  0.00638   0.07299   0.05726 
  0.01573     0.002   0.03053 
 -0.02853  -0.00942   0.00744 
 -0.01686   0.02732   0.03401 
 -0.00669    0.0424   0.03621 
  0.00619   0.04317   0.07821 
 -0.03504   0.03624   0.01369 
  0.02255   0.09868   0.09011 
