  0.08802  -0.00603  -0.09405 
   0.0833   -0.0001   -0.0834 
  0.09276   0.00733  -0.08543 
  0.07504    0.0024  -0.07264 
  0.09037   0.00115  -0.08922 
  0.10998   0.00297  -0.10701 
  0.07929    0.0045  -0.07479 
  0.08925  -0.00459  -0.09384 
  0.08545  -0.01329  -0.09874 
  0.09968  -0.00608  -0.10576 
  0.08418  -0.00751  -0.09169 
  0.10243   0.00445  -0.09798 
  0.11321  -0.00342  -0.11663 
  0.11156  -0.00787  -0.11943 
  0.07307   -0.0059  -0.07897 
  0.12503   -0.0026  -0.12763 
  0.08937  -0.01654  -0.10591 
  0.08938   0.00413  -0.08525 
  0.08349  -0.00908  -0.09257 
  0.08525  -0.00502  -0.09027 
  0.10664   0.00693  -0.09971 
  0.09141   0.00133  -0.09008 
  0.10627  -0.00115  -0.10742 
  0.10721   0.01762  -0.08959 
  0.11076   0.00902  -0.10174 
  0.11186  -0.00562  -0.11748 
  0.18062  -0.01781  -0.19843 
  0.11186  -0.00562  -0.11748 
  0.09404   0.00307  -0.09097 
  0.09317  -0.01528  -0.10845 
  0.09266  -0.00357  -0.09623 
   0.0985   0.00168  -0.09682 
  0.08689   0.00168  -0.08521 
  0.08572  -0.00751  -0.09323 
   0.1014   0.00159  -0.09981 
  0.08889   0.01122  -0.07767 
   0.0734  -0.00284  -0.07624 
  0.08116  -0.00661  -0.08777 
  0.09698    0.0002  -0.09678 
  0.11933   0.01144  -0.10789 
  0.13764   0.01851  -0.11913 
  0.10332  -0.00527  -0.10859 
  0.11905   0.00703  -0.11202 
