 -0.02351    0.0109   0.03441 
 -0.02643   0.01544   0.04187 
 -0.01919   0.03016   0.04935 
  0.01054   0.03362   0.02308 
  -0.0202   0.01177   0.03197 
  0.04081   0.04708   0.00627 
  -0.0301   0.01042   0.04052 
 -0.00682   0.04912   0.05594 
  0.03122   0.05964   0.02842 
 -0.00064   0.03226    0.0329 
  0.01736   0.04737   0.03001 
 -0.01678   0.00606   0.02284 
  0.00382   0.04908   0.04526 
 -0.06165   0.01902   0.08067 
 -0.02171  -0.00547   0.01624 
  0.00943   0.01558   0.00615 
  0.00603   0.01964   0.01361 
 -0.00398   0.02259   0.02657 
 -0.00896   0.02393   0.03289 
  0.00403     0.031   0.02697 
 -0.01758   0.02099   0.03857 
 -0.00302   0.01189   0.01491 
  0.01141   0.04193   0.03052 
  -0.0063   0.01171   0.01801 
  0.08815   0.04553  -0.04262 
  -0.0063   0.01171   0.01801 
  0.03079    0.0477   0.01691 
  0.03813   0.02829  -0.00984 
  0.01052   0.01681   0.00629 
 -0.00201   0.10419   0.07587 
  0.02832   0.02232   0.05383 
 -0.03151   0.00667   0.00622 
  0.00045   0.02826   0.01729 
  0.01097   0.06843   0.01833 
   0.0501   0.01437   0.02551 
 -0.01114  -0.01053   0.02298 
 -0.03351   0.01817   0.03589 
 -0.01772   0.02075    0.0719 
 -0.05115   0.03959   0.01815 
  0.02144   0.04565  -0.00589 
  0.05154    0.0816     0.096 
