 -0.01869   0.00505   0.02374 
 -0.01442   0.01038    0.0248 
 -0.00532   0.02667   0.03199 
 -0.00275   0.02759   0.03034 
   -0.014   0.01583   0.02983 
 -0.01457   0.02212   0.03669 
 -0.02047   0.00573    0.0262 
 -0.01799   0.01458   0.05299 
  0.02007     0.035   0.01629 
 -0.05825   0.03636   0.10253 
  0.00928   0.04428   0.01756 
  0.09721   0.02684   0.05437 
   0.0275   0.15158   0.00976 
  0.00322   0.03726   0.05192 
  -0.0167   0.05514   0.04801 
 -0.03177   0.03131   0.04706 
 -0.00428   0.01529   0.05412 
    0.026   0.04984   0.01541 
   0.0088   0.04141   0.00778 
  -0.0191   0.01658   0.02832 
  0.02485   0.00922   0.02269 
  -0.0026   0.04754  -0.00118 
  0.02092  -0.00378   0.04819 
  0.00445   0.06911   0.02559 
 -0.02544   0.03004   0.06432 
  0.00155   0.03888   0.02779 
  0.04856   0.02934   0.01938 
   0.0161   0.06794   0.01422 
  0.00565   0.03032   0.06315 
  0.00257    0.0688   0.03329 
  0.01785   0.03586   0.06343 
 -0.01099   0.08128   0.02278 
  0.00714   0.01179   0.00957 
 -0.00065   0.01671   0.02372 
  0.03172   0.02307   0.01464 
 -0.01652   0.04636   0.03173 
  0.03792   0.01521   0.03485 
  0.01594   0.07277   0.00752 
  0.01845   0.02346    0.0251 
 -0.03224   0.04355   0.03793 
   -3e-05   0.00569   0.00878 
  0.02549   0.00875     0.021 
 -0.00079   0.04649   0.01853 
 -0.02973   0.01774   0.08463 
  0.04665    0.0549   0.06135 
 -0.00751     0.108   0.06495 
 -0.01167   0.05744   0.03717 
  0.05645    0.0255   0.00865 
