  0.07058  -0.00758  -0.07816 
  0.08329  -0.00136  -0.08465 
  0.09092  -0.00951  -0.10043 
  0.08373   0.00056  -0.08317 
  0.10312   0.00341  -0.09971 
  0.08394   0.00873  -0.07521 
  0.07607  -0.00776  -0.08383 
  0.09598   0.00358   -0.0924 
  0.07765  -0.02017  -0.09782 
  0.10942   0.00853  -0.10089 
  0.07869  -0.00287  -0.08156 
  0.12919  -0.00128  -0.13047 
  0.11012   0.00193  -0.10819 
  0.09993  -0.00103  -0.10096 
  0.07668   0.00721  -0.06947 
  0.08406  -0.00354   -0.0876 
  0.08827   0.00335  -0.08492 
   0.0919  -0.00344  -0.09534 
  0.10412   0.00514  -0.09898 
  0.08236  -0.00375  -0.08611 
  0.09307  -0.00171  -0.09478 
  0.13237  -0.00591  -0.13828 
  0.08742   0.00702   -0.0804 
  0.09362   0.01099  -0.08263 
  0.10053   0.00435  -0.09618 
  0.08362  -0.00969  -0.09331 
  0.12284   0.00524   -0.1176 
  0.11255  -0.00711  -0.11966 
  0.08226  -0.00354   -0.0858 
  0.07502  -0.01711  -0.09213 
  0.13671   0.00422  -0.13249 
  0.07494   0.00128  -0.07366 
  0.10518    0.0058  -0.09938 
  0.07716  -0.00282  -0.07998 
  0.10312  -0.00099  -0.10411 
  0.08274  -0.00242  -0.08516 
  0.08265  -0.00165   -0.0843 
  0.09701  -0.00727  -0.10428 
  0.07839  -0.00044  -0.07883 
  0.06659  -0.00459  -0.07118 
  0.08901   0.00571   -0.0833 
  0.12287   0.00894  -0.11393 
  0.08842  -0.00068   -0.0891 
  0.08212  -0.00117  -0.08329 
  0.08198   0.00336  -0.07862 
  0.10837  -0.00165  -0.11002 
  0.12236   0.01729  -0.10507 
   0.0918     5e-05  -0.09175 
    0.109   0.00261  -0.10639 
