 -0.00767   0.00659   0.01426 
  0.00913   0.00824  -0.00089 
  0.00967   0.02896   0.01929 
 -0.00294   0.00507   0.00801 
  0.00907   0.03016   0.02109 
  0.00542   0.02342     0.018 
 -0.00016   0.01249   0.01265 
 -0.00785    0.0202   0.02805 
  0.02026   0.05091   0.03065 
  0.00714   0.03435   0.02721 
 -0.05791   0.03217   0.09008 
  0.00596   0.00833   0.00237 
  0.09267    0.1123   0.01963 
  0.04741   0.04889   0.00148 
  0.01296   0.05286    0.0399 
 -0.01488   0.03339   0.04827 
  -0.0019   0.01917   0.02107 
   0.0396   0.07371   0.03411 
   0.0179   0.03474   0.01684 
   0.0122   0.01318   0.00098 
  0.01658   0.03801   0.02143 
  0.02407   0.04193   0.01786 
 -0.00149   0.00416   0.00565 
  0.00409   0.04911   0.04502 
  0.00983   0.03178   0.02195 
 -0.00383   0.02691   0.03074 
  0.01426   0.02474   0.01048 
  0.04212   0.03824  -0.00388 
 -0.00785   0.00239   0.01024 
   0.0026   0.05082   0.04822 
 -0.02957  -0.00125   0.02832 
  0.02155   0.04659   0.02504 
  0.02259   0.01265  -0.00994 
  0.00059  -0.00144  -0.00203 
  0.00256   0.01732   0.01476 
  0.05291   0.05803   0.00512 
 -0.02809   0.00884   0.03693 
  0.02543   0.03717   0.01174 
  0.01912   0.02879   0.00967 
  0.00672   0.04703   0.04031 
 -0.01441   0.01929    0.0337 
 -0.00049   0.00907   0.00956 
  0.07742   0.08308   0.00566 
 -0.00022   0.00795   0.00817 
  0.02718   0.03813   0.01095 
  0.04941   0.09225   0.04284 
  0.02584   0.05069   0.02485 
 -0.01515   0.00693   0.02208 
  0.04315   0.04842   0.00527 
