   0.0688    0.1613    0.0925 
  -0.1137   0.03242   0.14612 
 -0.02363   0.03199   0.05562 
  0.01621   0.09733   0.08112 
  -0.0445   0.01457   0.05907 
 -0.00843   0.02533   0.03376 
 -0.01061   0.07558   0.08619 
  0.01913   0.04368   0.02455 
  0.01845   0.05836   0.03991 
  -0.0184   0.08912   0.10752 
 -0.06565   0.01843   0.08408 
 -0.00641    0.0246   0.03101 
 -0.03111   0.04637   0.07748 
  0.01906   0.06325   0.04419 
 -0.02766   0.04903   0.07669 
  0.01301   0.04718   0.03417 
  0.02407   0.08862   0.06455 
 -0.03019   0.00596   0.03615 
 -0.19418    0.0158   0.20998 
  0.01326   0.07877   0.06551 
 -0.01695   0.00306   0.02001 
 -0.01643    0.0309   0.04733 
 -0.01698   0.01583   0.03281 
 -0.03905   0.02559   0.06464 
 -0.04802   0.01267   0.06069 
 -0.08511  -0.01875   0.06636 
  0.00876   0.04179   0.03303 
 -0.01661    0.0164   0.03301 
 -0.01749   0.04168   0.05917 
   0.0005   0.01802   0.01752 
  -0.0041   0.03114   0.03524 
 -0.03846   0.06857   0.10703 
  0.03536   0.07477   0.03941 
  0.04422   0.09307   0.04885 
 -0.02604   0.03275   0.05879 
  0.03306   0.06378   0.03072 
  0.02691   0.05008   0.02317 
  0.01024   0.08157   0.07133 
  0.08403    0.1526   0.06857 
  0.02696   0.05714   0.03018 
 -0.06089   0.06403   0.12492 
 -0.02631   0.01902   0.04533 
 -0.16374  -0.01181   0.15193 
 -0.01902   0.01058    0.0296 
  0.07608   0.18182   0.10574 
 -0.00485   0.00459   0.00944 
  0.00826   0.02886    0.0206 
 -0.05262   0.02101   0.07363 
