  0.07196   0.00381  -0.06815 
  0.06518  -0.00122   -0.0664 
  0.10379   0.01289   -0.0909 
  0.10707   0.00861  -0.09846 
  0.08619   0.00637  -0.07982 
  0.08448  -0.01563  -0.10011 
  0.15526   0.00865  -0.14661 
  0.12882   0.01267  -0.11615 
  0.09423   0.01066  -0.08357 
  0.07409  -0.00808  -0.08217 
  0.11093   0.00479  -0.10614 
  0.09616   0.01279  -0.08337 
  0.10548  -0.01414  -0.11962 
   0.1074   0.01264  -0.09476 
  0.09797  -0.00942  -0.10739 
  0.08157  -0.01098  -0.09255 
  0.12452   0.01578  -0.10874 
  0.10575   0.00364  -0.10211 
  0.07714   0.00345  -0.07369 
  0.08802  -0.00864  -0.09666 
  0.08621   0.00381   -0.0824 
  0.07831  -0.00773  -0.08604 
  0.09631   0.00427  -0.09204 
  0.10026    0.0137  -0.08656 
   0.0794   0.00024  -0.07916 
  0.09733   0.00502  -0.09231 
  0.10216   0.00839  -0.09377 
  0.09609  -0.00309  -0.09918 
  0.09372  -0.00094  -0.09466 
  0.10118   0.00485  -0.09633 
  0.09264  -0.00844  -0.10108 
   0.1096  -0.01202  -0.12162 
  0.10365   0.01362  -0.09003 
  0.11126  -0.00784   -0.1191 
  0.10932  -0.00299  -0.11231 
  0.11347  -0.00189  -0.11536 
  0.09577  -0.00197  -0.09774 
  0.12259   0.00694  -0.11565 
  0.08811   0.00505  -0.08306 
  0.12144  -0.01426   -0.1357 
  0.08447   0.00232  -0.08215 
  0.09229  -0.00499  -0.09728 
  0.12303  -0.00079  -0.12382 
  0.09849   0.01593  -0.08256 
  0.11319   0.00684  -0.10635 
  0.10099  -0.00181   -0.1028 
   0.0794  -0.02446  -0.10386 
  0.08474  -0.00778  -0.09252 
