 -0.03209     0.083   0.11509 
 -0.04678   0.01914   0.06592 
  0.01538   0.03942   0.02404 
  0.04731   0.05926   0.01195 
  0.01464   0.03902   0.02438 
 -0.02239   0.05586   0.07825 
   0.0218   0.08675   0.06495 
  -0.0195   0.07053   0.09003 
 -0.09871    0.0134   0.11211 
 -0.06446   0.00765   0.07211 
 -0.02174   0.01877   0.04051 
  0.02847   0.06562   0.03715 
  0.02613   0.04845   0.02232 
  0.02864   0.05758   0.02894 
  0.06428   0.06398   -0.0003 
 -0.01027   0.04268   0.05295 
  0.00202   0.09513   0.09311 
 -0.02488   0.05808   0.08296 
 -0.01892   0.00182   0.02074 
  0.01174   0.02278   0.01104 
 -0.04862   0.01678    0.0654 
 -0.01852   0.00882   0.02734 
  0.00285   0.03438   0.03153 
  0.03829   0.08895   0.05066 
  -0.0096    0.0307    0.0403 
   0.0095   0.02668   0.01718 
 -0.00493   0.02171   0.02664 
 -0.02524    0.0134   0.03864 
 -0.00229   0.05818   0.06047 
  0.01278   0.02947   0.01669 
 -0.04228   0.02243   0.06471 
  0.06459    0.1415   0.07691 
  0.06849    0.0912   0.02271 
  0.02312   0.06759   0.04447 
  0.00479   0.05188   0.04709 
  0.13014   0.17123   0.04109 
  0.03398   0.08013   0.04615 
  0.03812   0.06397   0.02585 
  0.00048   0.05437   0.05389 
 -0.01109   0.01382   0.02491 
 -0.08577   0.03692   0.12269 
 -0.05271   0.02552   0.07823 
 -0.05108  -0.00303   0.04805 
  0.01371   0.09625   0.08254 
  0.03701   0.10373   0.06672 
  0.01528    0.0159   0.00062 
 -0.00391   0.03722   0.04113 
 -0.02363  -0.00031   0.02332 
