  0.00875    0.1138   0.10505 
   0.0011    0.0153    0.0142 
  0.02659   0.06029    0.0337 
 -0.00936   0.03484    0.0442 
 -0.00131   0.00382   0.00513 
  -0.0082   0.03117   0.03937 
  0.05707   0.07589   0.01882 
  -0.0027   0.02567   0.02837 
 -0.00526   0.02288   0.02814 
  0.02418   0.00321  -0.02097 
  0.01373   0.03072   0.01699 
 -0.03049   0.04786   0.07835 
 -0.01014   -0.0061   0.00404 
 -0.03763    0.0114   0.04903 
   0.0126   0.03386   0.02126 
 -0.03245   0.01706   0.04951 
  0.01059   0.02104   0.01045 
 -0.02666   0.01167   0.03833 
  0.03334   0.05138   0.01804 
 -0.01486   0.03946   0.05432 
  0.00606   0.04104   0.03498 
 -0.07402  -0.00702     0.067 
 -0.01355   0.02251   0.03606 
  0.00606   0.04104   0.03498 
 -0.04746   0.01929   0.06675 
 -0.02539   0.03901    0.0644 
 -0.02852   0.04668    0.0752 
 -0.03025   -0.0015   0.02875 
 -0.00929   0.03888   0.04817 
 -0.00092   0.06216   0.06308 
 -0.03522   0.01043   0.04565 
  0.04531   0.07245   0.02714 
  0.15897   0.18421   0.02524 
 -0.00221   0.02687   0.02908 
 -0.01542   0.00631   0.02173 
  0.01983   0.01827  -0.00156 
 -0.00115   0.02601   0.02716 
  0.05567    0.0771   0.02143 
 -0.03267   0.01281   0.04548 
 -0.03142  -0.00247   0.02895 
  0.00568   0.03378    0.0281 
 -0.02132   0.01331   0.03463 
 -0.00761   0.06568   0.07329 
  0.03824   0.05225   0.01401 
 -0.04704  -0.00183   0.04521 
  0.03215   0.06611   0.03396 
 -0.03321  -0.00136   0.03185 
  0.02123   0.05416   0.03293 
