  0.10205   0.01691  -0.08514 
  0.10513   0.00291  -0.10222 
  0.09885  -0.00152  -0.10037 
  0.09506   0.00292  -0.09214 
  0.08523   0.00014  -0.08509 
  0.07939  -0.00381   -0.0832 
  0.09033         0  -0.09033 
  0.08556   0.00787  -0.07769 
  0.07457   0.00078  -0.07379 
  0.10258   0.01764  -0.08494 
  0.17149   0.05147  -0.12002 
  0.09213  -0.00144  -0.09357 
  0.09345   0.00601  -0.08744 
   0.1064    0.0072   -0.0992 
  0.09378  -0.00307  -0.09685 
  0.07987   0.00084  -0.07903 
  0.08101  -0.00182  -0.08283 
  0.08251  -0.00268  -0.08519 
  0.08252  -0.00897  -0.09149 
  0.09931   0.00609  -0.09322 
  0.10189  -0.00161   -0.1035 
   0.0869   0.01406  -0.07284 
  0.07183  -0.00452  -0.07635 
  0.08642  -0.00564  -0.09206 
   0.0869   0.01406  -0.07284 
  0.10389  -0.01163  -0.11552 
  0.10342   0.01691  -0.08651 
  0.11702   0.00885  -0.10817 
   0.1118   0.00364  -0.10816 
  0.08034  -0.00865  -0.08899 
  0.10195   0.00314  -0.09881 
   0.0754  -0.00527  -0.08067 
  0.08872  -0.01443  -0.10315 
  0.10313   0.00231  -0.10082 
  0.14054   0.00218  -0.13836 
  0.06594  -0.00814  -0.07408 
  0.10232   0.00359  -0.09873 
  0.11392   0.00495  -0.10897 
  0.12041  -0.00092  -0.12133 
  0.09263  -0.00262  -0.09525 
    0.124   0.00579  -0.11821 
  0.11329   0.01724  -0.09605 
   0.1511  -0.01747  -0.16857 
  0.12245  -0.00158  -0.12403 
  0.10252   0.01134  -0.09118 
  0.07997   0.00398  -0.07599 
  0.10052   0.00305  -0.09747 
