  0.04905   0.05531   0.00626 
  0.02535   0.03055    0.0052 
  0.00111   0.02981    0.0287 
   0.0279   0.02888   0.00098 
  0.00213  -0.00239  -0.00452 
   0.0037   0.01822   0.01452 
  0.08212   0.07268  -0.00944 
  0.01548   0.03063   0.01515 
  0.01252   0.03797   0.02545 
  0.03615   0.01834  -0.01781 
 -0.01508   0.00805   0.02313 
  0.00365   0.00734   0.00369 
   -3e-05    0.0114   0.01143 
  0.02217   0.04854   0.02637 
  0.00691   0.01318   0.00627 
  0.01611   0.05592   0.03981 
  0.01803   0.07341   0.05538 
  0.00082   0.01637   0.01555 
  0.00788  -0.00398  -0.01186 
  0.04054   0.03799  -0.00255 
 -0.02292   0.00619   0.02911 
  0.00629   -0.0215  -0.02779 
   0.0185   0.02572   0.00722 
 -0.02292   0.00619   0.02911 
 -0.00043   0.01009   0.01052 
   0.0022   0.02349   0.02129 
   0.0368   0.04134   0.00454 
   0.0052   0.00598   0.00078 
 -0.07216   0.02705   0.09921 
  0.00691   0.04096   0.03405 
 -0.00942   0.00866   0.01808 
 -0.00054   0.01618   0.01672 
 -0.01847   0.00275   0.02122 
  0.00901   0.02066   0.01165 
  0.00162   0.00993   0.00831 
    0.024   0.03618   0.01218 
 -0.05832   0.00239   0.06071 
  0.00331    0.0067   0.00339 
  0.08813   0.12414   0.03601 
  0.02437    0.0233  -0.00107 
  0.03192   0.04753   0.01561 
  0.00701   0.02635   0.01934 
 -0.00353   0.02425   0.02778 
  0.01722   0.05698   0.03976 
  0.00285   0.01625    0.0134 
  0.01277   0.01139  -0.00138 
