  0.04419   0.10445   0.06026 
 -0.02393   0.02847    0.0524 
 -0.05436   0.05857   0.11293 
  -0.0413  -0.00647   0.03483 
  0.02857    0.0484   0.01983 
 -0.00431   0.01146   0.01577 
  0.00844    0.0958   0.08736 
 -0.02203   0.05219   0.07422 
 -0.02648    0.0367   0.06318 
 -0.03908   0.03138   0.07046 
 -0.02539   0.04124   0.06663 
 -0.01018   0.04618   0.05636 
 -0.02182   0.03672   0.05854 
 -0.01027    0.0177   0.02797 
 -0.04391  -0.00111    0.0428 
 -0.04481     0.013   0.05781 
  0.00683   0.00655  -0.00028 
  0.00726   0.04963   0.04237 
  -0.0168   0.02247   0.03927 
 -0.02254   0.01217   0.03471 
  0.03311   0.04668   0.01357 
 -0.01821   0.01069    0.0289 
 -0.03956   0.02075   0.06031 
 -0.02753    0.0136   0.04113 
  0.00902   0.07968   0.07066 
  0.02155   0.05437   0.03282 
 -0.01837    0.0553   0.07367 
   0.0285    0.0598    0.0313 
 -0.00662   0.01046   0.01708 
 -0.00775   0.01637   0.02412 
  -0.0279   0.01452   0.04242 
  0.03077   0.03426   0.00349 
  0.01792   0.04724   0.02932 
  0.00066   0.02956    0.0289 
 -0.01666   0.02784    0.0445 
 -0.04378   0.02456   0.06834 
 -0.03058   0.02557   0.05615 
  0.00708    0.0407   0.03362 
  -0.0232   0.05819   0.08139 
 -0.11573   0.05539   0.17112 
  0.01327    0.0363   0.02303 
  0.00343    0.0217   0.01827 
 -0.00445   0.05359   0.05804 
 -0.02762   0.00527   0.03289 
  0.05192   0.09438   0.04246 
 -0.03022   0.00073   0.03095 
 -0.01309   0.01931    0.0324 
  0.00367   0.01435   0.01068 
 -0.02675   0.03494   0.06169 
  0.00549   0.03126   0.02577 
