  0.09502  -0.00799  -0.10301 
  0.12433   0.00442  -0.11991 
  0.09725    0.0029  -0.09435 
  0.13702   0.01501  -0.12201 
  0.09139    0.0007  -0.09069 
  0.10675  -0.01334  -0.12009 
  0.11629    0.0032  -0.11309 
  0.10445   0.01163  -0.09282 
  0.08316   0.00466   -0.0785 
  0.07736  -0.00467  -0.08203 
  0.08596  -0.00343  -0.08939 
  0.07987   0.00586  -0.07401 
  0.09597  -0.00439  -0.10036 
  0.14687  -0.00441  -0.15128 
  0.07862  -0.02128   -0.0999 
  0.14511  -0.10338  -0.24849 
  0.10098   0.01155  -0.08943 
  0.08658   0.00296  -0.08362 
  0.09804  -0.01428  -0.11232 
  0.10158   0.01618   -0.0854 
  0.10833   0.01033    -0.098 
  0.10137   0.00174  -0.09963 
  0.11213  -0.00233  -0.11446 
  0.10946   0.01973  -0.08973 
  0.11807   0.01419  -0.10388 
  0.08096  -0.00392  -0.08488 
  0.08679   0.00912  -0.07767 
  0.10601   0.00438  -0.10163 
  0.06464  -0.00281  -0.06745 
  0.08805    -4e-05  -0.08809 
  0.07621  -0.00699   -0.0832 
  0.13062  -0.00199  -0.13261 
  0.09165   0.00135   -0.0903 
  0.09144   0.01082  -0.08062 
  0.10003  -0.00505  -0.10508 
  0.07688  -0.00097  -0.07785 
   0.0716   0.00281  -0.06879 
  0.07787   0.00383  -0.07404 
   0.1014   0.00559  -0.09581 
  0.10119    0.0228  -0.07839 
  0.09046  -0.00193  -0.09239 
  0.10367  -0.00216  -0.10583 
  0.15107   0.03258  -0.11849 
  0.09611   0.00133  -0.09478 
  0.10659   0.01049   -0.0961 
  0.07569   0.00186  -0.07383 
  0.07357  -0.00309  -0.07666 
  0.10393   0.00492  -0.09901 
  0.09335   0.00573  -0.08762 
  0.11539    0.0015  -0.11389 
