   0.0152   0.07317   0.05797 
 -0.00103   0.03004   0.03107 
  0.01256   0.04208   0.02952 
  0.05065   0.05857   0.00792 
  -0.0126   0.00947   0.02207 
  0.05574   0.10767   0.05193 
  0.02067   0.02956   0.00889 
  0.02229   0.06454   0.04225 
 -0.00413   0.05135   0.05548 
  0.02484    0.0719   0.04706 
 -0.01409   0.01699   0.03108 
 -0.00928   0.00942    0.0187 
  0.00665   0.03613   0.02948 
 -0.02396  -0.01041   0.01355 
  0.00028   0.06277   0.06249 
  0.05501   0.02783  -0.02718 
  0.00267   0.05331   0.05064 
  0.00385   0.03115    0.0273 
  -0.0089    0.0298    0.0387 
  0.00073   0.00796   0.00723 
  0.02577   0.03433   0.00856 
  0.00661   0.02677   0.02016 
  0.00761   0.02834   0.02073 
  0.06659   0.11232   0.04573 
  0.02238   0.05424   0.03186 
  0.02886   0.07195   0.04309 
  0.02083   0.05178   0.03095 
  0.00117   0.01123   0.01006 
  0.00078   0.01504   0.01426 
  0.03758   0.06261   0.02503 
 -0.00841   0.03331   0.04172 
  -0.0141   0.03405   0.04815 
 -0.01034   0.01426    0.0246 
 -0.02594   0.00779   0.03373 
 -0.00474   0.03194   0.03668 
 -0.01759   0.02382   0.04141 
 -0.03425   0.02225    0.0565 
 -0.00664   0.06117   0.06781 
  0.03324   0.08846   0.05522 
  0.03447   0.09663   0.06216 
  0.01003   0.02019   0.01016 
 -0.01344   0.03641   0.04985 
 -0.02776   0.04441   0.07217 
  0.00142   0.00605   0.00463 
  0.05841   0.05639  -0.00202 
  -0.0052  -0.00453   0.00067 
 -0.01339   0.01693   0.03032 
 -0.00423   0.01421   0.01844 
  0.01548   0.06585   0.05037 
 -0.00167     0.008   0.00967 
