  0.00533   0.02578   0.02045 
 -0.01097   0.00208   0.01305 
  0.00548   0.03456   0.02908 
 -0.02107    0.0051   0.02617 
 -0.02655   0.05575    0.0823 
 -0.07969   0.03488   0.11457 
 -0.01908  -0.02432  -0.00524 
 -0.04173   0.02002   0.06175 
   0.0108   0.02006   0.00926 
 -0.01128   0.01556   0.02684 
  -0.0407   0.01119   0.05189 
 -0.02581   0.07454   0.10035 
 -0.00429    0.0201   0.02439 
 -0.02181    0.0412   0.06301 
  0.00484   0.05459   0.04975 
   0.0038   0.02049   0.01669 
 -0.00411    0.0197   0.02381 
 -0.03012   0.00341   0.03353 
 -0.03052   0.01065   0.04117 
  0.01098   0.08551   0.07453 
 -0.00329   0.07285   0.07614 
 -0.02103   0.02752   0.04855 
 -0.01017   0.04167   0.05733 
  0.00852   0.03831   0.05184 
 -0.01683   0.02821   0.02979 
 -0.02245   0.01956   0.04504 
 -0.01588    0.0046   0.04201 
 -0.09035   0.01665   0.02048 
   0.0037   0.03744     0.107 
 -0.00955   0.01707   0.03374 
 -0.00228    0.0169   0.02662 
 -0.02852   0.00726   0.01918 
  0.03585   0.06889   0.03578 
 -0.10457   0.01676   0.03304 
 -0.00862   0.01965   0.12133 
 -0.04584   0.02338   0.02827 
 -0.02025   0.00916   0.06922 
 -0.03992   0.01647   0.02941 
  0.01315   0.05425   0.05639 
  0.00262   0.04914    0.0411 
  -0.0125   0.03677   0.04652 
 -0.00861   0.02613   0.04927 
  0.00966   0.08904   0.03474 
 -0.00301   0.01504   0.07938 
 -0.00221   0.00691   0.01805 
 -0.00108   0.04149   0.00912 
  0.03369   0.06374   0.04257 
 -0.04688   0.01222   0.03005 
 -0.00398   0.01995    0.0591 
 -0.01678   0.01458   0.02393 
 -0.03965   0.04743   0.03136 
 -0.00852   0.03043   0.08708 
   0.0179   0.06074   0.03895 
 -0.00944   0.01049   0.04284 
 -0.01968  -0.01177   0.01993 
 -0.02465   0.04199   0.00791 
 -0.01931   0.00904   0.06664 
