  0.09751    0.0004  -0.09711 
  0.07687   0.00093  -0.07594 
  0.08817   0.00648  -0.08169 
  0.07842   -0.0038  -0.08222 
  0.09453   0.00917  -0.08536 
   0.0868   0.00811  -0.07869 
  0.07912  -0.05888    -0.138 
  0.08413   0.00314  -0.08099 
  0.07719  -0.00942  -0.08661 
  0.07698  -0.00358  -0.08056 
  0.09786   0.00228  -0.09558 
  0.07524  -0.00172  -0.07696 
  0.07032   0.00118  -0.06914 
  0.07331   0.00443  -0.06888 
   0.0796   0.00756  -0.07204 
  0.08691   -0.0044  -0.09131 
  0.10321  -0.00504  -0.10825 
  0.08356   0.00473  -0.07883 
  0.06992  -0.00352  -0.07344 
  0.06813  -0.00179  -0.06992 
  0.09015  -0.00188  -0.09203 
  0.08051  -0.00203  -0.08254 
  0.08275   0.00117  -0.08158 
  0.06523  -0.00772  -0.07295 
  0.08977   0.00561  -0.08416 
  0.07451  -0.00432  -0.07883 
  0.07604   0.00334   -0.0727 
  0.09521   0.01001   -0.0852 
  0.06367  -0.00512  -0.06879 
  0.08873    -8e-05  -0.08881 
  0.09339   0.00195  -0.09144 
  0.08477  -0.00925  -0.09402 
  0.08171  -0.00245  -0.08416 
  0.07334   0.00216  -0.07118 
  0.10348   0.00498   -0.0985 
  0.08353   0.00158  -0.08195 
  0.09802   0.00654  -0.09148 
  0.08346   0.01027  -0.07319 
   0.0972  -0.00264  -0.09984 
  0.07108  -0.00817  -0.07925 
  0.07367  -0.00042  -0.07409 
  0.08202  -0.00133  -0.08335 
  0.07223  -0.00088  -0.07311 
  0.06895   0.00713  -0.06182 
   0.0738     6e-05  -0.07374 
  0.09891   0.00179  -0.09712 
   0.0924  -0.00244  -0.09484 
  0.09046  -0.00575  -0.09621 
  0.08458  -0.00255  -0.08713 
  0.09021  -0.00417  -0.09438 
  0.08038  -0.01065  -0.09103 
  0.07445    0.0033  -0.07115 
  0.08754   0.00467  -0.08287 
  0.07886   0.01055  -0.06831 
  0.09171   0.00143  -0.09028 
  0.09017   0.01117    -0.079 
  0.07423  -0.00786  -0.08209 
   0.0716   0.00593  -0.06567 
