  0.01378   0.02203   0.00825 
  0.00055  -0.00078  -0.00133 
  0.02049   0.02763   0.00714 
 -0.00462    0.0089   0.01352 
 -0.02415   0.02919   0.05334 
 -0.01578   0.03437   0.05015 
 -0.02173  -0.04742  -0.02569 
  -0.0216   0.00802   0.02962 
 -0.00173   0.01211   0.01384 
  0.00041   0.01275   0.01234 
  0.06716   0.11423   0.04707 
  0.00071   0.01247   0.01176 
  0.01098   0.02408    0.0131 
  0.00894   0.02757   0.01863 
  -0.0042   0.00178   0.00598 
 -0.01755  -0.00147   0.01608 
  0.01128   0.08462   0.07334 
 -0.01491   0.03897   0.05388 
  0.01639   0.03382   0.01743 
  0.01899   0.04193    0.0334 
  0.00093   0.02401   0.02294 
 -0.00459   0.00616   0.02308 
  0.00938   0.02971   0.01075 
  0.01614   0.01614   0.02033 
 -0.00025   0.02175         0 
  0.01355   0.02558     0.022 
  0.01483   0.00988   0.01203 
 -0.01724  -0.01596  -0.00495 
  0.02133   0.03421   0.00128 
 -0.00059    0.0089   0.01288 
 -0.02119     0.015   0.00949 
 -0.03239   0.00256   0.03619 
   0.0209   0.06404   0.03495 
  -0.1064   0.02359   0.04314 
  0.00571   0.02832   0.12999 
  -0.0124   0.01786   0.02261 
 -0.00162   0.01229   0.03026 
  -0.0056   0.01426   0.01391 
  0.00944   0.02998   0.01986 
  0.00031   0.02446   0.02054 
  -0.0079     4e-05   0.02415 
 -0.00571   0.02447   0.00794 
  0.04077   0.05232   0.03018 
  0.02012   0.02466   0.01155 
  0.00439   0.00461   0.00454 
  0.01718   0.02992   0.00022 
  0.05271   0.06399   0.01274 
  0.00472   0.02283   0.01128 
 -0.01154    0.0102   0.01811 
  0.00878   0.02502   0.02174 
  0.01389   0.02453   0.01624 
  0.00521   0.01541   0.01064 
 -0.00689   0.03721    0.0102 
 -0.01552   0.01002    0.0441 
 -0.01154  -0.02243   0.02554 
   0.0181   0.04306  -0.01089 
 -0.00934   0.01785   0.02496 
