  0.00824   0.01412   0.00588 
  0.00614   0.02359   0.01745 
 -0.00088    0.0271   0.02798 
   0.0226   0.04089   0.01829 
 -0.03022   0.02511   0.05533 
 -0.00153   0.04089   0.04242 
 -0.01762    0.0177   0.03532 
  0.00122   0.03294   0.03172 
 -0.01599   0.03086   0.04685 
  0.01959   0.05864   0.03905 
  0.00055   0.01648   0.01593 
  0.00134   0.05262   0.05128 
  0.00135   0.05507   0.05372 
 -0.01905   0.00285    0.0219 
  0.01709   0.04103   0.02394 
  0.03189   0.03594   0.00405 
 -0.00375   0.00935    0.0131 
  0.00831   0.03061    0.0223 
  0.00389   0.07808   0.07419 
 -0.02494   0.02939   0.05433 
  0.04937   0.06962   0.02025 
 -0.04202    0.0184   0.06042 
  -0.0101   0.02375   0.03385 
  0.00682   0.00864   0.00182 
 -0.00295   0.08832   0.09127 
 -0.05543   0.01585   0.07128 
 -0.00388   0.07036   0.07424 
 -0.04579   0.01397   0.05976 
  -0.0079   0.00659   0.01449 
 -0.00173   0.04741   0.04914 
 -0.02468   0.02596   0.05064 
  0.00983   0.01781   0.00798 
  0.00903    0.0333   0.02427 
  0.01939   0.04326   0.02387 
 -0.01777   0.01528   0.03305 
 -0.00018    0.0299   0.03008 
 -0.01812   0.01716   0.03528 
  0.02182   0.03042    0.0086 
 -0.01795   0.01518   0.03313 
 -0.07341   0.03468   0.10809 
 -0.02686   0.01839   0.04525 
 -0.05004  -0.00525   0.04479 
  0.01998   0.01124  -0.00874 
  0.02334   0.07885   0.05551 
  0.01796   0.05837   0.04041 
 -0.06867   0.02419   0.09286 
  0.00238   0.03225   0.02987 
 -0.01481   0.04532   0.06013 
 -0.04127   0.01498   0.05625 
 -0.00066  -0.01762  -0.01696 
 -0.01033   0.01423   0.02456 
 -0.00162   0.00972   0.01134 
 -0.01503    0.0291   0.04413 
 -0.01725   0.04223   0.05948 
  0.00322   0.03076   0.02754 
