 -0.01901    0.0377   0.05671 
 -0.00856   0.01244     0.021 
 -0.02322   0.00309   0.02631 
  0.03044   0.05257   0.02213 
  0.09746   0.00361  -0.09385 
  0.12015  -0.00264  -0.12279 
  0.09901   0.00761   -0.0914 
   0.1051  -0.00532  -0.11042 
  0.09307  -0.00479  -0.09786 
  0.08706  -0.01984   -0.1069 
  0.10195  -0.00357  -0.10552 
  0.10616    0.0083  -0.09786 
  0.10192    0.0001  -0.10182 
  0.16296   0.01364  -0.14932 
  0.10004    0.0064  -0.09364 
  0.11072     5e-05  -0.11067 
   0.0952  -0.00822  -0.10342 
  0.14078   0.02534  -0.11544 
  0.17038    0.0234  -0.14698 
  0.10894   0.01785  -0.09109 
   0.0852   0.00076  -0.08444 
  0.08218  -0.00011  -0.08229 
  0.08048   0.00124  -0.07924 
  0.08232  -0.00704  -0.08936 
  0.11159   0.01997  -0.09162 
    0.103   -0.0029   -0.1059 
  0.11302   0.00499  -0.10803 
  0.10464   0.00155  -0.10309 
  0.10294   0.00982  -0.09312 
  0.11679   0.01107  -0.10572 
  0.10371    0.0164  -0.08731 
   0.1268  -0.00542  -0.13222 
  0.13048   0.01949  -0.11099 
  0.10097   0.00949  -0.09148 
  0.08359   0.01208  -0.07151 
  0.09131   0.00745  -0.08386 
  0.07456   0.00144  -0.07312 
  0.08435   0.00042  -0.08393 
  0.11777   0.00033  -0.11744 
  0.08003   0.00246  -0.07757 
   0.1109   0.00548  -0.10542 
    0.093   -0.0076   -0.1006 
  0.11485  -0.01793  -0.13278 
  0.07911  -0.00159   -0.0807 
  0.09307   0.00393  -0.08914 
  0.10487   0.01958  -0.08529 
   0.0918  -0.01028  -0.10208 
  0.09124     9e-05  -0.09115 
  0.10091   0.00438  -0.09653 
  0.07961  -0.03082  -0.11043 
  0.09565   0.00676  -0.08889 
  0.10435  -0.01259  -0.11694 
  0.07307  -0.01937  -0.09244 
  0.10386   0.00556   -0.0983 
  0.08956   0.00554  -0.08402 
