  0.00994   0.03036   0.02042 
  0.01095   0.01019  -0.00076 
  0.04713   0.05854   0.01141 
 -0.04578   0.00568   0.05146 
  0.02054    0.0207   0.00016 
 -0.01865   0.03524   0.05389 
 -0.02022   0.00966   0.02988 
  0.02566   0.01286   -0.0128 
 -0.01344   0.01348   0.02692 
 -0.00109   0.00166   0.00275 
 -0.00191   0.00537   0.00728 
  0.01402   0.03887   0.02485 
  0.02775   0.03941   0.01166 
 -0.00831   0.05968   0.06799 
  0.01276   0.02722   0.01446 
  0.00314   0.00727   0.00413 
 -0.01035   0.01689   0.02724 
  0.00297   0.02352   0.02055 
  0.00992   0.04881   0.03889 
  0.02055   0.04422   0.02367 
  0.00146   0.04731   0.04585 
  -0.0068   0.00159   0.00839 
  0.02842   0.04697   0.01855 
 -0.00359  -0.00293   0.00066 
  0.01377   0.05966   0.04589 
  0.01283   0.03086   0.01803 
  0.05675   0.06612   0.00937 
 -0.00668   0.00883   0.01551 
 -0.00134   0.02308   0.02442 
  0.02662   0.02792    0.0013 
  0.00666   0.03315   0.02649 
 -0.01034   0.02214   0.03248 
 -0.01866  -0.02217  -0.00351 
  0.02618   0.02285  -0.00333 
 -0.00433  -0.00556  -0.00123 
 -0.01902   0.02264   0.04166 
   0.0012   0.01502   0.01382 
 -0.00548   0.01214   0.01762 
  0.00547     0.029   0.02353 
 -0.00043   0.03707    0.0375 
   0.0354   0.05577   0.02037 
 -0.00128   0.01042    0.0117 
  0.00486   0.01094   0.00608 
  0.03711   0.05549   0.01838 
   0.0227   0.03991   0.01721 
   -7e-05   0.03712   0.03719 
   0.0222   0.01938  -0.00282 
  0.01795   0.04017   0.02222 
 -0.01251   0.00521   0.01772 
  0.01253   0.00198  -0.01055 
 -0.01812   0.02364   0.04176 
  0.01451   0.02064   0.00613 
 -0.00128   0.01409   0.01537 
 -0.00282   0.01457   0.01739 
   0.0023   0.01036   0.00806 
