 -0.01402   0.01714   0.03116 
  0.01152   0.01958   0.00806 
 -0.00991   0.06143   0.07134 
  -0.0468   0.01298   0.05978 
  0.00429   0.04187   0.03758 
 -0.02558   0.00762   0.02505 
  0.00205   0.04794    0.0332 
 -0.03416   0.02181   0.04589 
 -0.00225   0.02227   0.05597 
 -0.01934   0.02254   0.02452 
 -0.00103   0.01363   0.04188 
  0.05922   0.05425   0.01466 
 -0.01166   0.00823  -0.00497 
  0.00781     0.049   0.01989 
 -0.02429  -0.00731   0.04119 
 -0.02611   0.02472   0.01698 
  0.00022   0.03229   0.05083 
  -0.0078   0.03993   0.03207 
 -0.01896   0.01534   0.04773 
 -0.03418   0.01444    0.0343 
 -0.02937   0.02144   0.04381 
 -0.08293   0.03932   0.10437 
  0.01281     0.005   0.02651 
 -0.04439   0.02367   0.04939 
 -0.02297   0.04252   0.04664 
  0.02181   0.04212   0.02071 
 -0.02061   0.03792   0.06273 
 -0.02417   0.05981   0.06209 
  0.02848   0.02749   0.03133 
 -0.03956   0.01583   0.06705 
 -0.01383   0.02502   0.02966 
  0.00242   0.01917    0.0226 
 -0.04332   0.03153   0.06249 
 -0.03074  -0.00037   0.06227 
 -0.05322   0.01371   0.05285 
 -0.02606    0.0141   0.03977 
   -6e-05   0.00523   0.01416 
 -0.07746   0.04664   0.08269 
 -0.01248     0.033   0.05912 
 -0.06855    0.0159   0.10155 
 -0.04673   0.03983   0.06263 
 -0.02456   0.02872   0.06439 
 -0.03852   0.00336   0.06724 
 -0.09286   0.01468   0.09622 
  -0.0306   0.01942   0.04528 
 -0.06061   0.00761   0.08003 
 -0.01854   0.02428   0.02615 
  -0.0103    0.0221   0.03458 
  -0.0247   0.01875   0.04979 
 -0.01725   0.04471    0.0468 
