  0.09342  -0.00544  -0.09886 
  0.09686     0.007  -0.08986 
  0.08771  -0.00335  -0.09106 
  0.08624   0.00228  -0.08396 
  0.10336   0.00264  -0.10072 
  0.07452     7e-05  -0.07445 
  0.09808  -0.00516  -0.10324 
  0.08999  -0.01422  -0.10421 
  0.09757  -0.00144  -0.09901 
  0.08946  -0.00015  -0.08961 
  0.10998    0.0052  -0.10478 
  0.08876  -0.00201  -0.09077 
  0.12101   0.01225  -0.10876 
  0.08543  -0.00428  -0.08971 
  0.07511   0.00242  -0.07269 
  0.09402  -0.00037  -0.09439 
  0.10861   0.01161    -0.097 
  0.09611  -0.00949   -0.1056 
  0.08024  -0.01316   -0.0934 
  0.09916   0.00778  -0.09138 
  0.07567   0.01103  -0.06464 
  0.08459   0.00196  -0.08263 
  0.12056   0.01189  -0.10867 
  0.07545   0.00521  -0.07024 
  0.10017  -0.00099  -0.10116 
  0.08862   0.00277  -0.08585 
  0.08607     0.006  -0.08007 
  0.10218  -0.00244  -0.10462 
   0.1079  -0.01593  -0.12383 
  0.10128    0.0078  -0.09348 
  0.07904   0.00349  -0.07555 
  0.09095   0.00486  -0.08609 
  0.07716  -0.00421  -0.08137 
  0.09046  -0.01328  -0.10374 
  0.07895  -0.01338  -0.09233 
  0.08208   0.00142  -0.08066 
    0.075     6e-05  -0.07494 
  0.09663  -0.00697   -0.1036 
  0.08877  -0.00891  -0.09768 
  0.07843   0.00589  -0.07254 
    0.099   0.00332  -0.09568 
  0.12022   0.00571  -0.11451 
  0.09834  -0.00448  -0.10282 
  0.08818  -0.00381  -0.09199 
  0.11086   0.00514  -0.10572 
  0.08283  -0.00209  -0.08492 
  0.09501   0.01305  -0.08196 
  0.09009  -0.00097  -0.09106 
  0.08334   0.00439  -0.07895 
  0.08839  -0.00895  -0.09734 
  0.09521  -0.00843  -0.10364 
  0.10494   0.00414   -0.1008 
  0.09908   0.01136  -0.08772 
