 -0.01413  -0.00535   0.00878 
    0.009  -0.00078  -0.00978 
 -0.10545   0.04903   0.15448 
  0.02328   0.02986   0.00658 
 -0.00257   0.02418   0.02675 
  0.00054   0.00903   0.00849 
  0.00364   0.00084   -0.0028 
  0.01695   0.02016   0.00321 
 -0.00297   0.01369   0.01666 
  0.00585   0.00089  -0.00496 
   0.0082   0.01467   0.00647 
   0.0144   0.02372   0.00932 
   0.0495   0.07353   0.02403 
  0.00272   0.00196  -0.00076 
 -0.00086   0.01417   0.01503 
  0.01276   0.01635   0.00359 
  0.00287   0.03119   0.02832 
   0.0277   0.05303   0.02533 
  0.01052   0.03368   0.02316 
  0.00213   0.01267   0.01054 
  0.01334   0.02709   0.01375 
  0.02985   0.03913   0.00928 
 -0.00581   0.02154   0.02735 
 -0.02595   0.00187   0.02782 
 -0.01189   0.02126   0.03315 
 -0.01987   0.01971   0.03958 
 -0.01254   0.02202   0.03456 
  0.02018   0.04179   0.02161 
 -0.00159    0.0018   0.00339 
  0.01367   0.02436   0.01069 
  0.03061   0.06458   0.03397 
 -0.01347   0.00549   0.01896 
 -0.00203   0.02484   0.02687 
  -0.0109   0.01353   0.02443 
 -0.00439   0.03097   0.03536 
 -0.00208    0.0283   0.03038 
  0.00835   0.01605    0.0077 
 -0.03521  -0.01146   0.02375 
  0.00813   0.01245   0.00432 
  0.05926   0.10201   0.04275 
 -0.01261   0.00747   0.02008 
  0.00626   0.02497   0.01871 
 -0.02716   0.03881   0.06597 
 -0.03634   0.01772   0.05406 
 -0.02705    -3e-05   0.02702 
  0.01191   0.02971    0.0178 
 -0.02374   0.02207   0.04581 
 -0.01542   0.02088    0.0363 
 -0.00068   0.02224   0.02292 
  0.01199   0.00527  -0.00672 
  0.00652   0.02485   0.01833 
  0.00744   0.01442   0.00698 
 -0.02069  -0.00355   0.01714 
