 -0.06862   0.02181   0.09043 
   0.0042   0.03915   0.03495 
 -0.03005   0.00608   0.03613 
  0.02881   0.04969   0.02088 
  0.00371   0.05802   0.05431 
 -0.01122   0.03913   0.05035 
 -0.00815   0.03633   0.04448 
  0.01245   0.04878   0.03633 
 -0.03781   0.02019     0.058 
 -0.00728   0.02893   0.03621 
  0.02768   0.05064   0.02296 
 -0.05248   0.00539   0.06732 
 -0.01544   0.10986   0.05787 
 -0.08865   0.06374    0.1253 
 -0.03972   -0.0152   0.15239 
 -0.05274   0.05362   0.02452 
  0.01499    0.0554   0.10636 
  0.00053    0.0379   0.04041 
  0.02063   0.01823   0.03737 
   0.0022   0.04235   -0.0024 
 -0.00691   0.04057   0.04015 
 -0.02256    -7e-05   0.04748 
 -0.02278   0.05455   0.02249 
 -0.06693   0.01701   0.07733 
 -0.02931   0.05088   0.08394 
  -0.0156   0.02724   0.08019 
 -0.01732   0.08439   0.04284 
 -0.01929   0.01475   0.10171 
 -0.01567   0.04784   0.03404 
  0.00491   0.03538   0.06351 
 -0.01786   0.04095  -0.01785 
 -0.01053   -0.0038   0.03047 
  0.00061    0.0478   0.05881 
  0.02247   0.05693   0.00673 
 -0.01013   0.03924   0.04719 
 -0.04207   0.10939   0.03446 
 -0.01576   0.01411   0.04937 
  0.00559   0.04985   0.15146 
 -0.04493   0.06609   0.02987 
 -0.03636   0.02327   0.04426 
 -0.03439   0.04348   0.11102 
 -0.01485    0.0088   0.05963 
