  0.11368   0.01238   -0.1013 
  0.11663   0.01337  -0.10326 
  0.09297   0.00386  -0.08911 
  0.10725   0.00437  -0.10288 
  0.10069  -0.00487  -0.10556 
  0.10418    -9e-05  -0.10427 
  0.10601   0.00109  -0.10492 
  0.08854  -0.00228  -0.09082 
  0.11992   0.00032   -0.1196 
  0.11959    0.0167  -0.10289 
  0.21879   0.04892  -0.16987 
  0.07885  -0.01605   -0.0949 
  0.16813   0.09995  -0.06818 
  0.08904    0.0144  -0.07464 
  0.12004    0.0024  -0.11764 
   0.0754  -0.00338  -0.07878 
  0.09791  -0.00202  -0.09993 
  0.10038   0.01225  -0.08813 
  0.10858   0.00283  -0.10575 
  0.08911   0.00549  -0.08362 
  0.14028  -0.00347  -0.14375 
  0.14922    0.0154  -0.13382 
  0.09016  -0.01147  -0.10163 
  0.10166   0.01015  -0.09151 
  0.11234   0.00599  -0.10635 
  0.09969   0.01627  -0.08342 
  0.08668   -0.0089  -0.09558 
  0.07556   0.00323  -0.07233 
  0.12589  -0.00809  -0.13398 
  0.10507   0.00779  -0.09728 
  0.12615   0.01762  -0.10853 
  0.09626    0.0106  -0.08566 
  0.11216   0.00219  -0.10997 
  0.10195  -0.00073  -0.10268 
  0.11931   0.00442  -0.11489 
  0.06863  -0.00064  -0.06927 
  0.12319   0.02374  -0.09945 
  0.09674     0.009  -0.08774 
  0.09462   0.00408  -0.09054 
   0.1143   0.01492  -0.09938 
  0.09516  -0.01317  -0.10833 
  0.09417   0.00482  -0.08935 
  0.08988  -0.01936  -0.10924 
  0.08587    0.0116  -0.07427 
   0.1359   0.00506  -0.13084 
