 -0.00443    0.0172   0.02163 
   0.0063   0.04522   0.03892 
   0.0026   0.05833   0.05573 
  0.01601   0.02109   0.00508 
 -0.02336   0.00617   0.02953 
 -0.00074   0.01737   0.01811 
  0.00918    0.0291   0.01992 
 -0.01404   0.01802   0.03206 
    0.017   0.04123   0.02423 
 -0.01921   0.04846   0.06767 
 -0.00504   0.03203   0.03707 
 -0.00806    0.0974   0.10546 
 -0.10351   0.07824   0.18175 
  -0.0174   0.02723   0.04463 
 -0.05355   0.01893   0.07248 
 -0.01588   0.01301   0.02889 
  0.01163     0.057   0.04537 
 -0.04545   0.02799   0.07344 
 -0.07779   0.01342   0.09121 
 -0.02075   0.03915    0.0599 
  0.02299   0.05523   0.03224 
  0.03699   0.06065   0.02366 
 -0.01876   0.11555   0.13431 
  -0.0035   0.05889   0.06239 
   0.0198   0.07403   0.05423 
 -0.00842   0.03616   0.04458 
 -0.03581   0.07106   0.10687 
 -0.02806   0.03475   0.06281 
  0.01224   0.08227   0.07003 
  0.00447  -0.02147  -0.02594 
 -0.01278   0.03979   0.05257 
  0.01511   0.05457   0.03946 
  0.00073   0.01986   0.01913 
  0.02614   0.05659   0.03045 
 -0.01042   0.02805   0.03847 
  0.03199   0.01997  -0.01202 
 -0.04472   0.18378    0.2285 
 -0.01497   0.03236   0.04733 
 -0.07419   0.05682   0.13101 
  0.01659    0.0814   0.06481 
 -0.04067   0.01404   0.05471 
 -0.00217   0.02554   0.02771 
 -0.01301   0.01322   0.02623 
