    0.091   0.15465   0.06365 
  0.06095   0.12425    0.0633 
  0.17152   0.22185   0.05033 
  0.06635   0.13949   0.07314 
 -0.02037   0.02531   0.04568 
 -0.02167   0.07846   0.10013 
  0.01138   0.05689   0.04551 
  0.06682   0.26472    0.1979 
  -0.0267   0.02455   0.05125 
  0.03042    0.1294   0.09898 
  0.07057    0.1623   0.09173 
    0.073   0.14353   0.07053 
  0.02445   0.07862   0.05417 
 -0.13721   0.08604   0.22325 
 -0.00404   0.02948   0.03352 
 -0.00439   0.06334   0.06773 
 -0.00441   0.07937   0.08378 
  0.04349    0.1492   0.10571 
 -0.01559   0.04967   0.06526 
  0.18143   0.24468   0.06325 
  0.04569   0.19907   0.15338 
  0.03294   0.10372   0.07078 
  0.03401   0.09845   0.06444 
  0.05782   0.18523   0.02894 
   0.0141    0.0081   0.12741 
  0.03577   0.10795   0.09385 
  0.05837   0.16334   0.12757 
 -0.00032   0.13656   0.07819 
  0.06607   0.07272   0.07304 
  0.03508   0.24149   0.17542 
  0.02129   0.12852   0.09344 
  0.00021   0.07519    0.0539 
  0.03742    0.0763   0.07609 
  0.04787   0.19189   0.15447 
   0.0744   0.12252   0.07465 
  0.10373   0.10983   0.03543 
 -0.01254   0.16378   0.06005 
 -0.01888   0.05144   0.06398 
   0.1733   0.10024   0.06265 
  0.02086    0.2618   0.11912 
  0.01572   0.16263    0.0885 
 -0.08076   0.10646   0.08187 
  -0.0311   0.07496    0.0856 
  0.00615    0.0654   0.05924 
  0.06651   0.10411   0.14616 
  0.08979   0.11046   0.13521 
 -0.01303   0.18088   0.10431 
  0.07833    0.1958   0.11437 
  0.06201    0.1033   0.10601 
  0.02722   0.12179   0.11633 
 -0.03636   0.14131   0.04346 
 -0.00097   0.07872    0.0793 
 -0.11104   0.02133    0.0515 
  0.00801   0.10771   0.05769 
 -0.03449   0.07752   0.10868 
 -0.02151   0.09164   0.18856 
  0.04448   0.06355   0.08363 
 -0.02325   0.05376   0.09804 
 -0.02443   0.13403   0.07527 
  0.01963    0.0476   0.08955 
  0.00486   0.06508   0.07085 
 -0.02688   0.11625   0.08951 
  0.01943    0.0569   0.09662 
 -0.00098   0.06639   0.05204 
 -0.05081   0.08044   0.09327 
  0.07683   0.06621   0.06101 
  0.01593   0.03724   0.06719 
 -0.06994   0.13063   0.08805 
 -0.02002   0.10838   0.15907 
  0.00509    0.0368    0.0538 
  0.04458   0.08797   0.09245 
  -0.0086    0.0483   0.10674 
  0.05259     0.106   0.10799 
