  0.12031  -0.00653  -0.12684 
  0.11907   0.00972  -0.10935 
  0.12792   0.00395  -0.12397 
  0.12311   0.00607  -0.11704 
  0.08278  -0.00729  -0.09007 
  0.08896    0.0108  -0.07816 
  0.08651  -0.02251  -0.10902 
  0.07162  -0.00255  -0.07417 
  0.10322  -0.00075  -0.10397 
  0.13952   0.01402   -0.1255 
  0.09043   -0.0029  -0.09333 
  0.13494   0.02255  -0.11239 
  0.15411   0.01755  -0.13656 
  0.12345  -0.00442  -0.12787 
  0.10572   0.01149  -0.09423 
  0.10895   0.02296  -0.08599 
   0.0853  -0.01122  -0.09652 
  0.11251   0.00882  -0.10369 
  0.11171   0.00054  -0.11117 
  0.12201    0.0059  -0.11611 
  0.11471   0.01315  -0.10156 
  0.11501   0.01219  -0.10282 
  0.08881  -0.01051  -0.09932 
  0.10495   0.00969  -0.09526 
  0.09398   0.00929  -0.08469 
  0.09798   0.01513  -0.08285 
  0.10594   0.02772  -0.07822 
  0.07519  -0.01731   -0.0925 
   0.0927   0.00368  -0.08902 
  0.09263   0.00471  -0.08792 
  0.09609   0.00685  -0.08924 
   0.1227   0.02043  -0.10227 
  0.11583   0.01797  -0.09786 
  0.14147   0.01832  -0.12315 
  0.08455   0.00212  -0.08243 
  0.11583   0.01797  -0.09786 
  0.13221   0.02149  -0.11072 
  0.11887  -0.00692  -0.12579 
  0.11538    0.0143  -0.10108 
  0.08276  -0.01063  -0.09339 
  0.13943   0.03528  -0.10415 
  0.07904  -0.00402  -0.08306 
  0.09634  -0.00638  -0.10272 
  0.09613   0.00962  -0.08651 
  0.12232   0.02548  -0.09684 
   0.0831    0.0053   -0.0778 
  0.12305  -0.01163  -0.13468 
  0.08802  -0.00588   -0.0939 
  0.07611   -0.0014  -0.07751 
  0.10476   0.00932  -0.09544 
  0.10563    0.0241  -0.08153 
  0.10564   0.00399  -0.10165 
  0.08105   0.00768  -0.07337 
  0.07779  -0.00809  -0.08588 
  0.08809   0.00365  -0.08444 
  0.11275  -0.00793  -0.12068 
  0.08565  -0.01133  -0.09698 
  0.10019  -0.00789  -0.10808 
  0.10525   0.00384  -0.10141 
  0.07388  -0.00258  -0.07646 
  0.09398   0.00221  -0.09177 
  0.12256   0.00673  -0.11583 
  0.07388  -0.00258  -0.07646 
  0.13069   0.00685  -0.12384 
  0.10713   0.02372  -0.08341 
  0.10394  -0.00917  -0.11311 
  0.10019   0.03033  -0.06986 
  0.08485  -0.00337  -0.08822 
  0.09389   0.01392  -0.07997 
  0.09352   0.00874  -0.08478 
  0.07657    0.0015  -0.07507 
  0.10563   0.00263    -0.103 
  0.10082   0.00712   -0.0937 
  0.10374   0.01036  -0.09338 
  0.10672   0.00364  -0.10308 
  0.08195   0.00516  -0.07679 
  0.10467     0.014  -0.09067 
  0.09099   0.01477  -0.07622 
  0.08877   0.01262  -0.07615 
  0.09563   0.01853   -0.0771 
