 -0.16222    0.0433   0.20552 
  0.04302   0.12267   0.07965 
  0.04598   0.19854   0.15256 
  0.05547   0.08042   0.02495 
  0.03773    0.0785   0.04077 
 -0.14048   0.02614   0.16662 
 -0.08918   0.02386   0.11304 
 -0.05283    0.0167   0.06953 
 -0.01637   0.12406   0.14043 
 -0.06804   0.07693   0.14497 
 -0.01343   0.15997    0.1734 
 -0.04405   0.08063   0.12468 
 -0.07593   0.05021   0.12614 
 -0.10899   0.00297   0.11196 
 -0.00993    0.0817   0.09163 
 -0.04693   0.10989   0.15682 
  -0.0592   0.06902   0.12822 
 -0.06823   0.01735   0.08558 
  -0.0658   0.07307   0.13653 
 -0.05029   0.07073   0.18796 
 -0.18873   0.13767   0.25791 
 -0.12776   0.06918   0.19533 
 -0.01177   0.06757   0.12692 
 -0.11487   0.11515   0.21234 
 -0.14365   0.09747   0.17193 
 -0.07008   0.02828   0.14958 
  0.02758    0.0795   0.14204 
 -0.05801   0.30716    0.0896 
 -0.02031   0.16962   0.15957 
 -0.13833   0.03159   0.12401 
 -0.13569   0.15892   0.20917 
 -0.01925   0.10073   0.15771 
 -0.07769   0.13926   0.12999 
  0.01564  -0.01432   0.04099 
 -0.00454   0.07348   0.10442 
  -0.1499   0.13846   0.18332 
 -0.06325    0.0523    0.1255 
 -0.16668   0.05663   0.21054 
 -0.06101   0.09988   0.19495 
  0.03132   0.03342   0.07368 
 -0.03736   0.06225   0.19521 
 -0.00876   0.04386   0.12553 
  0.02859   0.13394   0.01783 
 -0.11333     0.105   0.15362 
 -0.00422   0.15785   0.06031 
 -0.02463   0.11677   0.10677 
 -0.08014   0.04642   0.23786 
 -0.15629   0.04029   0.23776 
 -0.09431   0.05609   0.17681 
 -0.02279   0.08214    0.1383 
 -0.13526   0.15772   0.22928 
 -0.07307   0.08147   0.12946 
  -0.0441    0.0825   0.13503 
  -0.0612   0.11551    0.1163 
 -0.05876   0.09402   0.14593 
 -0.12065   0.05639   0.17731 
 -0.06027   0.09093   0.11865 
 -0.08647    0.0551   0.16305 
  -0.0824   0.10925   0.17571 
  -0.0546   0.08717   0.11911 
 -0.02458   0.05666   0.08921 
 -0.07009   0.05838   0.14935 
 -0.08327   0.07658   0.19337 
 -0.16337   0.09331   0.24014 
 -0.03399   0.08866   0.09371 
 -0.12348   0.16914   0.24258 
  0.03545   0.06451   0.04584 
 -0.31038   0.06463   0.34461 
 -0.04366   0.07926   0.07649 
 -0.05562    0.1101   0.13518 
 -0.14072   0.07677   0.21905 
  0.02986     0.081   0.08914 
