  -0.0162   0.02747   0.04367 
 -0.02219   0.01152   0.03371 
 -0.02212   0.01191   0.03403 
  0.01144   0.06253   0.05109 
  -0.0023   0.02426   0.02656 
 -0.02769   0.01014   0.03783 
 -0.00585   0.01321   0.01906 
  0.00888   0.02026   0.01138 
 -0.07118   0.01244   0.08362 
 -0.02061   0.03757   0.05818 
  -0.0488   0.01825   0.06705 
 -0.05904   0.02154   0.08058 
 -0.01216   0.00577   0.01793 
  -0.0029   0.00352   0.00642 
  0.02196   0.05912   0.03716 
  0.01972   0.03969   0.01997 
  0.03467   0.10863   0.07396 
 -0.04873    0.0173   0.06603 
  0.00219   0.02186   0.01967 
  -0.0438   0.02097   0.06477 
 -0.00179    0.0292   0.03099 
  0.00838    0.0365   0.02812 
  0.00405   0.04003   0.03598 
 -0.00258   0.03914   0.04172 
 -0.01789   0.01401    0.0319 
 -0.01961   0.01866   0.03827 
 -0.00047   0.03658   0.03705 
  0.01967   0.05102   0.03135 
  0.01711   0.07858   0.06147 
  -0.0148   0.01365   0.02845 
 -0.01755   0.00528   0.02283 
 -0.02231   0.02083   0.04314 
 -0.01836   0.01607   0.03443 
 -0.00032   0.02828    0.0286 
  0.05337   0.08236   0.02899 
 -0.02691   0.00703   0.03394 
 -0.00651    0.0431   0.04961 
 -0.00174  -0.00046   0.00128 
 -0.03831   0.03674   0.07505 
 -0.02592   0.00461   0.03053 
 -0.02209   0.00246   0.02455 
 -0.05596   0.05517   0.11113 
 -0.00547   0.01299   0.01846 
 -0.01128   0.01779   0.02907 
  0.02406    0.0603   0.03624 
 -0.01205   0.03262   0.05155 
  0.02088    0.0395    0.0385 
 -0.01446   0.05938   0.03368 
 -0.02576   0.01922   0.06332 
 -0.01446   0.03756   0.03657 
 -0.02705   0.02211   0.02599 
 -0.04513  -0.00106   0.04282 
 -0.02445  -0.00231   0.05127 
 -0.04294   0.02682   0.05101 
 -0.02086   0.00807   0.02755 
