  0.08054  -0.01396   -0.0945 
  0.09747  -0.00021  -0.09768 
  0.10756   0.00356    -0.104 
  0.10552   0.01477  -0.09075 
  0.08207  -0.00447  -0.08654 
  0.11376  -0.00461  -0.11837 
  0.11766   0.00972  -0.10794 
  0.08675  -0.00269  -0.08944 
  0.10286   0.00306   -0.0998 
  0.07655   0.00272  -0.07383 
   0.1151   0.01657  -0.09853 
  0.08783  -0.00971  -0.09754 
  0.12366   0.02321  -0.10045 
  0.11929  -0.02912  -0.14841 
  0.14703   0.02343   -0.1236 
  0.14117   0.00906  -0.13211 
  0.07626  -0.00402  -0.08028 
  0.10221  -0.00156  -0.10377 
  0.08007  -0.00124  -0.08131 
  0.10061   0.01763  -0.08298 
  0.07315  -0.01064  -0.10387 
  0.08468  -0.00011  -0.08379 
  0.09291  -0.01347  -0.08479 
  0.10065  -0.01153  -0.10638 
  0.09817  -0.00629  -0.11218 
  0.11221  -0.00249  -0.10446 
   0.1028  -0.00229   -0.1147 
  0.11227  -0.00315  -0.10509 
  0.08497  -0.00784  -0.11542 
   0.1016  -0.00558  -0.09281 
  0.08903   0.00049  -0.10718 
  0.09775   0.00538  -0.08854 
  0.08904  -0.00092  -0.09237 
   0.1217   0.00593  -0.08996 
  0.14634   0.01099  -0.11577 
  0.10924   0.01225  -0.13535 
  0.09992     0.005  -0.09699 
  0.09413  -0.00562  -0.09492 
  0.10803   0.01547  -0.09975 
  0.11307  -0.01201  -0.09256 
  0.08672  -0.00077  -0.12508 
  0.08149  -0.00354  -0.08749 
  0.09363  -0.00362  -0.08503 
  0.09836   0.00239  -0.09725 
  0.11657   0.01626  -0.09597 
   0.0939   0.00813  -0.10031 
  0.06897  -0.01076  -0.08577 
  0.09592  -0.00029  -0.07973 
  0.08008   -0.0052  -0.09621 
  0.07372   0.00076  -0.08528 
  0.08008  -0.00788  -0.07296 
   0.0984   0.00224  -0.08796 
   0.0731  -0.00829  -0.09616 
  0.07454   0.00338  -0.08139 
  0.08877   -0.0056  -0.07116 
  0.07574  -0.00274  -0.09437 
