 -0.00273   0.01304   0.01577 
 -0.03922   0.02158    0.0608 
 -0.01482   0.01261   0.02743 
  0.01583    0.0554   0.03957 
 -0.00133   0.03106   0.03239 
  0.02272   0.01611  -0.00661 
 -0.04059   0.02935   0.06994 
 -0.05053   0.00284   0.05337 
  0.00225   0.05857   0.05632 
 -0.03798    0.0298   0.06778 
 -0.00382   0.01295   0.01677 
  0.01205    0.0381   0.02605 
  -0.0013   0.04467   0.04597 
  0.01955   0.02676   0.00721 
 -0.04023   0.00731   0.04754 
 -0.04823   0.00353   0.05176 
 -0.02218   0.02466   0.04684 
  0.01269   0.02702   0.01433 
  0.01439    0.0551   0.04071 
   0.0253   0.07433   0.04903 
 -0.03522  -0.00782    0.0274 
 -0.06743   0.00782   0.07525 
 -0.03311   0.01092   0.04403 
  0.01252   0.03548   0.02296 
 -0.02115   0.00583   0.02698 
 -0.00683   0.00109   0.00792 
  -0.0233   0.03289   0.05619 
  0.05744   0.07834    0.0209 
 -0.00698   0.04779   0.05477 
 -0.00778   0.02179   0.02957 
 -0.03547   0.01844   0.05391 
 -0.07743   0.02691   0.10434 
 -0.03477   0.00523      0.04 
  -0.0263    0.0203    0.0466 
 -0.01798    0.0777   0.09568 
 -0.02169    0.0177   0.03939 
  0.00144   0.03175   0.03031 
 -0.00834   0.01212   0.02046 
 -0.00371     0.017   0.02071 
  -0.0053   0.01815   0.02345 
 -0.00291   0.01483   0.01774 
  -0.0189    0.0086    0.0275 
 -0.02649   0.01216   0.03865 
  -0.0193   0.02962   0.04892 
 -0.00341      0.01   0.01341 
 -0.05578   0.00955   0.06533 
 -0.04788   0.01841   0.06629 
  -0.0192   0.04856   0.06776 
 -0.01928   0.04023   0.05951 
 -0.01272    0.0197   0.03242 
 -0.01928   0.04023   0.05951 
  -0.0152   0.01507   0.03027 
 -0.03141   0.00638   0.03779 
 -0.06696   0.02765   0.09461 
  -0.0308   0.00797   0.03877 
 -0.00766   0.01055   0.01821 
