  0.10669   0.12085   0.01416 
  0.07246   0.09415   0.02169 
   0.0188   0.06157   0.04277 
  0.01143   0.01792   0.00649 
  0.04505    0.0639   0.01885 
  0.05178   0.05717   0.00539 
  0.06055   0.07317   0.01262 
  0.02875   0.07852   0.04977 
  0.15566   0.19626    0.0406 
  0.03525   0.03935    0.0041 
  0.00983   0.01328   0.00345 
  0.06656   0.10056     0.034 
  0.00291   0.03919   0.03628 
  0.20411   0.21775   0.01364 
  0.00208   0.07832   0.07624 
  0.02172   0.04032    0.0186 
  0.06476   0.08287   0.01811 
 -0.01789   0.03162   0.04951 
  0.11481   0.14304   0.02823 
  0.20289   0.20951   0.00662 
  0.04117   0.05652   0.01535 
  0.20389   0.24807   0.04418 
  0.05419   0.07277   0.01858 
 -0.00925    0.0068   0.01605 
 -0.00048   0.02753   0.02801 
  0.03518   0.13314   0.09796 
  0.02309   0.03639   0.04418 
  0.13253   0.14881    0.0133 
  0.07538   0.07943   0.01628 
  0.10314   0.13998   0.00405 
  0.07494    0.0955   0.03684 
  0.10587   0.10558   0.02056 
  0.04687   0.05785  -0.00029 
  0.01616   0.06458   0.01098 
  0.03998   0.06033   0.04842 
  0.00227   0.03417   0.02035 
  0.03048   0.05866    0.0319 
  0.10662   0.15255   0.03065 
  0.15347   0.17064   0.02818 
  0.16737   0.19005   0.01554 
   0.0383   0.02975   0.04593 
 -0.01754   0.03682   0.01717 
  0.09207    0.1085   0.02268 
  0.16075   0.18991  -0.00855 
  0.11236   0.15349   0.05436 
  0.02919   0.07662   0.01643 
 -0.05258    -0.009   0.02916 
