  0.14289   0.02429   -0.1186 
  0.12495    0.0068  -0.11815 
  0.10345   0.02576  -0.07769 
  0.10927   0.01937   -0.0899 
  0.11903   0.00893   -0.1101 
  0.11081   0.01593  -0.09488 
   0.0846  -0.00308  -0.08768 
  0.13348  -0.00088  -0.13436 
  0.14306   0.00629  -0.13677 
  0.11922   0.01337  -0.10585 
  0.09275  -0.00901  -0.10176 
   0.0955  -0.00481  -0.10031 
  0.08193   0.00495  -0.07698 
  0.12818   0.01576  -0.11242 
  0.12288   0.00629  -0.11659 
  0.10335  -0.02074  -0.12409 
  0.08724   0.01587  -0.07137 
  0.14366   0.04856   -0.0951 
  0.21528   0.02822  -0.09643 
  0.12465  -0.00259  -0.10232 
  0.09973  -0.00242  -0.07356 
  0.07114   0.03248  -0.10258 
  0.13506  -0.00994  -0.11972 
  0.10978   0.02029  -0.12462 
  0.14491  -0.00449  -0.09932 
  0.09483   0.00154  -0.10739 
  0.10893  -0.01225  -0.10391 
  0.09166   0.01994   -0.0947 
  0.11464   0.01436  -0.12267 
  0.13703  -0.01074  -0.12112 
  0.11038   0.00224  -0.10943 
  0.11167   0.00627  -0.08078 
  0.08705    0.0142  -0.06979 
  0.08399    0.0088  -0.11239 
  0.12119   0.02948  -0.09622 
   0.1257   0.01764  -0.10538 
  0.12302    0.0097  -0.11355 
  0.12325   0.00518  -0.13928 
  0.14446  -0.00222  -0.13223 
  0.13001   0.02409  -0.09544 
  0.11953    0.0215  -0.09058 
  0.11208   0.00974  -0.07846 
   0.0882   0.00229  -0.10121 
   0.1035   0.00994  -0.09211 
  0.10205   0.00784  -0.12345 
  0.13129   0.02141  -0.10382 
  0.12523   0.02726  -0.14513 
  0.17239   0.00512  -0.08992 
  0.09504  -0.01456  -0.13191 
