  0.03913   0.04848   0.00935 
  0.06051   0.07714   0.01663 
  0.00308   0.01482   0.01174 
   0.0546   0.06145   0.00685 
  0.08066   0.10529   0.02463 
  0.03926    0.0574   0.01814 
  0.00571    0.0173   0.01159 
  0.05404   0.07157   0.01753 
  0.03761    0.0545   0.01689 
  0.04565   0.03505   -0.0106 
  0.03513   0.06282   0.02769 
 -0.00685   0.02912   0.03597 
  0.09653   0.11315   0.01662 
  0.04466   0.08396    0.0393 
  0.02078   0.04695   0.02617 
  0.07706   0.07939   0.00233 
  0.01552   0.03887   0.02335 
  0.07752   0.09544   0.01792 
  -0.0431   0.00453   0.04763 
  0.02457    0.0403   0.01573 
  0.01334   0.03614    0.0228 
  0.25329   0.27795   0.02466 
  0.01235   0.04261   0.03026 
   -0.009   0.02525   0.03425 
   0.0931   0.10114   0.00804 
  0.02152   0.03244   0.01092 
  0.01559   0.06248   0.04689 
  0.09234    0.1407   0.04836 
  0.13661   0.15572   0.01911 
  0.05465   0.05804   0.00339 
  0.09147   0.10342   0.01195 
  0.06596   0.08057   0.01461 
 -0.01357   0.01553    0.0291 
  0.01759   0.04406   0.02647 
  0.06654   0.05673  -0.00981 
  0.06341   0.07626   0.01285 
  0.22329   0.23487  -0.00482 
  0.07964   0.14257   0.01158 
  0.18137   0.19423   0.06293 
   0.0683   0.08282   0.01286 
  0.20866   0.21509   0.01452 
  0.12198   0.12811   0.00643 
   0.0674    0.0723   0.00613 
  0.03488   0.06779    0.0049 
  0.08287   0.10632   0.03291 
  0.08242   0.11367   0.02345 
  0.11971   0.13684   0.03125 
  0.08252   0.09046   0.01713 
  0.04401   0.06117   0.00794 
