 -0.00415   0.03444   0.03859 
  0.11244   0.12277   0.01033 
  0.02428   0.04644   0.02216 
  0.05014     0.077   0.02686 
  0.05815   0.06096   0.00281 
  0.01295   0.03645    0.0235 
  0.06643   0.07133    0.0049 
  0.01083   0.04267   0.03184 
  0.09248    0.0939   0.00142 
  0.10741   0.12757   0.02016 
  0.07544   0.09272   0.01728 
  0.22028    0.2345   0.01422 
  0.07407   0.09504   0.02097 
 -0.00734   0.01561   0.02295 
  0.01891   0.04989   0.03098 
  0.10422    0.1062   0.00198 
  0.01786   0.04732   0.02946 
 -0.00767   0.03776   0.04543 
  0.00493   0.05054   0.04561 
  0.03546   0.07407   0.03861 
  0.00226   0.02187   0.01961 
  0.04275   0.07606   0.03331 
  0.03014   0.04656   0.01642 
  0.05909   0.07803   0.01894 
  0.00644   0.03694    0.0305 
  0.09792     0.132   0.03408 
  -0.0019   0.03531   0.03721 
   0.0996   0.14082   0.04122 
  0.00555    0.0101   0.00455 
  0.11025    0.0657  -0.04455 
  0.01148   0.02454   0.01306 
  0.02799   0.07528   0.04729 
  0.00652   0.03783   0.03131 
  0.13998    0.1403   0.00032 
  0.06596   0.10577   0.03981 
   0.0314    0.0731    0.0417 
  0.07246   0.09951   0.02705 
  0.07879   0.09461   0.01582 
  0.14671   0.18283   0.03612 
  0.07584   0.08777   0.01193 
  0.02491   0.04265   0.01774 
 -0.01313   0.02254   0.03567 
  0.14632   0.20792    0.0616 
  0.04528   0.08783   0.04255 
  0.03236   0.07468   0.04232 
  0.00336   0.03371   0.03035 
  0.01894   0.04756   0.02862 
  -0.0264   0.00552   0.03192 
  0.03315   0.06052   0.02737 
 -0.00386   0.02403   0.02789 
  0.05569   0.09092   0.03523 
   0.0567    0.0829    0.0262 
