  0.08264   -0.0039  -0.08654 
  0.10977   0.00673  -0.10304 
  0.09864  -0.00206   -0.1007 
  0.09252    0.0068  -0.08572 
  0.12032   0.02642   -0.0939 
   0.0871  -0.00321  -0.09031 
  0.08432  -0.01088   -0.0952 
  0.09985   0.01158  -0.08827 
   0.0975   0.01165  -0.08585 
  0.09925   0.01098  -0.08827 
   0.1281   0.02316  -0.10494 
   0.0777  -0.00071  -0.07841 
  0.09511  -0.00379   -0.0989 
  0.10386  -0.01704   -0.1209 
  0.10652   0.00602   -0.1005 
  0.09906  -0.00422  -0.10328 
  0.09818  -0.02305  -0.12123 
  0.13214   0.00912  -0.12302 
  0.12052  -0.00755  -0.12807 
  0.11165   0.01703  -0.09462 
  0.09768   0.00655  -0.09113 
  0.09014   0.00123  -0.08891 
  0.11493   0.02166  -0.09327 
  0.12243  -0.00801  -0.13044 
    0.104   -0.0029   -0.1069 
  0.08763   0.00047  -0.08716 
  0.12815   0.01453  -0.11362 
   0.2848  -0.00291  -0.10054 
  0.09763   0.00207  -0.12654 
  0.12861   0.00637  -0.11253 
   0.1189   0.03494  -0.07034 
  0.10528   0.00681  -0.08723 
  0.09404  -0.00746  -0.13016 
   0.1227  -0.01974  -0.10593 
  0.08619   0.00967   -0.1268 
  0.13647   0.00267  -0.09353 
   0.0962   0.02286  -0.07419 
  0.09705   0.01083  -0.11899 
  0.12982   0.00898  -0.08691 
  0.09589  -0.00521  -0.09625 
  0.09104  -0.01821  -0.09501 
   0.0768    0.0104   -0.0874 
   0.0978  -0.02809  -0.13161 
  0.10352   -0.0139  -0.11113 
  0.09723  -0.00185  -0.12191 
  0.12006   0.01344  -0.11208 
  0.12552  -0.00661  -0.09901 
   0.0924   0.00161  -0.10416 
  0.10577   0.00468  -0.10116 
  0.10584   0.01612  -0.07644 
  0.09256  -0.00605  -0.09453 
