   0.0225   0.04373   0.02123 
   0.0571   0.05783   0.00073 
  0.00253   0.00778   0.00525 
  0.02241   0.02993   0.00752 
  0.00968   0.01159   0.00191 
 -0.00096   0.04126   0.04222 
 -0.01648   0.01849   0.03497 
  0.08251   0.10143   0.01892 
 -0.15374   0.02545   0.02252 
 -0.02922    0.0506   0.01307 
  0.00293   0.02412  -0.00677 
  0.03753   0.05165   0.01566 
  0.03089   0.05504  -0.00401 
  0.03599   0.04982   0.01945 
  0.05905   0.12019    0.0055 
  0.03037   0.04893   0.01443 
  0.11469   0.05022   0.03466 
   0.0345   0.01962   -0.0034 
  0.01556    0.0961    0.0295 
  0.02302   0.06651   0.01895 
   0.0666    0.0244   0.01913 
  0.04756   0.12727   0.00983 
  0.00527   0.03113   0.05366 
  0.11744   0.01652   0.00545 
 -0.02253   0.10151   0.05269 
  0.01107   0.10528   0.03185 
  0.04882   0.03338   0.01775 
  0.07343   0.12081    -0.002 
  0.01563   0.08916   0.05196 
  0.12281   0.11171   0.03299 
   0.0372     0.054  -0.00457 
  0.07872   0.13975   0.01222 
  0.05857   0.01456   0.00803 
  0.12753   0.05922   0.01364 
  0.00653   0.08998   0.01898 
  0.04558   0.06088   0.02081 
    0.071   0.08016   0.03814 
  0.04007   0.03447   0.00293 
  0.04202   0.01498   0.00951 
  0.03154   0.09448   0.02697 
  0.00547   0.04608   0.01115 
  0.06751   0.07949   0.02846 
  0.03493   0.06604   0.00623 
  0.05103   0.01159   0.02298 
  0.05981   0.02231   0.00878 
 -0.01139   0.02119   0.02062 
  0.01353   0.02087    0.0044 
  0.00057   0.17723   0.00783 
  0.01647   0.10017   0.04097 
