 -0.01176   0.01667   0.02843 
 -0.01366   0.03178   0.04544 
 -0.04973   0.01663   0.06636 
  0.03746   0.09449   0.05703 
 -0.03962   0.01977   0.05939 
 -0.07604   0.04771   0.12375 
 -0.00377   0.03513    0.0389 
 -0.01693   0.05306   0.06999 
 -0.01895   0.02372   0.04267 
 -0.02528   0.05513   0.08041 
 -0.01707   0.02753    0.0446 
 -0.06543  -0.02035   0.04508 
 -0.00869   0.02247   0.03116 
 -0.01867    0.0362   0.05487 
 -0.01099   0.03517   0.04616 
 -0.02691   0.02345   0.05036 
 -0.02312   0.01881   0.04193 
  -0.0751   0.04329   0.11839 
   0.0136   0.08143   0.06783 
  0.00958   0.02976   0.02018 
 -0.00689   0.03091    0.0378 
 -0.01373   0.02323   0.03696 
  0.00185   0.04258   0.04073 
 -0.05167   0.06086   0.11253 
 -0.04455   0.02779   0.07234 
  0.02622   0.05542   0.09749 
 -0.04207    0.0357   0.09035 
 -0.05465   0.03979   0.07198 
 -0.03219   0.08946   0.07356 
   0.0159   0.05159   0.04916 
  0.00243   0.06167   0.06818 
 -0.00651   0.05197   0.11627 
  -0.0643   0.00519   0.02731 
 -0.02212   0.00618   0.06747 
 -0.06129   0.04706   0.08368 
 -0.03662   0.03515   0.04038 
 -0.00523   0.02626   0.06045 
 -0.03419   0.02857   0.04783 
 -0.01926   0.01766   0.04547 
 -0.02781  -0.00161   0.04378 
 -0.04539   0.00551   0.03707 
 -0.03156   0.05909   0.05826 
  0.00083   0.05682   0.07692 
  -0.0201   0.00077   0.08646 
 -0.08569  -0.00308   0.03631 
 -0.03939   0.00481  -0.01954 
  0.02435   0.05613     0.074 
 -0.01787   0.03771   0.05404 
 -0.01633   0.02766  -0.00785 
  0.03551  -0.00234   0.04477 
 -0.04711   0.04386   0.06084 
 -0.01698   0.01611   0.01635 
 -0.00024   0.03463   0.07294 
 -0.03831   0.04471   0.10617 
 -0.06146   0.05952   0.09746 
 -0.03794   0.05129   0.09097 
 -0.03968   0.05599    0.0941 
