  0.07389  -0.00262  -0.07651 
  0.12197   0.01724  -0.10473 
  0.08936  -0.00524   -0.0946 
  0.07826  -0.01033  -0.08859 
  0.11015  -0.00577  -0.11592 
  0.09713   0.01584  -0.08129 
  0.10374   0.01414   -0.0896 
  0.06568  -0.00493  -0.07061 
  0.09131   0.00246  -0.08885 
  0.11575   0.00192  -0.11383 
  0.14029   0.04215  -0.09814 
  0.11597   0.00884  -0.10713 
  0.10763   0.02427  -0.08336 
  0.08821   -0.0031  -0.09131 
  0.08964  -0.01042  -0.10006 
  0.13752   0.01814  -0.11938 
  0.10719     2e-05  -0.10717 
  0.10629  -0.00196  -0.10825 
  0.08437  -0.01579  -0.10016 
  0.08529  -0.00015  -0.08544 
  0.08098  -0.01718  -0.09816 
  0.13153   0.01385  -0.11768 
  0.09923   0.00938  -0.08985 
  0.08595  -0.00676  -0.09271 
  0.10177   0.00268  -0.09909 
  0.13558   0.00671  -0.12887 
  0.13473   0.02414  -0.11059 
  0.10693   -0.0001  -0.10703 
  0.11072    0.0125  -0.09822 
  0.13719   0.00856  -0.12863 
  0.13226  -0.00629  -0.13855 
   0.0955  -0.00819  -0.10369 
  0.10421  -0.00631  -0.11052 
  0.07766  -0.00359  -0.08125 
   0.1083  -0.00799  -0.11629 
  0.13483   0.00194  -0.13289 
  0.10656   -0.0116  -0.11816 
  0.10185  -0.00133  -0.10318 
  0.11725   0.00101  -0.11624 
  0.12579   0.03147  -0.09432 
  0.08993  -0.00296  -0.09289 
  0.11678   -0.0008  -0.11758 
  0.10675   0.01303  -0.09372 
  0.07787  -0.02472  -0.10259 
  0.08101  -0.00533  -0.08634 
  0.09364  -0.00475  -0.09839 
  0.21648  -0.01782   -0.2343 
  0.10654  -0.00319  -0.10973 
  0.11674   0.01135  -0.10539 
  0.11105  -0.00376  -0.11481 
    0.084   0.00067  -0.08333 
  0.12715   0.00199  -0.12516 
  0.10205  -0.00328  -0.10533 
  0.11166  -0.00152  -0.11318 
   0.0772  -0.00042  -0.07762 
  0.09242   0.00471  -0.08771 
  0.11032  -0.00634  -0.11666 
  0.10206  -0.01081  -0.11287 
