   0.0004   0.03095   0.03055 
 -0.02193   0.02824   0.05017 
 -0.00421   0.03802   0.04223 
 -0.07334    0.0304   0.10374 
 -0.07425   0.01901   0.09326 
  -0.0757   0.01932   0.09502 
 -0.01286   0.00646   0.01932 
 -0.01321   0.03769    0.0509 
 -0.02118   0.01267   0.03385 
 -0.00139   0.05059   0.05198 
  0.03047   0.04402   0.01355 
 -0.00671   0.01719    0.0239 
 -0.03385   0.01241   0.04626 
 -0.04042   0.06412   0.10454 
 -0.00117   0.02335   0.02452 
 -0.04736   0.02723   0.07459 
 -0.01513   0.02858   0.04371 
 -0.01601   0.03235   0.04836 
   0.0036   0.00865   0.00505 
 -0.02931   0.03251   0.06182 
 -0.03954     1e-05   0.03955 
 -0.00303   0.01395   0.01698 
 -0.08716   0.04077   0.12793 
 -0.08049   0.03166   0.11215 
 -0.01097   0.03845   0.04942 
 -0.08294   0.00904   0.09198 
  0.01568     0.084   0.06832 
 -0.03511   0.03113   0.06624 
 -0.03704   0.00171   0.03875 
 -0.03171   0.03428   0.06599 
 -0.00204   0.01607   0.01811 
   -0.055   0.02487   0.07987 
 -0.00699   0.03617   0.04316 
 -0.03652   0.01546   0.05198 
  0.01064   0.02781   0.01717 
 -0.01806   -0.0074   0.01066 
 -0.05073  -0.01719   0.03354 
 -0.04694   0.02895   0.07589 
 -0.07882   0.04731   0.12613 
 -0.11038   0.00856   0.11894 
 -0.05112   0.03287   0.08399 
  -0.0354    0.0288    0.0642 
 -0.08372    0.0267   0.11042 
 -0.01316   0.04399   0.05715 
  -0.0342   0.02805   0.06225 
 -0.03745   0.00613   0.04358 
 -0.04965  -0.05889  -0.00924 
 -0.02812   0.07229   0.10041 
 -0.02584   0.03801   0.06385 
  0.00329   0.04673   0.04344 
 -0.02221   0.01702   0.03923 
  -0.0497   0.00995   0.05965 
 -0.02768    0.0386   0.06628 
  -0.0253   0.04625   0.07155 
 -0.04936   0.01221   0.06157 
 -0.14603   0.01141   0.15744 
 -0.06622   0.01454   0.08076 
 -0.05393   0.02886   0.08279 
