  0.02332   0.05942    0.0361 
  0.02477   0.06327    0.0385 
  0.30861   0.39138   0.08277 
  0.09357   0.10081   0.00724 
   0.0696   0.08981   0.02021 
  0.06729   0.12573   0.05844 
 -0.00616   0.07203   0.07819 
 -0.04127  -0.02591   0.01536 
  0.24782   0.25454   0.00672 
  -0.0493  -0.00295   0.04635 
  0.11644   0.18995   0.07351 
  0.10638   0.13604   0.02966 
   0.0945   0.09632   0.00182 
  0.05281   0.05846   0.00565 
   0.1928   0.21125   0.01845 
  0.13238     0.172   0.03962 
  0.07499   0.12903   0.05404 
 -0.00325   0.01641   0.01966 
  0.06875     0.097   0.02825 
  0.24366   0.32139   0.07773 
 -0.00454   0.03358   0.01056 
  0.02061   0.06806   0.03812 
 -0.00671   0.02362   0.04745 
  0.08536   0.09674   0.03315 
  0.01433    0.0517   0.04656 
 -0.00576   0.01376   0.03033 
  0.11869   0.08172   0.01138 
  0.01458   0.06152   0.03737 
   0.0775   0.13393   0.01952 
  0.04553   0.06532  -0.03697 
  0.06893   0.08411   0.03608 
  0.00316   0.03185   0.04694 
  0.02722   0.00877   0.05643 
  0.12445   0.16302   0.01979 
  0.05868   0.09844   0.01518 
  0.05918   0.09999   0.02869 
  0.13293   0.16409  -0.01845 
  0.08131   0.10891   0.03857 
  0.09489   0.11695   0.03976 
  -0.0093   0.01894   0.04081 
  0.09788   0.14807   0.03116 
  0.05214   0.05519    0.0276 
  -0.0206   0.07972   0.02206 
  0.09115   0.13566   0.02824 
  0.09013   0.09279   0.05019 
  0.02977   0.04134   0.00305 
  0.01774   0.03341   0.10032 
  0.08715   0.10702   0.04451 
  0.01021   0.04668   0.00266 
  0.18342   0.19042   0.01157 
  0.10725   0.15279   0.01567 
