  0.09912   0.00787  -0.09125 
  0.10879   0.01315  -0.09564 
  0.08248  -0.00412   -0.0866 
  0.09308   0.00754  -0.08554 
  0.11678  -0.00163  -0.11841 
  0.15748   0.03758   -0.1199 
  0.10627   0.02196  -0.08431 
  0.11102  -0.01179  -0.12281 
  0.16133   0.05055  -0.11078 
   0.1058   0.02086  -0.08494 
  0.13792   0.01398  -0.12394 
  0.09506   0.00986   -0.0852 
  0.13778   0.02928   -0.1085 
  0.12495   0.01875   -0.1062 
  0.09954   0.00946  -0.09008 
  0.10618  -0.00323  -0.10941 
  0.10903   0.02229  -0.08674 
  0.09062   0.00273  -0.08789 
   0.0855   0.01015  -0.07535 
  0.08177  -0.00496  -0.08673 
  0.10389   0.00489    -0.099 
  0.13738   0.02681  -0.11057 
   0.0989   0.01033  -0.08857 
  0.10994   0.00736  -0.10258 
   0.0827   0.00214  -0.08056 
  0.08494   0.00079  -0.08415 
  0.22741   0.13764  -0.08677 
  0.12446   0.01119  -0.08977 
  0.08196   0.00102  -0.11327 
  0.09611   0.00288  -0.08094 
  0.08913  -0.00171  -0.09323 
  0.08452   -0.0069  -0.09084 
  0.08507  -0.00147  -0.09142 
  0.07404  -0.00832  -0.08654 
  0.11933   0.00259  -0.08236 
  0.09986     4e-05  -0.11674 
  0.11855   0.00219  -0.09982 
  0.10347  -0.00102  -0.11636 
  0.10823   0.00895  -0.10449 
  0.10202   0.02217  -0.09928 
  0.12238   0.01458  -0.07985 
  0.11376   0.01177   -0.1078 
  0.10377   0.00394  -0.10199 
  0.08327  -0.00144  -0.09983 
  0.11759   0.02663  -0.08471 
  0.10298   0.01755  -0.09096 
  0.10312    0.0105  -0.08543 
  0.14992   0.04797  -0.09262 
  0.09042  -0.00832  -0.10195 
  0.08609  -0.00663  -0.09874 
  0.12172   0.02394  -0.09272 
  0.10948   0.00459  -0.09778 
  0.11045   0.01203  -0.10489 
  0.08452   0.00134  -0.09842 
