  0.09499   0.12539    0.0304 
 -0.01182   0.01958    0.0314 
  0.01778    0.0402   0.02242 
  0.02956   0.04778   0.01822 
  0.06705   0.10022   0.03317 
  0.00923   0.07951   0.03772 
  0.22655   0.04695   0.00118 
  0.11375   0.22773   0.04343 
  0.14037   0.15718   0.06666 
  0.04432   0.20703   0.00897 
  0.06552   0.05329   0.01584 
  0.06861   0.08136    0.0253 
  0.11777   0.09391   0.02124 
  0.08989   0.13901   0.02781 
  0.01546    0.1177   0.03364 
  0.13532    0.0491   0.03048 
  0.09946    0.1658   0.01828 
  0.16248   0.11774   0.11533 
  0.09999   0.27781   0.01125 
  0.02628   0.11124   0.02111 
  -0.0056   0.04739   0.04804 
  0.06121   0.04244   0.06557 
  0.02171   0.07187   0.01066 
   0.0583   0.03719   0.01548 
  0.05226   0.07856   0.02026 
  0.00662   0.05951   0.00725 
  0.14809   0.02903   0.02241 
  0.04512   0.20233   0.05424 
  0.00528   0.03068  -0.01444 
  0.12796   0.02317   0.02259 
  0.00876   0.17568   0.01789 
   0.0528   0.03602   0.04772 
  0.02347   0.07624   0.02726 
   0.0168   0.03678   0.02344 
  0.08036   0.03991   0.01331 
  0.10034   0.12472   0.02311 
  0.01171   0.10566   0.04436 
  0.07543   0.05646   0.00532 
  0.08249   0.08834   0.04475 
  0.14056   0.08742   0.01291 
 -0.01831    0.1732   0.00493 
  0.02637   0.01354   0.03264 
  0.02534    0.0489   0.03185 
  0.04615   0.04134   0.02253 
   0.0844   0.12025     0.016 
  0.08963   0.11272    0.0741 
  0.03901   0.10812   0.02832 
  0.08129   0.05302   0.01849 
  0.01225   0.10544   0.01401 
  0.06129   0.04926   0.02415 
  0.36098   0.06735   0.03701 
  0.03262   0.39262   0.00606 
