  0.09565   0.10151   0.00586 
 -0.07524  -0.02743   0.04781 
   0.1219   0.09853  -0.02337 
   0.0419    0.0997    0.0578 
   0.0536   0.07561   0.02201 
  0.02948   0.05935   0.02987 
  0.02365   0.06279   0.03914 
  0.03979   0.05427   0.01448 
  0.01422   0.02064   0.00642 
 -0.00615   0.02459   0.03074 
  0.04977   0.03588  -0.01389 
  0.07744   0.13449   0.05705 
   0.0534   0.09587   0.04247 
  0.04276   0.06705   0.02429 
 -0.00589   0.02746   0.03335 
   0.2482   0.33634   0.08814 
  0.08708   0.13572   0.04864 
  0.06789   0.09792   0.03003 
  0.02727   0.00464  -0.02263 
 -0.00127   0.04541   0.04668 
 -0.00831   0.02466   0.03297 
  0.08139   0.20477   0.12338 
 -0.00831   0.02527   0.03358 
  -0.0064   0.01817   0.02457 
  0.02502   0.05632    0.0313 
  0.04683   0.11243    0.0656 
  0.02346   0.07429   0.05083 
  0.07687   0.11244   0.03557 
  0.06958   0.08593   0.01635 
  0.06872   0.08211   0.01339 
  0.06597   0.10692   0.04095 
  0.06515   0.11892   0.05377 
  0.05806   0.06253   0.00447 
  0.01242    0.0538   0.04138 
  0.02125   0.04227   0.02102 
  0.06551   0.13416   0.06865 
  0.07608   0.13259   0.05651 
  0.10479   0.14539    0.0406 
  0.00577   0.06659   0.06082 
  0.10697   0.14749   0.04052 
  0.13085   0.15778   0.02693 
  0.01377   0.13792   0.12415 
  0.12839   0.20024   0.07185 
  0.13856   0.18446    0.0459 
  0.05398   0.09434   0.04036 
  0.03449   0.07659    0.0421 
  0.04435   0.06208   0.01773 
   0.0063   0.03543   0.02913 
  0.05421    0.1379   0.08369 
