   0.0824   0.00417  -0.07823 
  0.12076   0.00592  -0.11484 
  0.09671   0.00195  -0.09476 
  0.10981   0.01378  -0.09603 
  0.09785  -0.00249  -0.10034 
  0.09428  -0.00021  -0.09449 
  0.12328   0.00677  -0.11651 
  0.09797   0.02438  -0.07359 
  0.09389    0.0073  -0.08659 
  0.09868   0.00426  -0.09442 
  0.06646   -0.0011  -0.06756 
  0.08355   -0.0012  -0.08475 
   0.1341   0.01664  -0.11746 
  0.07508   0.00105  -0.07403 
   0.0985   0.01057  -0.08793 
  0.06588   0.03351  -0.03237 
  0.07919   0.00944  -0.06975 
  0.09918   0.00296  -0.09622 
   0.1186   0.02098  -0.09762 
  0.09586   0.01494  -0.08092 
  0.09311   0.00853  -0.08458 
  0.06688  -0.00351  -0.07039 
  0.09311   0.00853  -0.08458 
  0.09586   0.00857  -0.08729 
   0.0972  -0.00088  -0.09808 
  0.09486   0.00205  -0.09281 
  0.09601   0.01229  -0.08372 
  0.10336   0.00688  -0.09648 
   0.0806   0.00171  -0.07889 
  0.08305   0.00097  -0.08208 
  0.08128   0.00536  -0.07592 
  0.11152  -0.00452  -0.11604 
  0.08556    -0.002  -0.08756 
  0.08231   0.00382  -0.07849 
  0.09793   0.00468  -0.09325 
  0.11589   0.02341  -0.09248 
  0.10555   0.04289  -0.06266 
  0.08607   0.00331  -0.08276 
  0.09977   0.00357   -0.0962 
  0.06563    0.0021  -0.06353 
  0.08965   0.01787  -0.07178 
  0.07602  -0.00451  -0.08053 
  0.08163  -0.00296  -0.08459 
  0.10922   0.03241  -0.07681 
  0.09498   0.00957  -0.08541 
  0.13544   0.00934   -0.1261 
  0.15746  -0.00878  -0.16624 
  0.08248   0.00384  -0.07864 
  0.12589   0.02752  -0.09837 
