   0.1268   0.14813   0.02133 
  0.03722   0.07558   0.03836 
  0.08145   0.04468  -0.03677 
  0.02049   0.06493   0.04444 
  0.10385   0.16701   0.06316 
   0.0049    0.0257    0.0208 
  0.04322   0.05706   0.01384 
  0.06771   0.07532   0.00761 
  0.03685   0.03448  -0.00237 
  0.01407   0.02653   0.01246 
  0.03019   0.05407   0.02388 
  0.05274   0.08777   0.03503 
  0.07333   0.11003    0.0367 
  0.01986   0.02884   0.00898 
 -0.00191   0.00619    0.0081 
  0.14286   0.25095   0.10809 
  0.07165   0.11216   0.04051 
   0.0288   0.07259   0.04379 
  0.07055   0.06289  -0.00766 
  0.08288   0.10022   0.01734 
  0.01464   0.03294    0.0183 
  0.11295   0.12837   0.01542 
  0.01464   0.03294    0.0183 
  0.05577   0.07311   0.01734 
  0.03398   0.05135   0.01737 
  0.05354   0.09708   0.04354 
  0.11838   0.12414   0.00576 
  0.09933   0.11303    0.0137 
 -0.00672   0.03286   0.03958 
 -0.00627   0.03276   0.03903 
  0.12192   0.16324   0.04132 
  0.09244   0.09938   0.00694 
  0.02093   0.00216  -0.01877 
  0.01753   0.02931   0.01178 
   0.0343   0.04785   0.01355 
  0.05603   0.12955   0.07352 
  0.20982   0.23941   0.02959 
  0.07212   0.09627   0.02415 
  0.06768   0.12406   0.05638 
  0.02069   0.04988   0.02919 
  0.27434   0.28664    0.0123 
  0.02184   0.09385   0.07201 
  0.35165   0.37456   0.02291 
  0.08473   0.11148   0.01254 
  0.02567   0.02618   0.02675 
   0.0426   0.01976   0.00051 
  0.04298   0.04337  -0.02284 
   0.0228   0.07851   0.00039 
