 -0.01854   0.04871   0.06725 
  0.12153   0.16682   0.04529 
  0.01243   0.05116   0.03873 
  0.06014   0.09049   0.03035 
  0.03637   0.08268   0.04631 
 -0.00801   0.02502   0.03303 
 -0.02153   0.03254   0.05407 
  0.03637   0.08177    0.0454 
  0.05151   0.07993   0.02842 
   0.0962   0.15582   0.05962 
  0.07158   0.13679   0.06521 
  0.25288   0.27767   0.02479 
  0.03141   0.05693   0.02552 
  0.07662   0.10647   0.02985 
  0.04033   0.08883    0.0485 
  0.18896   0.21114   0.02218 
 -0.01403   0.03805   0.05208 
   0.0185   0.06576   0.04726 
 -0.01106   0.13915   0.15021 
   0.0643   0.10597   0.04167 
 -0.00069    0.0745   0.07519 
  0.04226   0.06416    0.0219 
  0.03683   0.05221   0.01538 
   0.1026   0.14871   0.04611 
   0.0306   0.10917   0.07857 
  0.12276   0.17196    0.0492 
  0.00807   0.03453   0.02646 
 -0.00147   0.03992   0.04139 
  0.05996   0.10208   0.04212 
  0.00756   0.04344   0.03588 
 -0.07586   0.14298   0.21884 
  0.16894   0.20782   0.03888 
 -0.04008   0.00447   0.04455 
  0.02495   0.05099   0.02604 
   0.1106    0.2146     0.104 
 -0.01503   0.05218   0.06721 
  0.05521   0.18744   0.13223 
  0.10221   0.11194   0.00973 
  0.01649   0.02784   0.01135 
  0.02687   0.04201   0.01514 
 -0.08944    0.0731   0.16254 
  0.05977   0.13852   0.07875 
 -0.02256   0.02715   0.04971 
  0.03595   0.06944   0.03349 
  0.00203    0.0328   0.03077 
  0.00018   0.03186   0.03168 
  0.02431   0.04681    0.0225 
