  0.08537  -0.00341  -0.08878 
  0.10652   0.01406  -0.09246 
  0.09936   0.00591  -0.09345 
  0.06404  -0.00788  -0.07192 
  0.07333  -0.00623  -0.07956 
  0.07896  -0.00697  -0.08593 
  0.11268   0.02722  -0.08546 
  0.07333  -0.00623  -0.07956 
  0.07348  -0.00479  -0.07827 
  0.10182   0.00538  -0.09644 
  0.06399   0.02525  -0.03874 
  0.11235   0.00056  -0.11179 
  0.15542   0.00626  -0.14916 
  0.10271   0.00681   -0.0959 
  0.06597   0.00405  -0.06192 
  0.19985    0.0435  -0.15635 
  0.12156   0.01935  -0.10221 
  0.05403  -0.01987   -0.0739 
  0.09618  -0.01354  -0.10972 
  0.11326   0.03361  -0.07965 
  0.10332   0.00878  -0.09454 
  0.07494  -0.01296   -0.0879 
  0.10352   0.01995  -0.08357 
  0.08252   0.00795  -0.07457 
  0.09215     9e-05  -0.09206 
  0.11846   0.01496   -0.1035 
   0.0819  -0.00634  -0.08824 
   0.1066   -0.0042   -0.1108 
  0.12872   0.01525  -0.11347 
  0.09247  -0.01923   -0.1117 
  0.10053   0.00832  -0.09221 
  0.07974     3e-05  -0.07971 
  0.10332   0.00086  -0.10246 
  0.11083    -0.001  -0.11183 
  0.13989   0.00985  -0.13004 
  0.11416   0.01757  -0.09659 
  0.10584   0.03519  -0.07065 
  0.10656   0.00296   -0.1036 
  0.07746  -0.00056  -0.07802 
  0.12652   0.01404  -0.11248 
  0.10533   0.01471  -0.09062 
  0.10506   0.00631  -0.09875 
  0.08714  -0.00542  -0.09256 
  0.13548   0.00806  -0.12742 
  0.11849  -0.00107  -0.11956 
  0.10651  -0.00086  -0.10737 
  0.12064  -0.01216   -0.1328 
