  0.07634   0.11757   0.04123 
  0.07556   0.12066    0.0451 
  0.04062   0.05828   0.01766 
  0.06776   0.13959   0.07183 
  0.03263   0.05667   0.02404 
 -0.00987   0.00822   0.01809 
  0.01407   0.03174   0.01767 
  0.03263   0.05667   0.02404 
  0.09083    0.1358   0.04497 
  0.13586   0.15107   0.01521 
  0.17942   0.21056   0.03114 
  0.02699   0.03074   0.00375 
  0.08501   0.08808   0.00307 
  0.09319   0.10246   0.00927 
   0.1626   0.16518   0.00258 
  0.05025   0.07626   0.02601 
  0.03217   0.04559   0.01342 
  0.07884   0.16018   0.08134 
  0.12241   0.14428   0.02187 
  0.01463   0.03974   0.02511 
   0.0239   0.03374   0.03746 
  0.07276   0.07424   0.00984 
  0.10712   0.15361   0.00148 
  0.02845   0.04099   0.04649 
  0.03145   0.04281   0.06794 
  0.07235   0.07698   0.01254 
  0.01611   0.06882   0.01136 
  0.04491   0.04182   0.00463 
  0.15206   0.20475   0.05271 
  0.03753   0.07645  -0.00309 
  0.04269   0.06103   0.05269 
   0.0673   0.08205   0.03892 
  0.12343   0.24133   0.01834 
  0.06877   0.13452   0.01475 
  0.01319   0.04727    0.1179 
  0.09516   0.11948   0.06575 
  0.21232   0.21957   0.03408 
  0.00681   0.08818   0.02432 
  0.12014   0.14129   0.00446 
  0.02065   0.04077   0.00725 
  0.10133   0.10676   0.08137 
  0.13515   0.14497   0.02115 
   0.0353   0.06404   0.02012 
   0.0632   0.07195   0.00543 
