  0.01253   0.02605   0.01352 
  0.04334      0.07   0.02666 
  0.13863   0.16224   0.02361 
  0.05333   0.05638   0.00305 
  0.04581   0.12302   0.07721 
  0.07233   0.12246   0.05013 
 -0.00426    0.0382   0.04246 
  0.05021   0.08991    0.0397 
  0.01358   0.06047   0.04689 
 -0.01235   0.04949   0.06184 
  0.03674   0.06253   0.02579 
  0.01567   0.03796   0.02229 
 -0.02006   0.01072   0.03078 
  0.05222   0.08715   0.03493 
  0.07215   0.11571   0.04356 
   0.0405   0.05131   0.01081 
  -0.0132   0.01898   0.03218 
  0.11932   0.15891   0.03959 
  0.02815   0.05203   0.02388 
  0.04624   0.09595   0.04971 
  0.01201    0.0377   0.02569 
  0.17602   0.19064   0.01462 
  0.21268   0.20257  -0.01011 
  0.03559   0.09458   0.06631 
  0.01765   0.06199   0.05899 
   0.0369   0.06179   0.04434 
  0.12338    0.1513   0.02489 
  0.19941   0.25645   0.02792 
  0.19937   0.22923   0.05704 
  0.03514  -0.00022   0.02986 
  0.08036   0.12982  -0.03536 
   0.0169   0.05108   0.04946 
  0.04397   0.10013   0.03418 
   0.0677   0.09313   0.05616 
  0.05114   0.11135   0.02543 
 -0.00858    0.0284   0.06021 
  0.00524   0.02271   0.03698 
  0.05146    0.0585   0.01747 
  0.08325   0.15181   0.00704 
  0.05865   0.08783   0.06856 
  0.10773   0.12935   0.02918 
  0.08258   0.10234   0.02162 
  0.03742   0.05038   0.01976 
  0.04425   0.05372   0.01296 
  0.03365   0.05845   0.00947 
  0.04347   0.07391    0.0248 
 -0.01838   0.01922   0.03044 
  0.20432   0.22081    0.0376 
  0.00554   0.05395   0.01649 
