  0.09324   0.00536  -0.08788 
  0.09244   0.00971  -0.08273 
  0.08677   0.00437   -0.0824 
  0.07702  -0.00226  -0.07928 
  0.15826  -0.01441  -0.17267 
  0.11359   0.00057  -0.11302 
  0.09434   0.00486  -0.08948 
  0.08917  -0.00261  -0.09178 
  0.09366   0.00661  -0.08705 
  0.10283   0.00859  -0.09424 
  0.10285   0.00476  -0.09809 
  0.07997   0.00677   -0.0732 
  0.10582   0.01288  -0.09294 
  0.09323   0.01014  -0.08309 
  0.08292   0.00488  -0.07804 
  0.06672   0.00282   -0.0639 
  0.09276   0.00264  -0.09012 
   0.0807   0.00293  -0.07777 
  0.11219  -0.00091   -0.1131 
  0.13181   0.01216  -0.11965 
  0.09291   -0.0034  -0.09631 
  0.07861  -0.01533  -0.09394 
  0.09126   0.01363  -0.07763 
  0.06493  -0.00366  -0.06859 
  0.09706  -0.00183  -0.09889 
  0.09486   0.00267  -0.09219 
  0.07918  -0.00131  -0.08049 
  0.09471   0.00843  -0.08628 
  0.13275   0.00365   -0.1291 
  0.13892   0.02717  -0.11175 
  0.21786   0.04763  -0.17023 
  0.11581   0.01167  -0.10414 
  0.09993   0.00582  -0.09411 
  0.09194  -0.00663  -0.09857 
  0.10539   0.00471  -0.10068 
  0.12617   0.01866  -0.10751 
  0.07542    -0.004  -0.07942 
  0.09153  -0.01292  -0.10445 
  0.09344   0.00837  -0.08507 
  0.13086   0.01094  -0.11992 
  0.09268    0.0074  -0.08528 
  0.09664   0.01847  -0.07817 
    0.109   0.00997  -0.09903 
  0.12491  -0.00667  -0.13158 
   0.0961    0.0257   -0.0704 
  0.09806     0.007  -0.09106 
  0.07575  -0.00975   -0.0855 
  0.08798  -0.00647  -0.09445 
  0.07662  -0.00067  -0.07729 
  0.12119   0.00562  -0.11557 
