  0.05867   0.07324   0.01457 
  0.14361   0.16671    0.0231 
  0.07704   0.10917   0.03213 
  0.02729   0.03529     0.008 
  0.05053   0.07588   0.02535 
  0.07864   0.13197   0.05333 
  0.01752   0.02808   0.01056 
  0.10582   0.13746   0.03164 
  0.19905   0.21841   0.01936 
  0.02041    0.0231   0.00269 
   0.0716   0.09189   0.02029 
  0.05879   0.08552   0.02673 
   0.0708   0.11528   0.04448 
  0.07133   0.07136     3e-05 
  0.01875   0.04172   0.02297 
  0.11839   0.15403   0.03564 
  0.02042   0.03681   0.01639 
  0.03052   0.03769   0.00717 
  0.04455   0.07327   0.02872 
  0.05902   0.06399   0.00497 
   0.0118   0.02087   0.00907 
  0.12247   0.14773   0.02526 
  0.03648   0.09104   0.05456 
  0.07064   0.10234   0.04042 
  0.14011   0.17381    0.0317 
  0.06362   0.07102    0.0337 
  0.13564   0.14209    0.0074 
  0.17584   0.22686   0.00645 
  0.07778   0.13081   0.05102 
  0.21329   0.19884   0.05303 
  0.16605   0.18925  -0.01445 
  0.07699   0.07372    0.0232 
  0.06418   0.10573  -0.00327 
  0.16309   0.16577   0.04155 
  0.00469   0.03286   0.00268 
  0.01216   0.02434   0.02817 
  0.04693   0.06854   0.01218 
  0.03091   0.02965   0.02161 
  0.06495   0.10892  -0.00126 
  0.03513   0.04216   0.04397 
  0.09845   0.12273   0.00703 
  0.08423   0.08994   0.02428 
  0.01073   0.04285   0.00571 
  0.03306   0.03554   0.03212 
  0.04171   0.04871   0.00248 
  0.01541    0.0273     0.007 
 -0.00667   0.02224   0.01189 
  0.02839   0.04342   0.02891 
  0.04567   0.06252   0.01503 
