  0.13951   0.17735   0.03784 
  0.03044    0.1105   0.08006 
 -0.01383   0.06548   0.07931 
 -0.05085  -0.00372   0.04713 
   0.0854   0.12706   0.04166 
  0.05925   0.13066   0.06869 
  0.01712   0.03193   0.07141 
 -0.02735   0.03379   0.01481 
 -0.04716   0.02209   0.06114 
  0.10875   0.19743   0.06925 
  0.07834   0.09626   0.08868 
 -0.05513  -0.00709   0.01792 
  0.00333   0.02715   0.04804 
  0.02716   0.03109   0.02382 
 -0.03364   0.02124   0.00393 
 -0.09912  -0.07862   0.05488 
  0.08521   0.10693    0.0205 
  0.03995   0.06718   0.02172 
  0.01852   0.04339   0.02723 
 -0.01852   0.00426   0.02487 
  0.08791   0.19335   0.02278 
  0.05371   0.07122   0.10544 
  0.13815   0.16961   0.01751 
