  0.12123   0.00074  -0.12049 
  0.11407   0.03847   -0.0756 
  0.17694   0.08053  -0.09641 
  0.11182  -0.03348   -0.1453 
  0.16515   0.04865   -0.1165 
  0.10653   0.01033   -0.0962 
  0.12467   0.00805  -0.11662 
   0.1595   0.04995  -0.10955 
  0.12707  -0.02838  -0.15545 
  0.14871   0.01998  -0.12873 
  0.12723   0.01579  -0.11144 
  0.11817   0.00493  -0.11324 
  0.08309    0.0032  -0.07989 
   0.1171   0.00346  -0.11364 
   0.1111   0.02144  -0.08966 
  0.12823   0.01602  -0.11221 
  0.09524   0.00244   -0.0928 
  0.10489   0.01173  -0.09316 
  0.08743    0.0004  -0.08703 
  0.10395  -0.01083  -0.11478 
   0.1198  -0.01948  -0.13928 
  0.16239   0.00746  -0.15493 
  0.08434  -0.00653  -0.09087 
