  0.14476   0.16729   0.02253 
   0.0358   0.09507   0.05927 
  0.06121   0.09041    0.0292 
    0.008   0.02961   0.02161 
    0.027   0.07464   0.04764 
  0.06283   0.06754   0.00471 
  0.01836   0.05378   0.03542 
  0.05579   0.08046   0.02467 
  0.07015   0.10857   0.03842 
  0.00076   0.00658   0.00582 
 -0.02697    0.0327   0.05967 
 -0.08389  -0.06548   0.01841 
  0.14635   0.15274   0.00639 
 -0.00081  -0.00598  -0.00517 
   0.0938   0.08844  -0.00536 
  0.06647   0.08016   0.01369 
  0.00806   0.04489   0.03683 
  0.07794   0.08327   0.00533 
   0.0827   0.09154   0.00884 
 -0.01843   0.00062   0.01905 
  0.05565   0.09941   0.04376 
  0.10061    0.0943  -0.00631 
  0.13709   0.15119    0.0141 
