  0.05152   0.06763   0.01611 
  0.11169   0.14314   0.03145 
   0.0221   0.10202   0.07992 
  0.05299   0.02935  -0.02364 
    0.123   0.15773   0.03473 
  0.07947   0.21561   0.13614 
  0.01948   0.03072   0.01124 
 -0.01936   0.01648   0.03584 
  0.04948   0.08019   0.03071 
  0.02329   0.03946   0.01617 
    0.009   0.09143   0.12721 
  -0.0564   0.01383   0.08243 
  0.07067   0.10254   0.03411 
  0.11956    0.1543   0.07023 
 -0.03899   0.00823   0.03187 
 -0.06212   0.13663   0.03474 
  0.10786   0.14482   0.03682 
 -0.01178   0.03337   0.04722 
 -0.01777   0.01312   0.19875 
 -0.17499  -0.15591   0.03696 
   0.0199   0.06911   0.04515 
  0.02503   0.05522   0.03089 
  0.02825    0.0823   0.01908 
  0.08668   0.08273   0.04921 
  0.01765   0.08246   0.03019 
  0.05485   0.12493   0.05405 
  0.13889   0.20424  -0.00395 
 -0.14481  -0.14144   0.06481 
  0.02136   0.05278   0.07008 
  0.04045   0.07683   0.06535 
  0.08871   0.14247   0.00337 
  0.02618   0.09001   0.03142 
