  0.09844   0.00276  -0.09568 
  0.12739   0.03031  -0.09708 
  0.10851    0.0066  -0.10191 
  0.17099   0.00648  -0.16451 
  0.08572  -0.01942  -0.10514 
  0.07664   0.00858  -0.06806 
  0.09292  -0.00379  -0.09671 
  0.09842  -0.00228   -0.1007 
  0.10929  -0.03014  -0.13943 
  0.14524   0.03566  -0.10958 
  0.22581   0.08859  -0.13722 
  0.12712  -0.00993  -0.13705 
  0.12313   0.00206  -0.12107 
  0.09815   0.00724  -0.09091 
  0.10521  -0.00703  -0.11224 
  0.15215   0.04586  -0.10629 
  0.13027   0.01506  -0.11521 
  0.09576    0.0021  -0.09366 
  0.09764   0.00331  -0.09433 
  0.13561   0.02664  -0.10897 
  0.11359   0.00629   -0.1073 
  0.09408  -0.00944  -0.10352 
  0.15725  -0.01379  -0.17104 
  0.08796  -0.00375  -0.09171 
  0.13642    0.0346  -0.10182 
  0.11625   0.00361  -0.11264 
  0.14884   0.00872  -0.14012 
  0.14636   0.02115  -0.12521 
  0.12983   0.03714  -0.09269 
  0.14377   0.04322  -0.10055 
  0.13402   0.01996  -0.11406 
  0.07418  -0.01539  -0.08957 
  0.10115   0.00282  -0.09833 
  0.12835   0.01836  -0.10999 
  0.10592  -0.00165  -0.10757 
