  0.04652   0.03817  -0.00835 
  0.02109     0.064   0.04291 
  0.08301   0.11515   0.03214 
 -0.01752   0.00547   0.02299 
  0.16771   0.24444   0.07673 
  0.03539   0.06418   0.02879 
  0.01324   0.02343   0.01019 
  0.05777   0.06458   0.00681 
  0.15233   0.19186   0.01674 
   0.0512   0.05613   0.03953 
   0.0876   0.10591   0.05051 
  0.06435   0.07465   0.00493 
  0.13939   0.17243   0.01831 
  -0.0202   0.04541    0.0103 
  0.00409   0.04473   0.03304 
  0.07533   0.10453   0.06561 
  0.03961   0.03093   0.04064 
 -0.00835  -0.00528    0.0292 
  -0.0387  -0.06778  -0.00868 
   0.0526   0.07461   0.00307 
 -0.15726  -0.14221  -0.02908 
  0.03491   0.03964   0.02201 
  0.23136   0.26706   0.01505 
  0.07457    0.0786   0.00473 
  0.07006   0.09154    0.0357 
   0.0653   0.08517   0.00403 
  0.03747   0.10366   0.02148 
  0.26996   0.25402   0.01987 
 -0.15537  -0.13209   0.06619 
  0.07348   0.08224  -0.01594 
  0.07972   0.09182   0.02328 
  0.13925   0.16001   0.00876 
  0.05712   0.09704    0.0121 
