  0.00332   0.01255   0.00923 
  0.05511   0.08637   0.04507 
  0.06743   0.09483   0.03126 
  0.02541   0.03569    0.0274 
  0.03805   0.05534   0.01028 
  0.06523   0.06637   0.02286 
  0.08075   0.12553   0.01729 
  0.05251   0.05904   0.00114 
  0.02575   0.05976   0.04478 
  0.06006    0.0935   0.00653 
  0.03419   0.05249   0.03401 
  0.05107   0.05637   0.03344 
  0.01202   0.04598    0.0183 
  0.03291   0.04382    0.0053 
  0.02607   0.03943   0.03396 
  0.00539   0.01574   0.01091 
  0.09932   0.10082   0.01336 
   0.0355   0.06205   0.01035 
  0.06508   0.06033    0.0015 
  0.06509   0.05743   0.07384 
    4e-05   0.03142   0.02655 
  0.03562   0.05262  -0.00475 
 -0.05128   0.01639  -0.00766 
 -0.00302   0.01532   0.03138 
  0.27674   0.31236     0.017 
  0.10341   0.17326   0.06767 
  0.02368   0.10091   0.01834 
   0.0879   0.09564   0.03562 
  0.05389   0.07043   0.06985 
  0.00578    0.0359   0.07723 
  0.07397   0.10926   0.00774 
 -0.02078   0.00208   0.08957 
    0.012   0.01367   0.01654 
 -0.00507   0.03871   0.03012 
 -0.02447   0.06132   0.03529 
  0.02655   0.08063   0.02286 
  0.01384   0.11032   0.00167 
   0.0075   0.02817   0.04378 
  0.01441   0.07612   0.08579 
   0.0009    0.0871   0.05408 
  0.20423   0.23902   0.09648 
  0.02738   0.06605   0.02067 
  0.02619   0.05149   0.06171 
  0.02445   0.04946    0.0862 
  0.00227     0.049   0.03479 
  0.08284   0.10553   0.03867 
  0.18859   0.23282    0.0253 
  0.05702   0.07845   0.02501 
 -0.09095   0.07522   0.04673 
