  0.08198  -0.00056  -0.08254 
   0.0798   0.00031  -0.07949 
  0.12314   0.00925  -0.11389 
  0.09136   0.00226   -0.0891 
  0.09513   0.01914  -0.07599 
  0.13567   0.01409  -0.10973 
  0.10576    0.0043  -0.12158 
   0.0993   0.00764  -0.10146 
   0.0931  -0.01116  -0.09166 
  0.13591   0.00118  -0.10426 
   0.1386   0.00293  -0.13473 
  0.12978    0.0071  -0.13567 
  0.12339   0.02281  -0.12268 
  0.11652   0.00983  -0.10058 
  0.14099   0.01409  -0.10669 
  0.09692  -0.00831   -0.1269 
  0.09961  -0.00515  -0.10523 
  0.10102  -0.00393  -0.10476 
  0.11777  -0.00684  -0.10495 
  0.14112   0.00739  -0.12461 
  0.12753   0.03134  -0.13373 
  0.11941   0.01034  -0.09619 
  0.07635  -0.00812  -0.10907 
  0.07482  -0.00136  -0.08447 
  0.10228   0.02011  -0.07618 
  0.08759  -0.00031  -0.08217 
   0.1733   0.03969   -0.0879 
  0.11023  -0.00027  -0.13361 
  0.10323   0.02003   -0.1105 
  0.11402   0.00351   -0.0832 
  0.10888   0.01364  -0.11051 
  0.08759   0.00934  -0.09524 
  0.08295  -0.00598  -0.07825 
  0.09803   0.00379  -0.08893 
   0.1096  -0.00178  -0.09424 
  0.16729   0.01289  -0.11138 
  0.09543   0.00778   -0.1544 
  0.14539   0.01796  -0.08765 
  0.10333   0.00731  -0.12743 
  0.14726   0.04596  -0.09602 
  0.09072    0.0051   -0.1013 
  0.11153   0.01081  -0.08562 
  0.09748  -0.00308  -0.10072 
   0.1157   0.00874  -0.10056 
   0.0859  -0.00063  -0.10696 
  0.10819  -0.00328  -0.08653 
  0.13973   0.02657  -0.11147 
  0.09098   0.00339  -0.11316 
  0.07851   0.00691  -0.08759 
  0.11843   0.01412   -0.0716 
  0.09886   0.01922  -0.10431 
  0.09504   0.02182  -0.07964 
