 -0.00599   -0.0009   0.00509 
   0.0793   0.12032   0.00774 
  0.11137   0.12083   0.04102 
  0.02915   0.04107   0.00946 
  0.10915   0.11253   0.01192 
  0.10934   0.10813   0.00338 
  0.09776   0.10914  -0.00121 
   0.0716   0.08191   0.01138 
  0.01766   0.03521   0.01031 
  0.06611    0.0909   0.01755 
  0.08353   0.05798   0.02479 
  0.07352   0.09839  -0.02555 
  0.02914   0.04255   0.02487 
 -0.01384  -0.00822   0.01341 
  0.03085   0.02994   0.00562 
  0.15891   0.18231  -0.00091 
  0.03806   0.05354    0.0234 
  0.05106   0.05161   0.01548 
  0.06661   0.06057   0.00055 
  0.05716   0.06148  -0.00604 
  0.01467   0.03579   0.00432 
   0.0192   0.05669   0.02112 
  0.01019   0.01651   0.03749 
   0.1327   0.17245   0.00632 
  0.09466   0.15326    0.0425 
  0.19318   0.22434   0.03975 
  0.04479   0.04361    0.0586 
  0.01492   0.03043   0.03116 
  0.08234   0.10701   0.03899 
  0.01084    0.0212  -0.00118 
   0.0085   0.02443   0.01551 
 -0.01693   0.03239   0.02467 
  0.05007   0.08597   0.01036 
  0.02593    0.0858   0.01593 
  0.04316   0.09294   0.04932 
  0.09005   0.12136    0.0359 
  0.09948   0.17664   0.05987 
  0.06599   0.07526   0.04978 
  0.01016   0.01396   0.03131 
  0.07557   0.07975   0.07716 
   0.0677   0.07134   0.00927 
  0.03997   0.06576    0.0038 
    0.023   0.04943   0.00418 
  0.08296    0.1022   0.00364 
 -0.01326   0.05318   0.02579 
  0.03922   0.04996   0.02643 
  0.19621   0.20407   0.01924 
  0.06637    0.0728   0.06644 
  0.13171   0.14902   0.01074 
