  0.05685   0.08896   0.03211 
  0.02266   0.03667   0.01401 
  0.01215   0.05374   0.04159 
   0.1172   0.15757   0.04037 
 -0.01435   0.10084   0.11519 
   0.0001   0.06902   0.06892 
  0.08689   0.12283   0.03594 
  0.03967   0.05873   0.01906 
  0.13266   0.15889   0.02623 
 -0.02116   0.01816   0.03932 
  0.00592   0.03336   0.02744 
  0.03398   0.09184   0.05786 
  0.09264    0.1084   0.01576 
   0.0063   0.03566   0.02936 
  0.00164   0.07092   0.06928 
   0.1362    0.1545    0.0183 
  0.02564   0.02694    0.0013 
  0.03664    0.1522   0.11556 
 -0.06621   0.07509    0.1413 
  0.10325   0.15331   0.05006 
 -0.01402   0.02654   0.04056 
  0.01113   0.05596   0.04483 
  0.16512   0.20136   0.03624 
  0.06475   0.12097   0.05622 
  0.08327   0.12226   0.03899 
  0.00436   0.07324   0.06888 
 -0.01491   0.03438   0.04929 
  0.01196   0.04746    0.0355 
 -0.08908   0.01008   0.09916 
 -0.00235   0.05216   0.05451 
  0.05757   0.12683   0.06926 
 -0.01358   0.01904   0.03262 
 -0.01934   0.04945   0.06879 
  0.02506   0.10522   0.08016 
  0.01872   0.07316   0.05444 
   0.0268   0.09375   0.06695 
  0.03764   0.09524    0.0576 
 -0.02057    0.0152   0.03577 
 -0.00549   0.06938   0.07487 
  0.03866   0.11282   0.07416 
  0.00588   0.11831   0.11243 
 -0.00765   0.02257   0.03022 
  0.00042   0.06998   0.06956 
 -0.00126   0.02171   0.02297 
