  0.08866   0.00329  -0.08537 
  0.10724   0.00931  -0.09793 
  0.09146   0.01108  -0.08038 
  0.07432   0.00102   -0.0733 
  0.09374   0.00363  -0.09011 
  0.12336   0.00109  -0.12227 
  0.10436   0.01443  -0.08993 
  0.14446   0.00749  -0.13697 
  0.12497   0.01042  -0.11455 
  0.09375    0.0006  -0.09315 
  0.06687  -0.02539  -0.09226 
  0.08235  -0.00679  -0.08914 
  0.10232   0.00824  -0.09408 
  0.08645   0.00127  -0.08518 
  0.12494   0.01152  -0.11342 
  0.10745   0.01217  -0.09528 
  0.11208  -0.01886  -0.13094 
  0.10869   0.00885  -0.09984 
  0.10081   0.00775  -0.09306 
  0.13634   0.01067  -0.12567 
   0.0834   0.00369  -0.07971 
  0.09291  -0.00868  -0.10159 
  0.12071   0.03053  -0.09018 
  0.11595   0.02574  -0.09021 
  0.14767   0.03851  -0.10916 
  0.08859   0.00892  -0.07967 
  0.10047  -0.00519  -0.10566 
  0.10271   0.00928  -0.09343 
  0.11517   0.01459  -0.10058 
  0.11543   0.03445  -0.08098 
  0.11859   0.01282  -0.10577 
  0.06742  -0.00338   -0.0708 
  0.12592   0.00816  -0.11776 
  0.08871   0.00423  -0.08448 
  0.09417  -0.00333   -0.0975 
  0.08752   0.00581  -0.08171 
  0.07467  -0.00502  -0.07969 
   0.0745    0.0044   -0.0701 
  0.08917   0.00487   -0.0843 
  0.10845   0.02045    -0.088 
  0.09835   0.01669  -0.08166 
  0.08002  -0.00087  -0.08089 
  0.11916   0.01761  -0.10155 
  0.09366   0.00912  -0.08454 
