  0.03809   0.05141   0.01332 
  0.01275    0.0295   0.01675 
  0.05532   0.07964   0.02432 
  0.07966   0.10777   0.02811 
  0.11089   0.14653   0.03564 
  0.05067   0.08379   0.03312 
  0.07018   0.09902   0.02884 
   0.1003   0.14583   0.04553 
  0.06829   0.10814   0.03985 
  0.03147   0.04899   0.01752 
  0.02041   0.01397  -0.00644 
  0.05134   0.09074    0.0394 
  0.03395   0.06319   0.01594 
  0.07361   0.13202   0.02924 
   0.1545     0.194   0.05841 
  0.05537   0.04657    0.0395 
  0.09545   0.15803   -0.0088 
  0.15858   0.21089   0.06258 
  0.09613    0.1581   0.05231 
  0.05015   0.06886   0.06197 
  0.02516   0.05278   0.01871 
  0.08045   0.09542   0.02762 
  0.05075   0.09454   0.01497 
   0.0554   0.08243   0.04379 
  0.01033   0.07029   0.02703 
  -0.0451    0.0059   0.05996 
   0.0493   0.06242     0.051 
 -0.02142  -0.00098   0.01312 
  0.00675   0.07343   0.02044 
   0.1588   0.21173   0.06668 
   0.0052   0.02195   0.05293 
  0.00247   0.04509   0.01675 
  0.09692   0.12547   0.04262 
  0.03674   0.04887   0.02855 
   0.0664    0.1215   0.01213 
  0.12944   0.14641    0.0551 
  0.01341   0.01062   0.01697 
  0.00409   0.03978  -0.00279 
  0.13201   0.18763   0.03569 
  0.11311   0.13794   0.05562 
  0.01314   0.01676   0.02483 
   0.0917   0.15873   0.00362 
  0.00535   0.03126   0.06703 
