  0.05313   0.11748   0.06435 
  0.05883   0.12235   0.16192 
  -0.0361    0.0133   0.06352 
  0.02785   0.14711    0.0494 
  -0.0199   0.01198   0.11926 
 -0.00527   0.02335   0.03188 
  0.03551   0.05654   0.02862 
  0.03447     0.077   0.02103 
  0.03624    0.0755   0.04253 
  0.00338   0.04864   0.03926 
  0.03007   0.04395   0.04526 
  0.14386   0.17422   0.01388 
  0.07727    0.1034   0.03036 
  0.05664    0.0761   0.02613 
   0.0053   0.02219   0.01946 
  0.02822   0.04986   0.01689 
  0.00321   0.01427   0.02164 
  0.07205   0.09745   0.01106 
 -0.00442   0.03539    0.0254 
  0.00437   0.02847   0.03981 
  0.04556   0.07456    0.0241 
 -0.03471   0.03276     0.029 
  0.01138   0.02726   0.06747 
  -0.0078   0.02825   0.01588 
 -0.09507   0.04414   0.03605 
  0.04066   0.08134   0.13921 
