  0.13469   0.01735  -0.11734 
  0.11299   -0.0635  -0.17649 
  0.11166   0.01913  -0.09253 
  0.12993   0.06573   -0.0642 
  0.08684   0.00745  -0.07939 
  0.11094    0.0054  -0.10554 
  0.07961  -0.01263  -0.09224 
  0.10479   0.00249   -0.1023 
  0.08639    0.0001  -0.08629 
  0.08188    -5e-05  -0.08193 
  0.09497   0.01117   -0.0838 
  0.18991  -0.04949   -0.2394 
  0.22925  -0.00162  -0.08425 
  0.08263   0.00937  -0.07134 
  0.08071   0.00365  -0.08817 
  0.09182   0.01445  -0.09506 
  0.10951   0.00517  -0.07404 
  0.07921   0.00264  -0.07316 
   0.0758   0.00493  -0.10795 
  0.11288   0.00134  -0.07481 
  0.07615  -0.00382  -0.08293 
  0.07911  -0.00296  -0.08852 
  0.08556   0.00234  -0.08308 
  0.08542   0.02122  -0.12076 
  0.14198   0.00195  -0.12075 
