  0.09718   0.08635  -0.01083 
  0.18734   0.21054    0.0232 
  0.03392    0.0262  -0.00772 
  0.07847   0.14307    0.0646 
  0.03548    0.0528   0.01732 
  0.04075   0.05756   0.01681 
   0.0226   0.03713   0.01453 
  0.10622   0.11881   0.01259 
  0.06111   0.06511     0.004 
   0.0613    0.0644    0.0031 
  0.12065   0.14239   0.02174 
 -0.05675  -0.07049  -0.01374 
  -0.0306   0.04616  -0.00101 
  0.04717   0.01146  -0.00033 
  0.01179   0.05845   0.00221 
  0.05624   0.03439   0.00949 
   0.0249   0.04917   0.02144 
  0.02773   0.06084   0.00884 
    0.052   0.03243    0.0266 
  0.00583   0.09726   0.02056 
   0.0767   0.02649   0.02497 
  0.00152   0.03018    0.0278 
  0.00238    0.0143   0.01422 
    8e-05   0.12758   0.01776 
  0.10982   0.10278   0.01519 
