   0.0598   0.12626   0.06646 
  0.01341   0.11245   0.09904 
   0.0403   0.09099   0.05069 
  0.01457   0.12209   0.10752 
 -0.02036   0.06896   0.08932 
  0.10197   0.11776   0.01579 
  0.08345   0.15687   0.07342 
 -0.04898  -0.00957   0.03941 
  0.06041   0.07545   0.01504 
  0.00911   0.11629   0.10718 
  0.06892   0.08766   0.01874 
  0.10872   0.10018  -0.00854 
  0.04895   0.06887   0.01992 
  0.00041   0.05356   0.05315 
  0.07943   0.09044   0.01101 
  0.07969   0.11679    0.0371 
  0.08551   0.09834   0.01283 
  0.01898   0.02923   0.01025 
  0.13083   0.16162   0.03079 
  0.02424   0.01346  -0.01078 
 -0.01638   0.01443   0.03081 
  0.12864   0.14881   0.02017 
  0.15031    0.1751   0.01831 
  0.02776   0.06062   0.02479 
  0.04157    0.0507   0.03286 
  0.07199   0.07721   0.00913 
  0.05266   0.07219   0.00522 
  0.05145   0.04812   0.01953 
  0.05742   0.07159  -0.00333 
  0.10158   0.12359   0.01417 
  0.00351   0.02081   0.02201 
    0.013   0.05253    0.0173 
  0.04015   0.08715   0.03953 
   0.0659   0.08649     0.047 
  0.05332   0.06796   0.02059 
  0.03453   0.04958   0.01464 
  0.00689   0.04281   0.01505 
  0.04615   0.05179   0.03592 
   0.0081    0.0636   0.00564 
  0.08811   0.16135    0.0555 
   0.0271   0.07697   0.07324 
  0.13421   0.04678   0.01968 
 -0.08607    0.3629   0.22869 
  0.04944   0.04867   0.13474 
  0.17774   0.11494    0.0655 
  0.01751   0.25983   0.08209 
  0.01721   0.02845   0.01094 
  0.03454   0.09017   0.07296 
 -0.00909   0.08172   0.04718 
  0.08272   0.07725   0.08634 
  0.04713   0.11978   0.03706 
