  0.13667   0.02685  -0.10982 
   0.0859  -0.01915  -0.10505 
  0.13783   0.04089  -0.09694 
   0.1448   0.02693  -0.11787 
  0.13803   0.03019  -0.13283 
  0.10551   0.00037  -0.10784 
  0.10946   0.00889  -0.10514 
  0.11286  -0.00252  -0.10057 
   0.1353   0.02533  -0.11538 
  0.17721   0.03766  -0.10997 
  0.10288   0.02235  -0.13955 
  0.15811   0.02417  -0.08053 
  0.10625   0.00691  -0.13394 
  0.12591    0.0078  -0.09934 
  0.11111  -0.00866  -0.11811 
  0.17354   0.03729  -0.11977 
  0.12638  -0.00723  -0.13625 
  0.09956   0.00779  -0.13361 
  0.11117  -0.00596  -0.09177 
  0.10567   0.00116  -0.11713 
  0.11647   0.00306  -0.10451 
  0.09642  -0.04189  -0.11341 
  0.12757   0.00477  -0.13831 
  0.11133  -0.00197  -0.10656 
  0.09888  -0.01229  -0.10085 
  0.13552  -0.00723  -0.14781 
    0.129   0.00542  -0.13623 
  0.10263  -0.00338  -0.09721 
  0.15129   0.02094  -0.15467 
  0.10823  -0.00532  -0.08729 
  0.10435   0.01303  -0.10967 
  0.11315   0.03814  -0.10012 
  0.19247  -0.02798  -0.15433 
  0.11688  -0.00644  -0.14486 
  0.10418   0.00914  -0.11062 
  0.12362   0.00138  -0.11448 
    0.094  -0.00312  -0.09262 
  0.10298   0.01479   -0.1061 
  0.11507  -0.02125  -0.10028 
  0.09487   0.02526  -0.11612 
  0.12058   0.04711  -0.09532 
   0.1438  -0.00701  -0.09669 
  0.13242  -0.00123  -0.13943 
  0.12372   0.01855  -0.12495 
  0.16574  -0.00483  -0.14719 
  0.10646   0.01051  -0.11129 
  0.11611  -0.02175   -0.1056 
  0.14272    0.0563  -0.16447 
   0.1779   0.01142   -0.1216 
  0.11958   0.00576  -0.10816 
  0.09935   0.00656  -0.09359 
  0.10553   0.02198  -0.09897 
