  0.07027   0.13306   0.06279 
  0.05128   0.08728     0.036 
  0.04639   0.09432   0.04793 
  0.07772   0.14184   0.06412 
 -0.04002   0.04175   0.08177 
  0.08474    0.1465   0.06176 
  0.10136   0.11036     0.009 
  0.10412   0.08974  -0.01438 
  0.04209    0.0699   0.02781 
   0.1151    0.1206    0.0055 
  0.04854    0.0769   0.02836 
  0.08123    0.1038   0.02257 
  0.06011   0.07537   0.01526 
  0.05788   0.08495   0.02707 
  0.04428   0.06278    0.0185 
  0.07282   0.05882    -0.014 
  0.03328   0.04826   0.01498 
  0.10709   0.14102   0.03393 
  0.09182   0.09979   0.00969 
  0.03736   0.04516   0.00797 
   0.0332   0.05725    0.0078 
  0.07901   0.04275   0.00955 
    0.036   0.10247   0.02346 
  0.02272   0.01839  -0.01761 
  0.10252   0.04157   0.01885 
  0.07899   0.09331  -0.00921 
  0.02618   0.08014   0.00115 
  0.10427   0.05473   0.02855 
  0.04858   0.11208   0.00781 
  0.09707   0.05502   0.00644 
 -0.02907   0.06197   -0.0351 
  0.09057  -0.00518   0.02389 
  0.09668   0.10184   0.01127 
  0.06536   0.11226   0.01558 
  0.04205   0.07321   0.00785 
  0.04396   0.05162   0.00957 
  0.05739   0.04862   0.00466 
  0.06253   0.09131   0.03392 
  0.02211   0.11922   0.05669 
  0.05099   0.04858   0.02647 
 -0.16775   0.07508   0.02409 
  0.02111   0.05579   0.22354 
   0.0645   0.10565   0.08454 
  0.03001   0.09149   0.02699 
  0.12002  -0.01287   0.12496 
  0.08813   0.18363  -0.04288 
  0.02345    0.1108   0.11638 
  0.11567   0.09609   0.06361 
