  0.09035   0.12467   0.03432 
 -0.01486   0.04846   0.06332 
  0.05372   0.09697   0.04325 
  0.08426   0.08542   0.00116 
  0.01228   0.01753   0.00525 
   0.0899   0.11328   0.02338 
  0.03602    0.0553   0.01928 
   0.1053   0.15447   0.04917 
  0.03567   0.07537    0.0397 
  0.22944   0.27564    0.0462 
 -0.04953   0.01915   0.06868 
  0.04243   0.04758   0.00515 
  0.21734   0.22902   0.01168 
  0.10583    0.1676   0.06177 
  0.08477   0.08527    0.0005 
  0.00869   0.03463   0.02594 
   0.0731   0.08641   0.01331 
  0.07652   0.11058   0.03406 
  0.04451   0.07199   0.02748 
 -0.07672   0.02148    0.0982 
   0.0359   0.06232   0.02642 
  0.00306   0.05508   0.05202 
  0.13412   0.17683   0.04271 
  0.05864   0.07866   0.02002 
  0.10923   0.13865   0.02942 
  0.00383   0.03303    0.0292 
  0.02323   0.10002   0.07679 
  0.05318    0.0721   0.01892 
  0.06608   0.16289   0.09681 
  0.05536   0.08235   0.02699 
  0.14641   0.16609   0.01968 
  -0.0208   0.04486   0.06566 
  0.12084    0.1535   0.03266 
  0.04659   0.06978   0.02319 
  0.01926   0.02775   0.00849 
  0.12737   0.17395   0.04658 
  0.01032  -0.01968     -0.03 
   0.0073   0.08724   0.07994 
   0.0353   0.09755   0.06225 
  0.09119   0.13609    0.0449 
  0.09097   0.11814   0.02717 
  0.09839   0.14709    0.0487 
  0.00097    0.0792   0.07823 
  0.02008   0.02157   0.00149 
