  0.07538   0.00483  -0.07055 
  0.12487   0.01291  -0.11196 
   0.0693  -0.00074  -0.07004 
  0.09499  -0.00212  -0.09711 
  0.14678   0.01108   -0.1357 
  0.13006   -0.0003  -0.13036 
  0.10493   0.00285  -0.10208 
  0.09518   0.00354  -0.09164 
  0.10586   0.00615  -0.09971 
  0.10813   0.02033   -0.0878 
  0.10179   0.00916  -0.09263 
  0.11559  -0.00388  -0.11947 
  0.11194  -0.01147  -0.12341 
  0.06167  -0.01137  -0.07304 
  0.07797   0.00243  -0.07554 
  0.09857   -0.0028  -0.10137 
  0.09607  -0.00382  -0.09989 
  0.10868   0.00657  -0.10211 
  0.09452  -0.00217  -0.09669 
  0.11279   0.00799   -0.1048 
  0.08761  -0.00982  -0.09743 
  0.10405  -0.00384  -0.10789 
   0.0874   -0.0033   -0.0907 
   0.0975  -0.02024  -0.11774 
  0.11479  -0.00096  -0.11575 
  0.08899  -0.00352  -0.09251 
  0.12892  -0.00106  -0.12998 
  0.14439  -0.00619  -0.15058 
   0.0952   0.00789  -0.08731 
  0.10083   0.00589  -0.09494 
  0.08273  -0.00802  -0.09075 
  0.13327   0.06373  -0.06954 
  0.10687   0.00114  -0.10573 
  0.13943   0.03052  -0.10891 
  0.09178    0.0019  -0.08988 
  0.11596   0.01749  -0.09847 
  0.09777  -0.00751  -0.10528 
  0.12348  -0.00047  -0.12395 
   0.1605  -0.01271  -0.17321 
  0.13513   0.02499  -0.11014 
  0.11925   0.00625    -0.113 
  0.10546  -0.01532  -0.12078 
  0.13064   0.02575  -0.10489 
  0.09739   0.01145  -0.08594 
  0.09027   0.00808  -0.08219 
