  0.00594   0.04853   0.04259 
  0.03433   0.05349   0.01916 
  0.09158   0.13383   0.04225 
  0.00341   0.02389   0.02048 
  0.00106   0.02815   0.02709 
   0.0456   0.05381   0.00821 
  0.06201   0.08053   0.01852 
  0.08857    0.0953   0.00673 
 -0.02909  -0.02175   0.00734 
  0.02946   0.03878   0.00932 
   0.2055   0.22797   0.02247 
  0.05832   0.05765  -0.00067 
  0.01776   0.02087   0.00311 
  0.04698   0.07333   0.02635 
  0.13527   0.14352   0.00825 
  0.01455   0.02791   0.01336 
  0.00972   0.03386   0.02414 
  0.03891   0.05091     0.012 
  0.02804   0.02532  -0.00272 
  0.26619   0.30102   0.03483 
  0.24735   0.28508   0.03773 
  0.06837    0.1096   0.04123 
  0.12803   0.20868   0.08065 
 -0.00202  -0.01182   -0.0098 
  0.17761   0.21273   0.03512 
  0.00677   0.02035   0.01358 
  0.06316   0.06775   0.00459 
  0.04024   0.03114   -0.0091 
 -0.03907   0.11947   0.15854 
  0.02334   0.04092   0.01758 
  0.16637   0.18361   0.01724 
  0.04858   0.11356   0.06498 
   0.1076   0.14392   0.03632 
 -0.02903   0.00662   0.03565 
  0.06154   0.09612   0.03458 
  0.11462   0.16955   0.05493 
  0.01689    0.0104  -0.00649 
  0.03306   0.09798   0.06492 
  0.09385     0.129   0.03515 
  0.00399   0.08785   0.08386 
 -0.01259   0.03706   0.04965 
  0.02987   0.07136   0.04149 
  0.09271   0.12647   0.03376 
  0.05365   0.06532   0.01167 
