  0.05993    0.0833   0.02337 
  0.04818    0.0732   0.02502 
  0.09923    0.1104   0.01117 
  0.00185   0.01804   0.01619 
  0.06299   0.08849    0.0255 
 -0.01991   0.01542   0.03533 
  0.00466    0.0282   0.02354 
  0.00603   0.02138   0.01535 
  0.01387   0.05158   0.03771 
   0.0582   0.07021   0.01201 
 -0.06953   0.03386   0.10339 
  0.03966   0.06685   0.02719 
  0.03642   0.05946   0.02304 
  0.04229    0.0653   0.02301 
  0.02512   0.03361   0.00849 
  0.06041   0.07732   0.01691 
 -0.00141   0.03327   0.03468 
  0.02967   0.08571   0.05604 
  0.06016   0.07327   0.01311 
  0.02718   0.04074   0.01356 
  0.11385   0.12506   0.01121 
  0.03728   0.04519   0.00791 
  0.02475   0.03452   0.00977 
  0.02451   0.03488   0.01037 
  0.00254   0.02566   0.02312 
 -0.00111   0.02293   0.02404 
   0.0161   0.03177   0.01567 
  0.03512   0.03986   0.00474 
  0.06104   0.09752   0.03648 
  0.02224   0.06209   0.03985 
  0.03809    0.0597   0.02161 
  0.03931   0.08028   0.04097 
  0.03718   0.03848    0.0013 
   0.0132   0.05549   0.04229 
  0.03565   0.03449  -0.00116 
  0.02699   0.04039    0.0134 
 -0.02792  -0.00064   0.02728 
  0.02933   0.06114   0.03181 
  0.03446   0.04778   0.01332 
  0.06473   0.09564   0.03091 
  0.04403   0.05499   0.01096 
  0.00477   0.02835   0.02358 
  0.03291   0.05331    0.0204 
  0.01805   0.04674   0.02869 
  0.01792    0.0343   0.01638 
  0.00584   0.03842   0.03258 
   0.0246   0.04658   0.02198 
  0.02117   0.04875   0.02758 
  0.00949   0.03452   0.02503 
   0.0402    0.0628    0.0226 
  0.01657    0.0599   0.04333 
  0.06397   0.09688   0.03291 
  0.03124   0.04726   0.01602 
  -0.0467   0.03755   0.08425 
