  0.10315   0.01816  -0.08499 
  0.08509  -0.00833  -0.09342 
   0.0953   0.00909  -0.08621 
  0.09366   0.00523  -0.08843 
  0.12392   0.00643  -0.11749 
  0.08405   0.00334  -0.08071 
   0.0818  -0.00855  -0.09035 
  0.08727  -0.00238  -0.08965 
  0.09318  -0.01343  -0.10661 
  0.11156  -0.00766  -0.11922 
  0.12876   0.02198  -0.10678 
  0.11934   0.00024   -0.1191 
  0.09076   0.00678  -0.08398 
  0.09712  -0.01052  -0.10764 
   0.1079  -0.00356  -0.11146 
  0.09299  -0.00917  -0.10216 
  0.09971   0.00656  -0.09315 
  0.10752   0.00217  -0.10535 
  0.10767   0.02259  -0.08508 
  0.09387  -0.00106  -0.09493 
  0.08346  -0.00873  -0.09219 
  0.09559    0.0113  -0.08429 
  0.10147   0.00379  -0.09768 
  0.08654  -0.00201  -0.08855 
  0.11563   0.00366  -0.11197 
  0.14558   0.00442  -0.14116 
  0.07956  -0.00104   -0.0806 
  0.12582  -0.00774  -0.13356 
  0.10802   0.00109  -0.10693 
  0.11053   -0.0183  -0.12883 
  0.12251   0.00212  -0.12039 
  0.10345   0.01557  -0.08788 
  0.07125  -0.01677  -0.08802 
  0.13792  -0.00045  -0.13837 
   0.0769  -0.01094  -0.08784 
  0.08837   0.00815  -0.08022 
  0.13617     0.012  -0.12417 
  0.09576   0.00359  -0.09217 
  0.07752   0.00507  -0.07245 
  0.11202   0.01005  -0.10197 
   0.0824  -0.00976  -0.09216 
  0.07889    0.0066  -0.07229 
  0.08484    0.0039  -0.08094 
  0.11322   0.00799  -0.10523 
   0.1238   0.01192  -0.11188 
  0.11442   0.00147  -0.11295 
  0.07605   0.00262  -0.07343 
  0.09544   0.00065  -0.09479 
  0.09895    0.0009  -0.09805 
  0.08616   0.00428  -0.08188 
  0.09102  -0.02005  -0.11107 
  0.11533   0.00038  -0.11495 
  0.11355   0.00467  -0.10888 
