  0.06934   0.09697   0.02763 
  0.00581   0.02671    0.0209 
  0.05784   0.06759   0.00975 
  0.00645   0.01269   0.00624 
  0.03354   0.04001   0.00647 
  0.01156   0.03097   0.01941 
  0.02483   0.04104   0.01621 
  0.01828   0.02554   0.00726 
  0.07664   0.10134    0.0247 
  0.06363   0.07064   0.00701 
   0.0184   0.02214   0.00374 
  0.02685   0.05264   0.02579 
  0.04242    0.0451   0.00268 
  0.03081   0.04116   0.01035 
   0.0397   0.04686   0.00716 
  0.02068   0.03233   0.01165 
  0.03298   0.05441   0.02143 
  0.03503   0.04243    0.0074 
  0.08316   0.09027   0.00711 
  0.03838   0.03416  -0.00422 
  0.02562   0.03344   0.00782 
  0.00353   0.02429   0.02076 
  0.01068   0.01191   0.00123 
  0.08818   0.08778   -0.0004 
  0.03022   0.07395   0.04373 
  0.02142    0.0324   0.01098 
  0.08233    0.1027   0.02037 
 -0.09453  -0.09717  -0.00264 
  0.09784   0.11976   0.02192 
  0.04661   0.06532   0.01871 
  0.13377   0.13106  -0.00271 
   0.0731   0.06867  -0.00443 
  0.03524   0.04546   0.01022 
 -0.00414   0.01457   0.01871 
  0.11202   0.12569   0.01367 
 -0.00705   0.00964   0.01669 
  0.03413   0.07093    0.0368 
  0.08434   0.11826   0.03392 
  0.13789    0.1484   0.01051 
  0.06089   0.04798  -0.01291 
  0.05313   0.05875   0.00562 
  0.06466   0.06783   0.00317 
  0.04539   0.06636   0.02097 
  0.03484   0.03711   0.00227 
  0.08293    0.0899   0.00697 
  0.09793   0.12462   0.02669 
  0.03038   0.03715   0.00677 
  0.02876   0.01848  -0.01028 
  0.02685   0.04858   0.02173 
  0.08112   0.08483   0.00371 
  0.10361   0.11031    0.0067 
   0.0045    0.0209    0.0164 
  0.03486    0.0685   0.03364 
