 -0.00961   0.01746   0.02707 
 -0.01633   0.02098   0.03731 
  0.03886   0.05779   0.01893 
 -0.01881   0.00631   0.02512 
  0.02676   0.04573   0.01897 
  0.05471   0.05409  -0.00062 
 -0.02787   0.00338   0.03125 
  0.00581   0.04521    0.0394 
   0.1133   0.15831   0.04501 
  0.02425   0.04462   0.02037 
 -0.00063   0.01395   0.01458 
 -0.03335    0.0267   0.06005 
  0.12903   0.12841  -0.00062 
  0.01293   0.05957   0.04664 
  -0.0472   0.03763   0.08483 
  0.04216   0.06401   0.02185 
 -0.00149   0.02001    0.0215 
  0.00748   0.11672   0.10924 
 -0.00289   0.03712   0.04001 
 -0.01364   0.02693   0.04057 
  0.08694   0.07677  -0.01017 
   0.1202   0.11947  -0.00073 
  0.10664   0.13117   0.02453 
  0.00981   0.04179   0.03198 
  0.07657   0.04683    0.0225 
  0.02052   0.09907   0.04105 
  0.08076   0.06157   0.02294 
 -0.00895    0.1037  -0.00268 
  0.12101  -0.01163    0.0278 
  0.00823   0.14881   0.02586 
  0.02663   0.03409   0.00177 
   0.0581    0.0284   0.05522 
  0.07014   0.11332   0.03355 
    0.053   0.10369   0.11649 
  0.03131   0.16949    0.0231 
 -0.01686   0.05083   0.01952 
  0.03453   0.01477   0.03163 
 -0.00232   0.07292   0.03839 
