  0.09559   0.00039   -0.0952 
   0.0912    0.0079   -0.0833 
  0.10429   0.01098  -0.09331 
  0.11796   0.00103  -0.11693 
   0.1489   0.00309  -0.14581 
  0.09603   0.00305  -0.09298 
  0.17507  -0.00347  -0.17854 
  0.14585   0.02318  -0.12267 
  0.15041   0.02056  -0.16774 
  0.08664  -0.00334  -0.12985 
  0.07996  -0.02516  -0.08998 
  0.07286  -0.00184  -0.10512 
  0.10342   0.00796   -0.0747 
  0.10763   0.02972  -0.09546 
  0.09213   0.00675  -0.07791 
   0.0944   0.00414  -0.08538 
  0.08776   0.00965  -0.09026 
  0.12841  -0.01856  -0.07811 
  0.11387   0.00558  -0.14697 
  0.09015  -0.00228  -0.10829 
  0.10592   0.00822  -0.09243 
  0.11021    0.0117   -0.0977 
  0.11737    0.0093  -0.09851 
  0.21008     0.062  -0.10807 
   0.2205   0.05209  -0.14808 
   0.1107   0.00909  -0.16841 
   0.0991  -0.00696  -0.10161 
  0.12144    -6e-05  -0.10606 
  0.12858   0.00022   -0.1215 
  0.08812  -0.01222  -0.12836 
  0.08212   -0.0026  -0.10034 
  0.09801  -0.00924  -0.08472 
  0.08035   0.01053  -0.10725 
  0.08013  -0.00165  -0.06982 
  0.18472    0.0361  -0.08178 
  0.13638   0.00891  -0.14862 
   0.1294   0.00275  -0.12747 
  0.14136   0.00233  -0.12665 
  0.08836    0.0009  -0.13903 
