  0.01613   0.03522   0.01909 
  0.11842   0.12817   0.00975 
  0.01046   0.02709   0.01663 
 -0.06526   0.01994    0.0852 
  0.07245   0.07231  -0.00014 
  0.01602   0.02324   0.00722 
  0.05629   0.04915  -0.00714 
  0.05128   0.07589   0.02461 
  0.00389   0.03162   0.02773 
 -0.03152  -0.00692    0.0246 
  0.06476   0.07879   0.01403 
  0.09379   0.10654   0.01275 
  0.08727   0.10232   0.01505 
  0.00751   0.02151     0.014 
 -0.03772    0.0486   0.08632 
  0.03942   0.06159   0.02217 
  0.03066   0.05023   0.01957 
  0.11483   0.08858  -0.02625 
  0.07597   0.08026   0.00429 
  0.02048   0.05619   0.03571 
  0.01617   0.05005   0.03388 
  0.08759   0.08673  -0.00086 
   0.0456   0.07271   0.02711 
 -0.00676   0.03985   0.04661 
  0.02863   0.04229     0.005 
  0.00289  -0.00947   0.01526 
  0.14309    0.1451   0.01366 
  0.01795   0.02657  -0.01236 
  0.00407    0.0113   0.00201 
  0.04408   0.07242   0.00862 
  0.08801   0.13789   0.00723 
  0.07637   0.11316   0.02834 
  0.04777   0.04832   0.04988 
 -0.01822   0.02546   0.03679 
  0.05061   0.05345   0.00055 
  0.01419   0.01243   0.04368 
  0.05112   0.08479   0.00284 
  0.02901   0.03729  -0.00176 
