  0.01475    0.0514   0.03665 
  0.01981   0.07086   0.05105 
  0.01862   0.03232    0.0137 
   0.0509   0.09617   0.04527 
  0.10648   0.17797   0.07149 
  0.08491   0.11987   0.03496 
  0.03953   0.06687   0.02734 
  0.02546   0.05561   0.03015 
  0.00661    0.0213   0.01469 
  0.06088    0.1101   0.04922 
 -0.02381   0.10277   0.12658 
  0.02348   0.05919   0.03571 
 -0.01634   0.04911   0.06545 
  0.14254   0.23883   0.09629 
 -0.00354   0.03342   0.03696 
 -0.07871   0.15847   0.23718 
  0.10298   0.25502   0.15204 
  0.00429   0.12389    0.1196 
  0.00421   0.10528   0.10107 
 -0.00073   0.05865   0.05938 
  0.10502   0.17099   0.06597 
  0.06703   0.07586   0.00883 
  0.01607   0.07925   0.06318 
 -0.00118    0.0673   0.06848 
  0.07491   0.13203   0.05712 
  0.03425   0.10492   0.07067 
   0.0207   0.07113   0.05043 
  0.03804    0.0703   0.03226 
  0.03883    0.1245   0.08567 
   -0.004   0.03753   0.04153 
 -0.07233   0.00155   0.07388 
  0.09177   0.19875   0.10698 
  0.09811    0.1381   0.03999 
  0.04041   0.10216   0.06175 
  0.05252   0.08365   0.03113 
  0.03833   0.06362   0.02529 
  0.03947   0.11474   0.07527 
  0.06465    0.1731   0.10845 
  -0.0406    0.0247   0.18567 
  -0.0064   0.01214   0.06344 
  0.02837   0.05262    0.0653 
  0.00119   0.12578   0.01854 
  0.06636    0.0478   0.02425 
 -0.00763   0.12963   0.04661 
