  0.11267  -0.00066  -0.11333 
  0.13353  -0.00287   -0.1364 
  0.10408  -0.00384  -0.10792 
  0.10761  -0.00329   -0.1109 
  0.08726  -0.00262  -0.08988 
  0.10009   0.00738  -0.09271 
  0.09325   0.00489  -0.08836 
  0.09718   0.00646  -0.09072 
  0.11062  -0.01215  -0.12277 
  0.11552    0.0097  -0.10582 
  0.11498  -0.00568  -0.12066 
  0.09054  -0.00349  -0.09403 
   0.1163   0.03826  -0.07804 
   0.1053    0.0185   -0.0868 
  0.08807  -0.00036  -0.08843 
  0.13846   0.01767  -0.12079 
  0.12117   0.01659  -0.10458 
  0.09194  -0.02534  -0.11728 
  0.09545   0.00994  -0.08551 
  0.16222   0.02001  -0.14221 
  0.14246   0.02832  -0.11414 
  0.10916   0.00798  -0.10118 
  0.09199  -0.00782  -0.09981 
    0.119   0.01393  -0.10507 
  0.10557   -0.0016  -0.10717 
  0.13493   0.03394  -0.10099 
   0.1168   0.00378  -0.11302 
  0.11504    0.0155  -0.09954 
  0.10973   0.00089  -0.10884 
  0.10293   0.00366  -0.09927 
  0.12406   0.02449  -0.09957 
  0.11256  -0.01077  -0.12333 
  0.15867   0.00336  -0.15531 
  0.11803   0.00609  -0.11194 
  0.10458  -0.00596  -0.11054 
  0.11708  -0.00141  -0.11849 
  0.09738   0.00376  -0.09362 
  0.11052   0.01412   -0.0964 
  0.11502   0.00795  -0.09706 
  0.07011   0.00595  -0.10707 
  0.12461   0.00604  -0.18063 
  0.13512  -0.00698  -0.06416 
  0.11113   0.01954  -0.11857 
  0.12576   0.02095   -0.1421 
  0.10076   0.01405  -0.09159 
