  0.07417   0.05923  -0.01494 
  0.07797    0.0917   0.01373 
  0.06139   0.08881   0.02742 
  0.09767   0.14927    0.0516 
  0.06344   0.07615   0.01271 
  0.03936   0.07997   0.04061 
   0.0655   0.09792   0.03242 
  0.04609   0.05717   0.01108 
  0.12836   0.16095   0.03259 
  0.02085   0.04302   0.02217 
  0.03322   0.05032   0.11539 
  0.18802   0.23908    0.0171 
  0.08008   0.15594   0.05106 
  0.04709   0.12016   0.07586 
  0.06985   0.10219   0.07307 
  0.10607   0.17186   0.03234 
  0.08168   0.08789   0.06579 
  0.16851   0.18396   0.00621 
  0.08891   0.13524   0.01545 
  0.09166   0.12624   0.04633 
  0.13175   0.14266   0.03458 
  0.02806    0.0738   0.01091 
  0.05512   0.06677   0.04574 
  0.04148   0.09459   0.01165 
 -0.03142   0.01585   0.05311 
  0.05244   0.05127   0.04727 
  0.08717    0.1216  -0.00117 
  0.04641   0.05574   0.03119 
  0.04934    0.1632   0.03443 
  0.24129   0.30464   0.00933 
  0.07844   0.09514   0.11386 
  0.05387   0.09216   0.06335 
  0.07361   0.11897    0.0167 
  0.04778   0.06259   0.03829 
  0.09158   0.10254   0.04536 
  0.15399   0.18851   0.01481 
  0.07534   0.12795   0.01096 
  0.03039  -0.02024   0.03452 
  0.04072   0.04839   0.05261 
  0.07828   0.04174     0.018 
  0.05462   0.09376   0.00102 
  0.09862   0.06344   0.01548 
  0.04468   0.12311   0.00882 
