   0.0234   0.08817   0.06477 
  0.06105   0.20813   0.14708 
   0.1465   0.18493   0.03843 
   0.0938   0.18409   0.09029 
  0.12813    0.1934   0.06527 
  0.08235   0.14195    0.0596 
  0.15009    0.2291   0.07901 
  0.02373   0.06097   0.03724 
   0.0285   0.06812   0.03962 
  0.01649   0.03779    0.0213 
  0.04453   0.11108   0.06655 
  0.00425   0.01922   0.01497 
  0.02322   0.08199   0.05877 
  0.03305   0.06647   0.03342 
 -0.00119   0.03762   0.03881 
  0.01167   0.08637    0.0747 
 -0.14253  -0.08016   0.06237 
  0.03579   0.06801   0.03222 
 -0.03107   0.10706   0.13813 
  0.06967     0.099   0.02933 
 -0.01995   0.04454   0.06449 
  -0.0177   0.01531   0.03301 
  0.03565   0.07239   0.03674 
  0.03094   0.06479   0.03385 
  0.06792    0.1162   0.04828 
  0.02549   0.03901   0.01352 
  0.13024   0.15434    0.0241 
