  0.10993  -0.00142  -0.11135 
  0.11859   0.00226  -0.11633 
  0.11197   0.00416  -0.10781 
  0.11379    0.0257  -0.08809 
  0.10847  -0.00321  -0.11168 
  0.15934   0.05961  -0.09973 
  0.08725   0.01482  -0.07243 
  0.11592   0.01256  -0.10336 
  0.07885   0.00198  -0.07687 
  0.09629  -0.00119  -0.09748 
  0.09837  -0.00765  -0.10602 
  0.09837  -0.00765  -0.10602 
  0.09771    0.0016  -0.09611 
  0.11393   0.00125  -0.11268 
  0.11948  -0.00377  -0.12325 
  0.09202  -0.02175  -0.11377 
  0.11752   0.01216  -0.10536 
  0.09502   0.01293  -0.08209 
  0.08856   -0.0087  -0.09726 
  0.11428   0.01627  -0.09801 
  0.09863  -0.00385  -0.10248 
  0.10455   0.01007  -0.09448 
  0.09355   0.01144  -0.08211 
  0.10607   0.00353  -0.10254 
  0.09264   0.00789  -0.08475 
  0.11021   0.00287  -0.10734 
  0.13179    0.0004  -0.13139 
  0.11316    0.0072  -0.10596 
