 -0.01176    0.0463   0.05806 
  0.12665   0.17833   0.05168 
  0.22915   0.27543   0.06239 
  0.08952   0.18418   0.04628 
  0.09824   0.16651   0.09466 
   0.0417   0.04956   0.06827 
  0.08109    0.1236   0.00786 
  0.08004   0.10652   0.04251 
  0.03585   0.02253   0.02648 
  0.03085    0.0708  -0.01332 
  0.03856   0.07804   0.03995 
  0.07147    0.0683   0.03948 
  0.01524   0.05284  -0.00317 
   0.0431   0.07663    0.0376 
  0.04673   0.06607   0.03353 
  0.02252   0.05787   0.01934 
  0.02582   0.05888   0.03535 
  0.08653   0.08603   0.03306 
  0.07159   0.12683   -0.0005 
  0.02624   0.06291   0.05524 
  0.05029   0.06493   0.03667 
  0.00486   0.01348   0.01464 
  0.07363   0.09377   0.00862 
  0.08958   0.10679   0.02014 
  0.04027   0.06529   0.01721 
  0.08193   0.09778   0.02502 
  0.01439   0.04584   0.01585 
