  0.05359   0.07655   0.02296 
  0.05203   0.08303     0.031 
   0.1521   0.17934    0.0311 
   0.0984   0.11924   0.02724 
 -0.05216   0.01769   0.02084 
  0.06066    0.1134   0.06985 
  0.05587   0.06494   0.05274 
   0.0545   0.05154   0.00907 
 -0.03269   0.01899  -0.00296 
 -0.03088   0.06077   0.05168 
   0.0718   0.10377   0.09165 
   0.0184   0.06446    0.0823 
 -0.00838    0.0241   0.03197 
  0.05206   0.08581   0.04606 
 -0.00664    0.0511      0.05 
  0.01952   0.05846   0.03248 
  0.04873   0.08986   0.03375 
  0.03287   0.05341   0.05774 
  0.01822   0.04141   0.03894 
 -0.03294   0.03517   0.04113 
 -0.01503   0.03514   0.02054 
 -0.01226   0.05722   0.02319 
  0.00992   0.04487   0.06811 
  0.09679   0.15402   0.05225 
  0.02343     0.066   0.05017 
  0.01856   0.04342   0.06948 
  0.07271   0.08516   0.03495 
  0.08943   0.12773   0.05723 
  0.01836   0.05315   0.04257 
  0.03382   0.03625   0.02486 
  0.07745   0.12655   0.01245 
  0.00376   0.02693    0.0383 
  0.05072   0.09007   0.03479 
  0.04955   0.10112   0.00243 
  0.07282    0.0941    0.0491 
  0.04996   0.05792   0.02317 
  0.08408   0.11559   0.03935 
   0.0894   0.14013   0.05157 
  0.14133   0.18647   0.02128 
  0.04939    0.1221   0.00796 
  0.01131   0.03181   0.03151 
  0.00707   0.02346   0.05073 
  0.10495   0.13554   0.04514 
   0.0927   0.13506   0.07271 
  0.10592   0.14806    0.0205 
