  0.12762   0.01962    -0.108 
  0.13009    0.0049  -0.12519 
  0.13765   0.02394  -0.11371 
  0.08366  -0.01035  -0.09401 
  0.12264   0.02724   -0.0954 
  0.26452   0.02199  -0.09778 
  0.11977   0.00996  -0.09244 
   0.1024  -0.00223  -0.11781 
  0.11558   -0.0002  -0.09997 
  0.09977   0.01041   -0.0875 
  0.09791   0.00846  -0.09074 
   0.0992  -0.00176  -0.09858 
  0.09682  -0.02267  -0.11298 
  0.09031   0.02862  -0.10067 
  0.12929   0.01186  -0.12182 
  0.13368   -0.0096   -0.1129 
   0.1033  -0.00657  -0.09973 
  0.09316   0.02284  -0.10072 
  0.12356   0.00456  -0.08517 
  0.08973   0.00175  -0.09355 
   0.0953   0.00491   -0.0788 
  0.08371   0.01219  -0.08957 
  0.10176   0.00653  -0.10094 
  0.10747  -0.00309  -0.10628 
  0.10319   0.00088   -0.0935 
  0.09438   0.00426  -0.09997 
  0.10423   0.04091  -0.09795 
  0.13886   0.01076   -0.1048 
  0.11556  -0.00363  -0.10365 
  0.10002  -0.00671  -0.10573 
  0.09902   0.01233  -0.08422 
  0.09655  -0.01633  -0.11891 
  0.10258  -0.00664   -0.1164 
  0.10976  -0.01359  -0.10395 
  0.09036   0.01258  -0.07543 
  0.08801    0.0075  -0.10013 
  0.10763  -0.00168   -0.1058 
  0.10412  -0.00144  -0.11551 
  0.11407   -0.0037  -0.12302 
  0.11932   0.00621  -0.08336 
  0.08957  -0.00096  -0.09691 
  0.09595  -0.00376  -0.10643 
  0.10267   0.00088  -0.10315 
  0.10403   0.01626    -0.119 
  0.13526   0.02131   -0.1122 
  0.13351  -0.00774  -0.11087 
  0.10313    0.0119  -0.11953 
