 -0.03134    -5e-05   0.03129 
  0.05132   0.09354   0.04222 
  0.17568   0.18475   0.00907 
  0.07731    0.1134   0.03609 
  0.04981   0.06396   0.01415 
  0.06539   0.15723   0.09184 
   0.0587   0.10364   0.04494 
  0.03337   0.07955   0.04618 
  0.18172   0.19388   0.01216 
 -0.00833   0.03514   0.04347 
 -0.01781   0.04315   0.06096 
  0.09948   0.13186   0.03238 
  0.00157   0.02402   0.02245 
  0.04833   0.08021   0.03188 
  0.04843   0.08668   0.03825 
 -0.05639   0.01252   0.06891 
  0.03559   0.04166   0.00607 
  0.02037   0.06605   0.04568 
 -0.01351   0.02619    0.0397 
  0.00208   0.04744   0.04536 
  0.03257   0.03292   0.00035 
  0.02995   0.05237   0.02242 
  0.02806   0.01509  -0.01297 
  -0.0037   0.04476   0.04846 
  0.02746   0.04745   0.01999 
  0.00434    0.0515   0.04716 
  0.11768    0.1696   0.05192 
  0.03292   0.07021   0.03729 
   0.0698   0.10292   0.03312 
  0.08514   0.09756   0.01242 
  0.01517    0.0645   0.04933 
  0.03148   0.06231   0.03083 
   0.0408   0.04657   0.00577 
  0.09276   0.12144   0.02868 
   0.0339   0.07626   0.04236 
  0.01644   0.04399   0.02755 
   0.0585   0.07133   0.01283 
   0.0648   0.08199   0.01719 
  0.09122   0.09375   0.00253 
 -0.02205   0.07967   0.10172 
  0.12734   0.15752   0.03018 
  0.02576   0.03676     0.011 
  0.08983   0.16692   0.07709 
   0.0205   0.03647   0.01597 
  0.08512   0.16891   0.08379 
  0.03774   0.07552   0.03778 
   0.1458    0.1952    0.0494 
