  0.01605   0.02365    0.0076 
  0.02202   0.03421   0.01219 
  0.07397   0.10079   0.02682 
  0.05668   0.12183   0.06515 
  0.21147   0.22296   0.01149 
  0.17923   0.18432   0.00509 
  0.12259    0.1346   0.01201 
  0.00197    0.0721   0.07013 
 -0.00851   0.07735   0.08586 
  0.03588   0.07715   0.04127 
  0.04214    0.0995   0.05736 
  0.13073    0.1949   0.06417 
  0.09586   0.12814   0.03228 
  0.38151   0.43881    0.0573 
  0.04833   0.07011   0.02178 
  0.17548    0.2024   0.02692 
  0.11542   0.13627   0.03822 
  0.06067   0.12872   0.02085 
 -0.00846   0.02532   0.06805 
  0.02161   0.08086   0.03378 
  0.07034   0.11528   0.05925 
  0.00097   0.06109   0.04494 
  0.01031   0.05649   0.06012 
  0.01402   0.06694   0.04618 
  0.13767   0.21611   0.05292 
  0.07934   0.07606   0.07844 
  0.03814   0.05715  -0.00328 
  0.00376   0.10402   0.01901 
  0.15751   0.08797   0.08421 
  0.06432    0.1796   0.02209 
  0.09247   0.08709   0.07594 
  0.31674   0.11903   0.00514 
  0.14468     0.317   0.02277 
  0.03353   0.16547   0.02656 
  0.15028   0.05539   0.06284 
  0.07041   0.21745    0.0225 
  0.09312   0.08343   0.00026 
  0.02393   0.12648   0.02079 
  0.08541    0.0597   0.02186 
  0.04819   0.18901   0.06717 
  0.14427    0.0946   0.01302 
  0.02084   0.15858   0.03336 
  0.06153   0.10632   0.03577 
