  0.12401   0.00189  -0.10422 
   0.1044   0.00062  -0.12212 
   0.2015     0.044  -0.10378 
   0.1002  -0.01593   -0.1575 
  0.16204   0.02017  -0.11613 
  0.11462   0.01056  -0.14187 
  0.13283   0.01908  -0.10406 
  0.14154   0.04153  -0.11375 
  0.14145   0.02148  -0.10001 
  0.13321   0.03635  -0.11997 
  0.11998   0.01424  -0.09686 
  0.11241    0.0092  -0.10574 
  0.09811   0.01038  -0.10321 
  0.07772   0.00082  -0.08773 
   0.1069  -0.00652   -0.0769 
  0.08941   0.00917  -0.11342 
  0.09063   0.00137  -0.08024 
  0.11278   0.00045  -0.08926 
  0.08894   0.00508  -0.11233 
   0.1114   0.02051  -0.08386 
   0.1448  -0.01299  -0.09089 
  0.11391   0.01105  -0.15779 
  0.10639  -0.01016  -0.10286 
  0.09511   0.00169  -0.11655 
  0.12355    0.0099  -0.09342 
  0.11598   0.00984  -0.11365 
  0.10575   0.00025  -0.10614 
  0.21069   0.07203   -0.1055 
  0.12824   0.02181  -0.13866 
  0.13464  -0.00967  -0.10643 
  0.15369   0.02553  -0.14431 
   0.1794   0.06521  -0.12816 
  0.11136   0.00509  -0.11419 
  0.10773   0.00459  -0.10627 
  0.19412   0.02699  -0.10314 
  0.13908   0.02622  -0.11209 
  0.13909  -0.00708  -0.11287 
  0.14569   -0.0041  -0.15277 
  0.08319   0.01133  -0.08729 
  0.11706   0.01007  -0.10573 
  0.08012   0.02901  -0.07005 
  0.15424   0.00731  -0.12523 
  0.10221   0.04441   -0.0949 
   0.1653   0.01679  -0.12089 
  0.11404   0.00849  -0.09725 
  0.12239  -0.01397   -0.1139 
  0.10144  -0.03154  -0.11541 
   0.0981   0.00092  -0.12964 
