  0.05939   0.07501   0.01562 
  0.08283    0.0932   0.01037 
  0.05727   0.06741   0.01014 
  0.08982   0.12113   0.03131 
    0.077    0.0886    0.0116 
  0.07461   0.07006  -0.00455 
  0.13001   0.13606   0.00605 
  0.12095   0.13296   0.01201 
   0.2338   0.25452   0.02072 
  0.09192   0.10301   0.01109 
  0.07651    0.0849   0.00839 
  0.13619   0.17098   0.03479 
  0.11827   0.14642   0.02815 
  0.04615   0.05395    0.0078 
  0.06306   0.07365   0.01059 
  0.08739    0.0906   0.00321 
  0.12174    0.1416   0.01986 
  0.09498   0.12565   0.03067 
   0.0227   0.05933   0.03663 
  0.00058   0.02716   0.02658 
  0.21321    0.2313   0.01809 
  0.12608    0.1933   0.06722 
  0.07131   0.06307  -0.00824 
  0.05423   0.04884  -0.00539 
  0.06879    0.1164   0.04761 
 -0.01575  -0.01231   0.01583 
  0.13917   0.13149   0.00344 
  0.03535   0.11323  -0.00768 
  0.13046   0.08519   0.04984 
   0.0297   0.17189   0.04143 
  0.07262   0.05107   0.02137 
  0.17147    0.0993  -0.01537 
  0.05497   0.18683   0.02668 
   0.0104   0.10085   0.01536 
 -0.01135   0.07983   0.02486 
  0.19464   0.04564  -0.03031 
  0.04558   0.01718   0.03524 
  0.11625   0.19024   0.02853 
  0.02224   0.05156   -0.0044 
 -0.00319   0.13518   0.00598 
  0.04704   0.05597   0.01893 
  0.13424   0.00042   0.03373 
  0.05014   0.18983   0.00361 
  0.00083    0.1375   0.14279 
  0.06407   0.06817   0.00326 
