  0.09924   0.16497   0.06573 
 -0.00053   0.02224   0.02277 
  0.08036   0.10726    0.0269 
  0.10822   0.13132    0.0231 
  0.05486   0.09141   0.03655 
  0.00166   0.04042   0.03876 
  0.05478   0.08157  -0.01241 
  0.14712   0.22069   0.02679 
 -0.01585   0.07522   0.07357 
  0.05932   0.09218   0.09107 
  0.10007   0.13876   0.03286 
  0.01868   0.03896   0.03869 
  0.18667   0.22573   0.02028 
  0.17119   0.16366   0.03906 
  0.11646   0.14375  -0.00753 
  -0.0114  -0.00687   0.02729 
   0.0698   0.07973   0.00453 
    4e-05   0.02334   0.04747 
  0.05365   0.06962   0.00993 
   0.0542   0.06134    0.0233 
  0.08255   0.11558   0.01597 
  0.07039   0.10969   0.00714 
  0.09189   0.11436   0.03303 
  0.19404   0.18629    0.0393 
 -0.02916  -0.06868   0.02247 
   0.1058   0.10404  -0.00775 
  0.19811   0.21081  -0.03952 
   0.0824   0.08281  -0.00176 
  0.02302   0.07986    0.0127 
  0.07649    0.1021   0.01333 
  0.06653   0.09326   0.00041 
  0.02446    0.0436   0.05684 
  0.01662   0.06295   0.02561 
  0.15823   0.19068   0.02673 
  0.06341   0.09774   0.01914 
  0.05742   0.11199   0.04633 
 -0.10416   0.02585   0.03245 
  0.10175   0.06092   0.03433 
  0.07639   0.10225   0.05457 
   0.0076   0.08774   0.13001 
