  0.11546   0.01468  -0.10078 
  0.09879   0.00314  -0.09565 
  0.16875    0.0404  -0.12835 
  0.10207   0.03107    -0.071 
  0.14571   0.00872  -0.13699 
  0.15458   0.00651  -0.14807 
  0.10372    0.0114  -0.17116 
  0.13748   0.04432  -0.09232 
  0.16341   0.01712  -0.09316 
  0.14065   0.02377  -0.14629 
  0.13817   0.01593  -0.11688 
  0.16341   0.01712  -0.12224 
  0.09538   0.01503  -0.14629 
  0.09852   0.02675  -0.08035 
  0.12337  -0.02066  -0.07177 
  0.11793   -0.0026  -0.14403 
  0.08016  -0.05235  -0.12053 
  0.14257   0.01444  -0.13251 
  0.10544   0.00821  -0.12813 
  0.09521  -0.00469  -0.09723 
  0.13225   0.04086   -0.0999 
  0.08755  -0.02405  -0.09139 
  0.11867   0.01622   -0.1116 
  0.09636  -0.01698  -0.10245 
  0.14233   0.04974  -0.11334 
  0.15228   0.03447  -0.09259 
  0.13897  -0.00214  -0.11781 
  0.11758   0.01054  -0.14111 
  0.09074    0.0081  -0.10704 
  0.10399  -0.00575  -0.08264 
  0.10025  -0.01119  -0.10974 
  0.09548   -0.0007  -0.11144 
  0.10676   0.00115  -0.09618 
  0.13414   0.02696  -0.10561 
  0.14572   0.03957  -0.10718 
    0.146    0.0033  -0.10615 
  0.14966   0.01036   -0.1427 
  0.12234  -0.00541   -0.1393 
  0.26336    0.1493  -0.12775 
   0.2484   0.07546  -0.11406 
    0.116   0.00131  -0.17294 
  0.14021  -0.00891  -0.11469 
