  0.02074   0.04237   0.01716 
  0.05075   0.08148   0.02163 
  0.09789   0.11363   0.07261 
  0.05749   0.05816   0.03073 
  0.06292   0.03622   0.01574 
  0.17954   0.16655   0.00067 
  0.12191    0.1169   -0.0267 
  0.14617   0.15609  -0.01299 
   0.0608   0.08175  -0.00501 
  0.06774     0.098   0.00992 
  0.15077   0.12953   0.02095 
  0.08276   0.08976   0.03026 
  0.02412   0.04678  -0.02124 
  0.05814   0.07907     0.007 
  0.05182   0.08973   0.02266 
  0.03427   0.05452   0.02093 
  0.07964   0.11674   0.03791 
  0.04963   0.05171   0.02025 
  0.01688   0.02564    0.0371 
   0.0616   0.06085   0.00208 
  0.20459   0.22619   0.00876 
  0.17996   0.20052  -0.00075 
  0.10727   0.11326    0.0216 
  0.16415   0.18748   0.02056 
 -0.02608  -0.00517   0.00599 
  0.06525     0.085   0.02333 
  0.22338   0.24673   0.02091 
  0.07199   0.09454   0.01975 
  0.16586   0.17492   0.02335 
  0.03616   0.05367   0.02255 
  0.07866   0.09219   0.00906 
  0.09004   0.09236   0.01751 
  0.03368   0.04355   0.01353 
 -0.00875   0.03882   0.00232 
  0.14272   0.16373   0.00987 
  0.09018   0.09124   0.04757 
  0.02063    0.0263   0.02101 
 -0.04766   0.07412   0.00106 
  0.03329   0.04241   0.00567 
    0.032   0.05415   0.12178 
  0.00632   0.04906   0.00912 
