  0.05835   0.26714   0.20879 
 -0.00942   0.19095   0.20037 
  0.09891   0.17614   0.07723 
  0.05275   0.17625    0.1235 
  0.06547   0.11312   0.04765 
  0.14107   0.26501   0.12394 
  0.07934   0.22387   0.14453 
 -0.09193    0.1158   0.13033 
   0.0849    0.0384   0.21714 
 -0.13481   0.30204   0.15521 
 -0.16405    0.0204   0.22918 
 -0.05919   0.06513   0.22995 
  0.08444   0.03292   0.09211 
 -0.01171   0.14141   0.05697 
 -0.06375   0.14228   0.12321 
  0.03366   0.32366   0.13333 
 -0.01169    0.1115   0.12773 
  0.08955   0.06398   0.05488 
   0.2182   0.08854   0.14832 
   0.1797   0.15855   0.17024 
 -0.04456   0.20717   0.11762 
 -0.11605   0.30122   0.08302 
 -0.07424   0.27188   0.09218 
 -0.09688   0.15706   0.20162 
 -0.10707   0.06151   0.23748 
  -0.0663   0.17751   0.17756 
  0.06901   0.09697   0.25175 
  0.02523   0.04537   0.19385 
 -0.17332   0.04619   0.15326 
 -0.00701   0.09534   0.16164 
  0.10413   0.14668   0.07767 
  0.01309   0.09287   0.06764 
  0.00316   0.05429   0.22761 
  0.00552   0.04854   0.05555 
  0.01309   0.20733    0.1032 
 -0.04239   0.14408   0.18521 
 -0.06063   0.09457   0.13099 
 -0.28758   0.13904   0.09141 
 -0.01718   0.14472   0.13352 
  0.03355    0.0157   0.13163 
 -0.01391   0.07873   0.12112 
 -0.03292   0.06408    0.0831 
  0.06313   0.00601   0.12471 
  0.15044   0.14531   0.17241 
