  0.10334   0.01055  -0.09279 
  0.09491   0.00177  -0.09314 
  0.10545   0.00417  -0.10128 
    0.137   0.01604  -0.12096 
  0.14407   0.00273  -0.14134 
  0.12479   0.01997  -0.10482 
  0.11339   0.02093  -0.09246 
  0.14915   0.02721  -0.12194 
   0.0935   -0.0019   -0.0954 
  0.09799   0.01241  -0.08558 
  0.13361   0.02951   -0.1041 
  0.14751   0.10205  -0.04546 
  0.11194    0.0147  -0.09724 
  0.09679  -0.00514  -0.10193 
  0.07438  -0.00039  -0.07477 
  0.14026   0.05124  -0.08902 
   0.0914   0.01592  -0.07548 
  0.08281   0.00498  -0.07783 
    0.119   0.00304  -0.11596 
  0.09889   0.01533  -0.08356 
  0.07442   0.00227  -0.07215 
   0.1049   0.01336  -0.09154 
  0.09728   0.02437  -0.07291 
  0.15249   0.04291  -0.10958 
  0.09397   0.00961  -0.08436 
  0.12908   0.05354  -0.07554 
  0.12445   0.01284  -0.11161 
  0.12499   0.02424  -0.10075 
  0.10931  -0.00547  -0.11478 
  0.07322  -0.02813  -0.10135 
  0.12955   0.01823  -0.11132 
  0.09512  -0.00667  -0.10179 
  0.10839   0.00502  -0.10337 
  0.11382   0.01236  -0.10146 
  0.08801   -0.0024  -0.09041 
  0.12619   0.01536  -0.11083 
   0.0887   0.00622  -0.08248 
  0.11459   0.02077  -0.09382 
  0.10165   0.00246  -0.09919 
  0.11216    -0.011  -0.12316 
  0.08801   0.00495  -0.08306 
  0.12358   0.02127  -0.10231 
  0.11687   0.03485  -0.08202 
  0.08151  -0.01654  -0.09805 
    0.104   0.01377  -0.09023 
   0.1139  -0.00427  -0.11817 
  0.12884   0.04406  -0.08478 
  0.10599   0.00676  -0.09923 
  0.12455   0.02818  -0.09637 
  0.12895   0.03586  -0.09309 
  0.12497  -0.01074  -0.13571 
  0.11784   0.03183  -0.08601 
  0.08265  -0.00221  -0.08486 
  0.08411   -0.0003  -0.08441 
   0.1752   0.04082  -0.13438 
  0.11138     0.004  -0.10738 
   0.0886   0.00576  -0.08284 
  0.11485   0.00902  -0.10583 
  0.09381   0.01105  -0.08276 
