 -0.04008   0.20853    0.1503 
  0.03316   0.18497   0.24861 
 -0.11267   0.04391   0.15181 
 -0.03916   0.11487   0.33789 
 -0.18009    0.0213   0.13397 
 -0.06057   0.26334    0.3025 
 -0.00074   0.00873   0.18882 
 -0.03504   0.13525   0.17866 
 -0.15362   0.24089   0.19582 
 -0.06148   0.09472   0.24163 
  0.03824   0.08314   0.12976 
 -0.03424   0.10282   0.25393 
  0.03909   0.19772   0.23676 
  0.05248   0.19989    0.1643 
 -0.07434   0.19759   0.09949 
 -0.08722   0.19868   0.15948 
  0.00708   0.06159   0.23413 
 -0.21027   0.16771    0.1585 
  0.09906   0.16916   0.19278 
  0.08077   0.22806    0.1462 
 -0.00227   0.22051    0.2435 
 -0.02936   0.27497   0.31528 
  0.01181   0.04374   0.21343 
 -0.03738   0.21727   0.25401 
 -0.02915   0.26992   0.17086 
 -0.04663   0.06076   0.06246 
 -0.06396   0.14323   0.10406 
 -0.16504   0.10179   0.12324 
 -0.05225   0.09388   0.05132 
 -0.00289    0.1103   0.20524 
 -0.06999   0.06313   0.18644 
 -0.01407   0.16786    0.1461 
  0.00867   0.15729   0.12023 
  0.07255    0.2295   0.17944 
