1.77795 1.82515 1.79173 1.79104 1.82119 1.80358 1.80608 1.80303 1.81276 1.82551 1.83635 1.82174 1.80157 1.80622 1.82067 1.77969 1.77975 1.8087 1.78644 1.84266 1.77605 1.81713 1.83272 1.83861 1.76823 1.82695 1.77144 1.75819 1.81378 1.80714 1.82976 1.81364 1.82264 1.81656 1.80053 1.81538 1.83193 1.79458 1.83158 1.79591 1.80007 1.77541 1.82647 1.83156 1.80972 1.73799 1.80972 1.81652 1.83383 1.79253 1.84693 1.80738 1.8166 1.7815 1.82576
1.80151 1.68265 1.78387 1.77563 1.7712 1.81906 1.79294 1.7712 1.76649 1.70246 1.70852 1.61439 1.7599 1.6875 1.74926 1.65077 1.75492 1.77549 1.74198 1.71831 1.78205 1.76994 1.79194 1.69385 1.74991 1.67192 1.78404 1.79176 1.72187 1.77285 1.70155 1.66647 1.83043 1.77393 1.57262 1.78093 1.66266 1.72109 1.82082 1.77351 1.76776 1.70071 1.81962 1.74477 1.7819 1.79595 1.75801
1.76636 1.69602 1.7348 1.72923 1.66542 1.60297 1.82873 1.82673 1.74924 1.79605 1.72013 1.81831 1.72836 1.68735 1.80163 1.69077 1.702 1.80363 1.80207 1.92981 1.77149 1.77205 1.75526 1.71485 1.72653 1.72005 1.6398 1.92981 1.80093 1.76041 1.67736 1.73415
1.7693 1.85885 1.80146 1.82314 1.83591 1.85085 1.77802 1.82958 1.83321 1.85319 1.79824 1.84266 1.8425 1.83458 1.84009 1.83758 1.84361 1.81902 1.79947 1.76415 1.80715 1.79071 1.81099 1.79938 1.8339 1.79381 1.79381 1.83646 1.84238 1.825 1.84426 1.80624 1.79924 1.84037 1.8239 1.83941 1.82548 1.86349 1.83668 1.81605 1.79582 1.85406 1.84924 1.8091 1.84277 1.85458 1.84164 1.82985 1.83769 1.84636 1.8442 1.78295 1.80184 1.83014 1.8461 1.81025 1.8223 1.82697 1.82165 1.83896 1.83624 1.78357 1.85452 1.83526 1.85289
1.76112 1.77718 1.72876 1.82524 1.73233 1.83985 1.81422 1.82832 1.79162 1.76424 1.80566 1.75543 1.765 1.77495 1.79387 1.76005 1.78638 1.76594 1.76738 1.79217 1.71608 1.79897 1.80249 1.81473 1.8088 1.82549 1.79419 1.76768 1.74787 1.77281 1.7585 1.742 1.78971 1.79821 1.76018 1.81121 1.83385 1.74447 1.78648 1.76933 1.76577 1.81808 1.8085 1.80521 1.78469 1.79084 1.77582 1.81567 1.80465 1.76755 1.79141 1.74209 1.79113 1.80186
1.57133 1.65115 1.65491 1.64754 1.71925 1.59237 1.61593 1.70445 1.80798 1.55268 1.82921 1.7777 1.80406 1.69822 1.70009 1.52427 1.74302 1.75418 1.76356 1.67793 1.63659 1.56446 1.57376 1.69901 1.78522 1.66547 1.73365 1.77927 1.79849 1.74708 1.67709 1.74785 1.7791 1.79217 1.63343 1.68927 1.76348 1.69645 1.68927 1.84356 1.76962 1.76857 1.83654 1.7013 1.6708 1.73696 1.81018 1.65229 1.58611
1.81173 1.81775 1.7781 1.82913 1.79349 1.82165 1.79433 1.82142 1.83054 1.80121 1.82764 1.77047 1.83794 1.80782 1.84088 1.80478 1.79877 1.79499 1.83382 1.82916 1.84284 1.82891 1.78647 1.85166 1.81055 1.80631 1.80276 1.79957 1.77933 1.82378 1.82554 1.82587 1.81792 1.81203 1.84735 1.8444 1.81127 1.84131 1.79258 1.80448 1.79784 1.79613 1.81353 1.81778 1.8201 1.82464 1.8292 1.8246 1.81771 1.80345 1.79618
1.81601 1.81402 1.80452 1.83877 1.83943 1.83585 1.82022 1.84015 1.83337 1.80725 1.81585 1.81283 1.8347 1.7885 1.85463 1.84501 1.822 1.84686 1.77105 1.8517 1.84123 1.82569 1.83096 1.80414 1.80994 1.7766 1.80378 1.83224 1.83691 1.8489 1.80676 1.84698 1.85196 1.83401 1.8364 1.8397 1.83652 1.80806 1.83525 1.79134 1.82981 1.80128 1.84531 1.8396 1.8324 1.80483
1.65952 1.71221 1.60514 1.67272 1.82105 1.7667 1.77609 1.59973 1.80555 1.71144 1.64726 1.69223 1.75963 1.71458 1.79142 1.77673 1.75958 1.69627 1.77111 1.56891 1.62948 1.71747 1.731 1.66093 1.80195 1.7225 1.68815 1.71035 1.76294 1.60095 1.71333 1.76542 1.7691 1.63666 1.70767 1.7028 1.66639 1.8009 1.75219 1.57808 1.65082 1.73549 1.74594 1.79519 1.74754 1.72195 1.6729 1.63807 1.75606 1.71571 1.70791 1.74076 1.81751 1.72175 1.7489 1.76065 1.7718 1.76581 1.71826 1.76962 1.7791 1.71392 1.80136 1.77349 1.76656 1.77562 1.82245 1.69398 1.73193 1.78813 1.75647 1.79055 1.74331 1.77403 1.6853
1.70912 1.72512 1.82999 1.71849 1.83761 1.79757 1.78871 1.75834 1.76996 1.80705 1.79819 1.68638 1.7376 1.77157 1.82548 1.79292 1.80737 1.7591 1.81774 1.78959 1.7765 1.81415 1.81567 1.82954 1.77978 1.74508
1.79245 1.82367 1.7795 1.83585 1.84153 1.829 1.79045 1.80739 1.79102 1.84826 1.8013 1.82226 1.78902 1.79787 1.84713 1.79702 1.77831 1.8087 1.83157 1.8509 1.81199 1.80449 1.80805 1.79659 1.82839 1.81329 1.81838 1.79064 1.79739 1.84361 1.84273 1.77215 1.84085 1.80196 1.80065 1.81535 1.7816 1.83008 1.85035 1.77417 1.8098 1.84132 1.82645 1.78947 1.83147 1.78354 1.82442 1.81451 1.83124 1.84442 1.79745
1.79638 1.7256 1.80686 1.81866 1.80553 1.82058 1.59641 1.79052 1.81226 1.81896 1.79987 1.84896 1.78756 1.84254 1.7913 1.76245 1.7775 1.82839 1.77157 1.77442 1.68907 1.81199 1.76837 1.73812 1.72001 1.84183 1.84988 1.8147 1.7896 1.82073 1.83768 1.82613 1.72906 1.81503 1.78683 1.8217 1.80955 1.80965 1.82467 1.75943 1.78863 1.81472 1.82878 1.74953 1.76619 1.82878 1.84367
1.86856 1.82465 1.81554 1.76604 1.82508 1.83791 1.76955 1.75045 1.8224 1.81397 1.78299 1.82657 1.80442 1.77594 1.79147 1.82942 1.82307 1.77579 1.84716 1.83459 1.7882 1.84336 1.82665 1.82354 1.82427 1.8175 1.80335 1.84078 1.81338 1.79011 1.79575 1.79631 1.82537 1.8439 1.81998 1.8302 1.81727 1.83918 1.83377 1.84377 1.83728 1.82109 1.84998 1.82136 1.77158 1.786 1.83579 1.81073 1.85691 1.84087 1.80591 1.84847 1.75194 1.83544 1.77653 1.81966 1.80185 1.77511 1.82283 1.82306 1.80301 1.83437 1.83145 1.8364 1.83241 1.83724
1.63731 1.74979 1.771 1.82986 1.72684 1.71172 1.78378 1.7974 1.81051 1.64677 1.74515 1.83038 1.8159 1.7621 1.80102 1.88134 1.73821 1.7559 1.81571 1.82446 1.64394 1.72128 1.67913
1.75117 1.75151 1.6532 1.71861 1.81746 1.71882 1.75465 1.76917 1.81552 1.78958 1.73476 1.76134 1.81479 1.75744 1.78483 1.76372 1.73487 1.75384 1.79836 1.81591 1.8277 1.78027 1.79252 1.67834 1.78777 1.78906 1.71084 1.69966 1.77657 1.79433 1.72313 1.7822 1.75163 1.73293 1.74701 1.76059 1.71575 1.69391 1.66206 1.71917 1.79086 1.80163 1.67783 1.70385 1.67545
1.65723 1.80448 1.6748 1.7244 1.71861 1.76004 1.75646 1.61526 1.76435 1.70256 1.68704 1.77919 1.56901 1.6739 1.70242 1.8529 1.73607 1.81985 1.7614 1.76859 1.73116 1.72766 1.71433 1.63829 1.8259 1.7113 1.61512 1.73104 1.76466 1.72637 1.74134 1.78282 1.77289 1.62774 1.71178 1.71158 1.762 1.67622 1.72852 1.72731
1.83609 1.80729 1.84472 1.827 1.78545 1.82885 1.86094 1.82731 1.82315 1.84826 1.76921 1.82695 1.83205 1.80379 1.81919 1.84776 1.81696 1.83121 1.81328 1.79748 1.80444 1.8271 1.80783 1.83945 1.84055 1.84399 1.79445 1.81352 1.81688 1.84382 1.76981 1.83715 1.81764 1.85218 1.82486 1.77248 1.76287 1.85929 1.76495 1.792 1.83325 1.81525 1.8447 1.81642
1.82585 1.79853 1.80565 1.83906 1.84909 1.85772 1.8342 1.83629 1.7827 1.80225 1.80958 1.81343 1.82607 1.82416 1.82288 1.82419 1.84365 1.83676 1.80792 1.82087 1.8401 1.85883 1.8204 1.79845 1.8291 1.76736 1.81103 1.80264 1.83139 1.8348 1.83148 1.80825 1.8032 1.83626 1.85521 1.74678 1.84265 1.77185 1.84986 1.77712 1.76306 1.82283 1.80899 1.78252 1.82516 1.82499 1.80615 1.80704 1.79569 1.84666 1.84328 1.83648 1.83193 1.84041 1.84473 1.83759
1.6982 1.56377 1.686 1.5508 1.79861 1.73483 1.72 1.72447 1.67611 1.80155 1.80399 1.76077 1.69861 1.67848 1.63865 1.81089 1.68162 1.68329 1.78999 1.73781 1.70401 1.78878 1.64831 1.72423 1.73866 1.6675 1.55774 1.69262 1.70329 1.71376 1.76818 1.83716 1.81038 1.77797 1.67104 1.71875 1.7421 1.7103 1.76437 1.61567 1.65771 1.77325 1.66685 1.8102 1.74084 1.75887 1.73641 1.53918 1.65167 1.68318 1.71873 1.70378 1.78396 1.72753 1.74767 1.65912 1.58762
1.81595 1.82421 1.78924 1.80849 1.75418 1.78895 1.83429 1.7247 1.66501 1.78649 1.75816 1.79823 1.65238 1.79062 1.8093 1.78616 1.8099 1.78041 1.81264 1.81653 1.77587 1.6901 1.69799 1.79133 1.74969 1.64414 1.77147 1.74404 1.82472 1.70214 1.78027 1.80205 1.72225 1.75984 1.68714 1.75932 1.7935 1.73663 1.82165
1.8163 1.83698 1.84118 1.83742 1.84587 1.84224 1.83926 1.83807 1.83611 1.8426 1.84077 1.8276 1.84916 1.84632 1.85269 1.82052 1.8411 1.82642 1.8177 1.82635 1.80717 1.79702 1.86214 1.83181 1.82984 1.85306 1.83694 1.77361 1.82595 1.84261 1.85306 1.82407 1.86183 1.81899 1.71611 1.82372 1.83593 1.83322 1.82503 1.818 1.83574 1.84553 1.82527 1.84072 1.81708 1.84912 1.83058 1.81251 1.80362 1.82591 1.86105 1.82702 1.82183 1.80202 1.78645 1.82766 1.79703 1.80454 1.75515
1.82867 1.79121 1.81927 1.75625 1.79364 1.81676 1.80119 1.80534 1.81169 1.78645 1.78768 1.81446 1.80642 1.79249 1.79268 1.81357 1.81776 1.78544 1.74224 1.78025 1.80294 1.81784 1.80751 1.76923 1.81165 1.76123 1.7563 1.78198 1.79711 1.71356 1.75603 1.77579 1.76462 1.84816 1.81029 1.76733 1.77825 1.81217 1.78085 1.79121 1.84043 1.81491 1.76858 1.77445 1.84457 1.83656 1.71525 1.76418 1.78 1.77722 1.84238 1.78306 1.80643 1.79903 1.80876 1.78558 1.77953 1.78006
1.81259 1.84154 1.82415 1.76602 1.83368 1.82438 1.84335 1.82817 1.83515 1.84144 1.79754 1.71326 1.83374 1.83623 1.85197 1.85032 1.83748 1.78432 1.83284 1.8044 1.82975 1.76721 1.78951 1.80451 1.83532 1.81674 1.80071 1.78366 1.83991 1.80582 1.78151 1.79623 1.80768 1.81522 1.77548 1.81493 1.81439
1.68435 1.72759 1.79262 1.81515 1.75935 1.75747 1.76597 1.78513 1.61558 1.76131 1.80298 1.74283 1.7954 1.63741 1.75591 1.76988 1.74459 1.82355 1.69947 1.60411 1.77062 1.6177 1.75923 1.81504 1.78383 1.7049 1.79859 1.6667 1.74963 1.69944 1.73559 1.70665 1.78116 1.74416 1.78446 1.8113 1.77503 1.68915 1.66875 1.66563 1.798 1.80351 1.70642 1.63362 1.66164 1.76371 1.81906
1.85362 1.84019 1.81369 1.82194 1.81755 1.82178 1.84672 1.8191 1.81895 1.79985 1.81362 1.77655 1.68209 1.79972 1.79942 1.82385 1.8358 1.7855 1.7979 1.82922 1.8283 1.76333 1.84931 1.77657 1.81166 1.81333 1.78592 1.76218 1.8185 1.79537 1.76884 1.77383 1.81755 1.83613 1.80786 1.79437 1.83197 1.76461 1.82752 1.8219 1.83568 1.80252 1.79777 1.83185 1.80153 1.72779 1.76497 1.82465 1.76451
1.75783 1.79058 1.79247 1.70268 1.73599 1.74725 1.71201 1.77509 1.66087 1.82639 1.80247 1.75514 1.70313 1.81209 1.7285 1.67279 1.7843 1.68852 1.77294 1.6623 1.82282 1.78217 1.63145 1.71339 1.69418 1.77675 1.79786 1.78849 1.83185 1.79857 1.72023 1.8449 1.77846 1.74084 1.77386 1.76225 1.76257 1.83984 1.77453 1.72646 1.739 1.83275 1.77406 1.82432
1.74435 1.63022 1.64488 1.65412 1.6356 1.66664 1.6184 1.79453 1.76055 1.80109 1.74945 1.81416 1.74709 1.75775 1.79052 1.75059 1.92981 1.75519 1.72211 1.72305 1.79914 1.82666 1.76142 1.78573 1.70927 1.76875 1.66066
1.79051 1.77524 1.75134 1.67969 1.60094 1.62579 1.69336 1.74197 1.7499 1.7348 1.73584 1.63527 1.71055 1.41988 1.7798 1.63837 1.70626 1.70679 1.81755 1.75115 1.68455 1.76524 1.77633 1.75913 1.64486 1.73358 1.77163 1.73775 1.73171 1.61672 1.74121 1.71419 1.50509 1.64433 1.79315 1.60558 1.77117 1.69889 1.79653 1.6478 1.74437 1.65877 1.72783 1.74652
1.81573 1.80222 1.83371 1.77936 1.79794 1.85389 1.85135 1.82265 1.80835 1.82417 1.8409 1.83004 1.7584 1.81583 1.78322 1.76371 1.81653 1.79739 1.812 1.79427 1.81464 1.78536 1.85238 1.79221 1.84466 1.78585 1.83548 1.83117 1.81944 1.77359 1.83091 1.77488 1.79021 1.8403 1.77432 1.82899 1.82351 1.83065
1.80359 1.82757 1.78866 1.79362 1.79114 1.78362 1.80253 1.81595 1.70295 1.83246 1.80711 1.78162 1.82367 1.77946 1.81721 1.81266 1.74162 1.77543 1.80185 1.75901 1.82418 1.81883 1.83348 1.79531 1.80706 1.80164 1.78553
1.77708 1.75549 1.7751 1.81747 1.8449 1.82804 1.82722 1.82467 1.80596 1.81619 1.85899 1.8284 1.81092 1.8025 1.81993 1.79388 1.82243 1.79267 1.82073 1.81638 1.80607 1.79313 1.81015 1.809 1.80955 1.83754 1.80607 1.84402 1.78495 1.77439 1.78442 1.78161 1.77583 1.77657
1.86313 1.82065 1.82922 1.83749 1.79456 1.79268 1.80517 1.81295 1.78941 1.73476 1.80468 1.79741 1.7913 1.80247 1.73305 1.79607 1.79614 1.85459 1.79408 1.84582 1.80753 1.74824 1.73737 1.7941 1.78709 1.83483 1.8402 1.80822 1.79015 1.78154 1.78588 1.82431 1.72012 1.83568 1.76696 1.83485 1.73217 1.81301 1.79481 1.8031 1.80859 1.79955 1.82298 1.82828 1.80711 1.7844 1.75202
1.77609 1.80509 1.8316 1.83822 1.80503 1.83999 1.82346 1.81067 1.8101 1.84237 1.80268 1.80896 1.81016 1.75266 1.8226 1.81466 1.8147 1.81426 1.79092 1.82346 1.78369 1.82027 1.83733 1.79938 1.81015 1.84198 1.7428 1.80714 1.81909 1.81123 1.77786 1.64938 1.82416 1.81629 1.82345 1.7955 1.82882 1.83645 1.80784 1.81911 1.82884 1.83668 1.78199 1.83351 1.81249 1.84842 1.8202 1.73275 1.81945 1.8342 1.82027 1.84653 1.80781
1.74267 1.71519 1.82985 1.80141 1.78651 1.79321 1.81455 1.80179 1.79661 1.80047 1.83802 1.81199 1.80953 1.79132 1.78372 1.78584 1.80348 1.77058 1.78045 1.74229 1.79399 1.80556 1.7274 1.79068 1.81383 1.79592 1.82114 1.79074 1.75961 1.81049 1.78953 1.75007 1.79273 1.78803 1.79086 1.75995
1.81594 1.75385 1.76656 1.76771 1.82128 1.79115 1.78157 1.81181 1.7769 1.84753 1.79978 1.7479 1.84501 1.81613 1.75216 1.69593 1.76761 1.85262 1.78585 1.75484 1.78103 1.81001 1.7424 1.81507 1.79245 1.7695 1.84188 1.80125 1.83185 1.83423 1.82411 1.84115 1.83397 1.78402 1.78246 1.79505 1.8232 1.77593 1.82238 1.7678 1.77478 1.80485 1.80444 1.78546 1.77902 1.7599 1.69719 1.80868 1.77617 1.78849 1.77867 1.72239 1.80725 1.79946 1.77833 1.82125 1.79722
1.81189 1.77565 1.69693 1.79992 1.66937 1.7109 1.80156 1.75363 1.79589 1.80508 1.78202 1.80828 1.83818 1.76911 1.72051 1.80104 1.8334 1.70341 1.77092 1.73819 1.80881 1.65844 1.65265 1.74406 1.7813 1.79561 1.69059 1.57146 1.58986 1.76468 1.71011 1.78561 1.73765 1.73539 1.71674 1.82709 1.81086 1.79298 1.65615 1.75131 1.70786 1.7351 1.75754 1.79467 1.78165 1.78588 1.81784 1.63635 1.75783
1.63287 1.63807 1.7516 1.64504 1.62426 1.7698 1.73981 1.77128 1.74306 1.63316 1.78588 1.72053 1.71761 1.61277 1.63734 1.76967 1.62637 1.75983 1.65755 1.72699 1.80437 1.76579 1.65032 1.78129 1.69877 1.62363 1.81955 1.68651 1.68983 1.68932 1.71295 1.64821 1.69295 1.78242 1.66862 1.72486 1.71919 1.78321 1.64463 1.66506 1.6474 1.71336 1.6493 1.78529 1.79097 1.7737 1.7691 1.71046
1.79371 1.78912 1.82782 1.82971 1.84 1.83783 1.81047 1.82873 1.8195 1.84164 1.783 1.79962 1.78196 1.82985 1.8338 1.8044 1.85364 1.76512 1.8225 1.80949 1.74806 1.72897 1.69115 1.82684 1.81208 1.83597 1.73119 1.79808 1.82181 1.84714 1.8059 1.80683 1.81606 1.77715 1.83383 1.82882 1.72685 1.79439 1.82654 1.81396 1.744 1.81991 1.79784 1.81772 1.81348 1.80931 1.7629 1.79173 1.7968
1.69179 1.83692 1.79488 1.74665 1.83656 1.81299 1.77103 1.79965 1.73941 1.74769 1.82194 1.81095 1.78602 1.77957 1.76763 1.77967 1.73574 1.82618 1.81208 1.75646 1.84634 1.82155 1.84193 1.81552 1.81834 1.8651 1.80841 1.81402 1.79424 1.81442 1.80629 1.75478 1.76486 1.73931 1.79322 1.76035 1.78313 1.73307 1.6972 1.7513 1.78054 1.80981 1.82743 1.83452 1.66797 1.81871 1.82241 1.827
1.81568 1.71459 1.78795 1.75454 1.7734 1.78803 1.76304 1.80148 1.72821 1.71325 1.74901 1.62283 1.72463 1.83638 1.77463 1.71308 1.78743 1.79635 1.77599 1.7659 1.82144 1.771 1.77369 1.72849 1.78571 1.69911 1.81504 1.69075 1.79459 1.60063 1.78912 1.76649 1.7708 1.68587 1.75186 1.7763 1.75215 1.75824 1.65047 1.75643 1.78919 1.83435 1.6356 1.74138 1.761 1.76867 1.77046 1.82069 1.76691 1.81181 1.75264 1.76154
1.78408 1.7862 1.44719 1.74785 1.75654 1.71385 1.75837 1.86367 1.53701 1.81828 1.66209 1.69236 1.74677 1.75864 1.62781 1.66151 1.71801 1.81414 1.75357 1.53842 1.80161 1.76058 1.82723 1.75242 1.7955 1.82062 1.77035 1.77656 1.72114 1.78347 1.76888 1.79039 1.81851 1.67113 1.73947 1.72545 1.68089 1.70953 1.71443 1.80442 1.70392 1.76546 1.7837 1.70426 1.73885 1.79949 1.80963 1.74348 1.78317 1.63992 1.70135
1.83898 1.81579 1.77684 1.76267 1.73964 1.78658 1.80422 1.7805 1.783 1.73722 1.78587 1.78011 1.78806 1.78211 1.76846 1.81193 1.83533 1.79326 1.82795 1.7589 1.82885 1.77442 1.81115 1.84321 1.82969 1.81767 1.75968 1.78322 1.84521 1.81616 1.81034 1.7775 1.80686 1.78661 1.82612 1.80474 1.78963 1.78817 1.7539 1.77367 1.81055 1.83803 1.81323 1.75244 1.8183 1.74003 1.79981 1.83251 1.65708 1.83399
1.75723 1.74084 1.72103 1.81102 1.71464 1.75489 1.6464 1.73867 1.76192 1.70791 1.64311 1.74186 1.70456 1.71533 1.74845 1.81342 1.75837 1.75846 1.69861 1.61983 1.80369 1.84077 1.74291 1.70959 1.76395 1.72063 1.73859 1.80566 1.63466 1.6219 1.76066 1.62604 1.60102 1.70379 1.67134 1.82184 1.8267 1.70307 1.76286 1.71959 1.75198 1.67516 1.71982 1.64139 1.63349 1.81749 1.70953
1.68771 1.72678 1.73204 1.69701 1.75897 1.70418 1.67668 1.84162 1.74166 1.71192 1.72296 1.67457 1.78375 1.76551 1.74157 1.69476 1.72681 1.78678 1.61832 1.79229 1.81974 1.6685 1.63576 1.75561 1.76681 1.75344 1.74883 1.74978 1.73606 1.70715 1.76719 1.78709 1.74497 1.75198 1.71903 1.77887 1.78767 1.76506 1.74692 1.66122 1.73371 1.76501 1.46753 1.72997 1.705 1.57468 1.75884 1.70492 1.72995 1.7708 1.70385 1.65139
1.83377 1.73003 1.71368 1.7782 1.77817 1.74997 1.81068 1.73774 1.68791 1.67851 1.63472 1.66699 1.76878 1.69212 1.64961 1.74684 1.72269 1.70767 1.53519 1.75257 1.74741 1.73435 1.7563 1.77471 1.76199 1.77091 1.76782 1.65931 1.68142 1.77749 1.74923 1.70141 1.67133 1.77855 1.56615 1.64471 1.73245 1.76687 1.72074 1.628 1.78339 1.74 1.56965 1.71817 1.73184 1.69583 1.67982 1.66974 1.65915 1.69245 1.73981 1.76345 1.77175
1.73361 1.81351 1.77482 1.79726 1.83268 1.82394 1.76262 1.80868 1.83101 1.82441 1.80503 1.79625 1.83358 1.82942 1.79741 1.82042 1.80796 1.83184 1.79274 1.80887 1.80643 1.85624 1.83193 1.80643 1.81886 1.80164 1.79306 1.81805 1.81789 1.77962 1.83798 1.76781 1.64102 1.79795 1.8222 1.76377 1.83689 1.75097 1.79271 1.81351 1.79964 1.79538 1.76592 1.7437 1.83045 1.77855 1.84713 1.79071
1.8475 1.79143 1.83427 1.77279 1.84323 1.83276 1.8492 1.81927 1.771 1.82227 1.85054 1.83258 1.77029 1.77064 1.83671 1.78031 1.83005 1.84485 1.83449 1.82922 1.83984 1.80983 1.81595 1.84535 1.83373 1.85026 1.76111 1.84969 1.82654 1.81973 1.84914 1.78601 1.84059 1.81441 1.82594 1.83848 1.821 1.82916 1.85685 1.81373 1.83051 1.80895 1.82938 1.84634 1.84726 1.8192 1.8472 1.81562 1.83151 1.82366 1.8251 1.80505 1.83055 1.84557 1.82697 1.83653 1.76397 1.81436 1.79738 1.80972 1.82419 1.8246 1.82104 1.82979 1.82094 1.86059 1.81837 1.76502 1.82329 1.83786 1.83972 1.82705
