1.82243 1.79378 1.82587 1.80386 1.8055 1.77723 1.81567 1.7919 1.79992 1.77544 1.82118 1.77852 1.78043 1.83127 1.77318 1.75102 1.82713 1.77659 1.74509 1.81968 1.77458 1.83395 1.82115 1.83462 1.75074 1.81386 1.76417 1.81784 1.80947 1.77868 1.82463 1.77465 1.78152 1.77898 1.84022 1.81452 1.84368 1.81043 1.80366 1.82062 1.80785 1.83501 1.78705 1.77376 1.78327 1.81621 1.81691 1.80049 1.83122 1.83913 1.83102 1.80022 1.82183 1.81719 1.81262
1.8074 1.7962 1.83963 1.78613 1.75277 1.80339 1.79709 1.77983 1.81923 1.79118 1.77275 1.83835 1.75874 1.77801 1.82572 1.80498 1.78004 1.80885 1.81342 1.80764 1.76389 1.8215 1.77364 1.81511 1.79452 1.81392 1.77309 1.79267 1.75928 1.81283 1.78095 1.8352 1.77349 1.79993 1.77919 1.72731 1.83122 1.78698 1.78503 1.81825 1.77785 1.83419
1.81349 1.85054 1.81492 1.84694 1.80454 1.81738 1.81219 1.82901 1.82436 1.83348 1.83965 1.76747 1.84513 1.81948 1.81028 1.82046 1.83499 1.85437 1.83574 1.74165 1.7744 1.83935 1.79361 1.81281 1.82914 1.83951 1.83786 1.83294 1.81435 1.82193 1.81831 1.83287 1.78737 1.81284 1.82742 1.82145 1.83905 1.822 1.79607 1.808 1.81549 1.83239 1.77057 1.84613 1.8242 1.79277 1.77843 1.83131 1.82155 1.83861 1.81378 1.81117 1.79408 1.8304 1.84666 1.81357 1.85041
1.80359 1.82757 1.78866 1.79362 1.79114 1.78362 1.80253 1.81595 1.70295 1.83246 1.80711 1.78162 1.82367 1.77946 1.81721 1.81266 1.74162 1.77543 1.80185 1.75901 1.82418 1.81883 1.83348 1.79531 1.80706 1.80164 1.78553
1.74267 1.71519 1.82985 1.80141 1.78651 1.79321 1.81455 1.80179 1.79661 1.80047 1.83802 1.81199 1.80953 1.79132 1.78372 1.78584 1.80348 1.77058 1.78045 1.74229 1.79399 1.80556 1.7274 1.79068 1.81383 1.79592 1.82114 1.79074 1.75961 1.81049 1.78953 1.75007 1.79273 1.78803 1.79086 1.75995
1.7693 1.85885 1.80146 1.82314 1.83591 1.85085 1.77802 1.82958 1.83321 1.85319 1.79824 1.84266 1.8425 1.83458 1.84009 1.83758 1.84361 1.81902 1.79947 1.76415 1.80715 1.79071 1.81099 1.79938 1.8339 1.79381 1.79381 1.83646 1.84238 1.825 1.84426 1.80624 1.79924 1.84037 1.8239 1.83941 1.82548 1.86349 1.83668 1.81605 1.79582 1.85406 1.84924 1.8091 1.84277 1.85458 1.84164 1.82985 1.83769 1.84636 1.8442 1.78295 1.80184 1.83014 1.8461 1.81025 1.8223 1.82697 1.82165 1.83896 1.83624 1.78357 1.85452 1.83526 1.85289
1.79638 1.7256 1.80686 1.81866 1.80553 1.82058 1.59641 1.79052 1.81226 1.81896 1.79987 1.84896 1.78756 1.84254 1.7913 1.76245 1.7775 1.82839 1.77157 1.77442 1.68907 1.81199 1.76837 1.73812 1.72001 1.84183 1.84988 1.8147 1.7896 1.82073 1.83768 1.82613 1.72906 1.81503 1.78683 1.8217 1.80955 1.80965 1.82467 1.75943 1.78863 1.81472 1.82878 1.74953 1.76619 1.82878 1.84367
1.85362 1.84019 1.81369 1.82194 1.81755 1.82178 1.84672 1.8191 1.81895 1.79985 1.81362 1.77655 1.68209 1.79972 1.79942 1.82385 1.8358 1.7855 1.7979 1.82922 1.8283 1.76333 1.84931 1.77657 1.81166 1.81333 1.78592 1.76218 1.8185 1.79537 1.76884 1.77383 1.81755 1.83613 1.80786 1.79437 1.83197 1.76461 1.82752 1.8219 1.83568 1.80252 1.79777 1.83185 1.80153 1.72779 1.76497 1.82465 1.76451
1.76112 1.77718 1.72876 1.82524 1.73233 1.83985 1.81422 1.82832 1.79162 1.76424 1.80566 1.75543 1.765 1.77495 1.79387 1.76005 1.78638 1.76594 1.76738 1.79217 1.71608 1.79897 1.80249 1.81473 1.8088 1.82549 1.79419 1.76768 1.74787 1.77281 1.7585 1.742 1.78971 1.79821 1.76018 1.81121 1.83385 1.74447 1.78648 1.76933 1.76577 1.81808 1.8085 1.80521 1.78469 1.79084 1.77582 1.81567 1.80465 1.76755 1.79141 1.74209 1.79113 1.80186
1.83377 1.73003 1.71368 1.7782 1.77817 1.74997 1.81068 1.73774 1.68791 1.67851 1.63472 1.66699 1.76878 1.69212 1.64961 1.74684 1.72269 1.70767 1.53519 1.75257 1.74741 1.73435 1.7563 1.77471 1.76199 1.77091 1.76782 1.65931 1.68142 1.77749 1.74923 1.70141 1.67133 1.77855 1.56615 1.64471 1.73245 1.76687 1.72074 1.628 1.78339 1.74 1.56965 1.71817 1.73184 1.69583 1.67982 1.66974 1.65915 1.69245 1.73981 1.76345 1.77175
1.83587 1.77495 1.83572 1.81993 1.79699 1.84463 1.80442 1.8301 1.83903 1.80059 1.81147 1.8434 1.81278 1.79045 1.83593 1.82609 1.71767 1.82197 1.75575 1.82221 1.83917 1.79932 1.81666 1.819 1.74964 1.80773 1.8348 1.78447 1.8254 1.79511 1.80539 1.82945 1.77742 1.78768 1.75205 1.79494 1.79813 1.81492 1.721 1.82023 1.80839
1.74036 1.78515 1.7777 1.73571 1.74734 1.82529 1.71982 1.77714 1.78508 1.80564 1.80868 1.80228 1.80471 1.82447 1.85001 1.8259 1.76105 1.77803 1.81499 1.82675 1.79546 1.84131 1.81354 1.80268 1.75001 1.76892 1.79033 1.7809 1.80341 1.84648 1.82876 1.77458 1.80253 1.81493 1.81106 1.82984 1.83371 1.80598 1.78149 1.7851 1.80375 1.79959 1.76748 1.83141 1.74702 1.85347 1.83005 1.81677 1.79085 1.80249
1.84057 1.84994 1.85117 1.80523 1.83696 1.8596 1.82805 1.81317 1.78519 1.84818 1.828 1.83428 1.82327 1.83883 1.83527 1.84498 1.81998 1.83155 1.78486 1.76461 1.83181 1.77995 1.81333 1.82811 1.85111 1.78664 1.80998 1.81647 1.85646 1.8378 1.8376 1.85461 1.8264 1.84991 1.84386 1.81281 1.83904 1.85932 1.83412 1.83585 1.80005 1.85561 1.8287 1.83859 1.84662 1.81608 1.85234 1.84565 1.83314 1.84035 1.83156
1.66893 1.78001 1.74507 1.82455 1.80864 1.7969 1.75887 1.80308 1.8319 1.81294 1.81541 1.76876 1.819 1.85377 1.7728 1.85785 1.74565 1.78675 1.82626 1.81544 1.85952 1.74931 1.83971 1.84373 1.80292 1.77589 1.82344 1.83547 1.83377 1.78526 1.82023 1.78007 1.83921 1.68872 1.7812 1.82374 1.79857 1.81234 1.77303 1.81554 1.83312 1.81427 1.83514 1.83172 1.78348 1.81634 1.80357 1.76218 1.8221 1.8596
1.77609 1.80509 1.8316 1.83822 1.80503 1.83999 1.82346 1.81067 1.8101 1.84237 1.80268 1.80896 1.81016 1.75266 1.8226 1.81466 1.8147 1.81426 1.79092 1.82346 1.78369 1.82027 1.83733 1.79938 1.81015 1.84198 1.7428 1.80714 1.81909 1.81123 1.77786 1.64938 1.82416 1.81629 1.82345 1.7955 1.82882 1.83645 1.80784 1.81911 1.82884 1.83668 1.78199 1.83351 1.81249 1.84842 1.8202 1.73275 1.81945 1.8342 1.82027 1.84653 1.80781
1.75783 1.79058 1.79247 1.70268 1.73599 1.74725 1.71201 1.77509 1.66087 1.82639 1.80247 1.75514 1.70313 1.81209 1.7285 1.67279 1.7843 1.68852 1.77294 1.6623 1.82282 1.78217 1.63145 1.71339 1.69418 1.77675 1.79786 1.78849 1.83185 1.79857 1.72023 1.8449 1.77846 1.74084 1.77386 1.76225 1.76257 1.83984 1.77453 1.72646 1.739 1.83275 1.77406 1.82432
1.83898 1.81579 1.77684 1.76267 1.73964 1.78658 1.80422 1.7805 1.783 1.73722 1.78587 1.78011 1.78806 1.78211 1.76846 1.81193 1.83533 1.79326 1.82795 1.7589 1.82885 1.77442 1.81115 1.84321 1.82969 1.81767 1.75968 1.78322 1.84521 1.81616 1.81034 1.7775 1.80686 1.78661 1.82612 1.80474 1.78963 1.78817 1.7539 1.77367 1.81055 1.83803 1.81323 1.75244 1.8183 1.74003 1.79981 1.83251 1.65708 1.83399
1.8163 1.83698 1.84118 1.83742 1.84587 1.84224 1.83926 1.83807 1.83611 1.8426 1.84077 1.8276 1.84916 1.84632 1.85269 1.82052 1.8411 1.82642 1.8177 1.82635 1.80717 1.79702 1.86214 1.83181 1.82984 1.85306 1.83694 1.77361 1.82595 1.84261 1.85306 1.82407 1.86183 1.81899 1.71611 1.82372 1.83593 1.83322 1.82503 1.818 1.83574 1.84553 1.82527 1.84072 1.81708 1.84912 1.83058 1.81251 1.80362 1.82591 1.86105 1.82702 1.82183 1.80202 1.78645 1.82766 1.79703 1.80454 1.75515
1.68435 1.72759 1.79262 1.81515 1.75935 1.75747 1.76597 1.78513 1.61558 1.76131 1.80298 1.74283 1.7954 1.63741 1.75591 1.76988 1.74459 1.82355 1.69947 1.60411 1.77062 1.6177 1.75923 1.81504 1.78383 1.7049 1.79859 1.6667 1.74963 1.69944 1.73559 1.70665 1.78116 1.74416 1.78446 1.8113 1.77503 1.68915 1.66875 1.66563 1.798 1.80351 1.70642 1.63362 1.66164 1.76371 1.81906
1.81568 1.71459 1.78795 1.75454 1.7734 1.78803 1.76304 1.80148 1.72821 1.71325 1.74901 1.62283 1.72463 1.83638 1.77463 1.71308 1.78743 1.79635 1.77599 1.7659 1.82144 1.771 1.77369 1.72849 1.78571 1.69911 1.81504 1.69075 1.79459 1.60063 1.78912 1.76649 1.7708 1.68587 1.75186 1.7763 1.75215 1.75824 1.65047 1.75643 1.78919 1.83435 1.6356 1.74138 1.761 1.76867 1.77046 1.82069 1.76691 1.81181 1.75264 1.76154
1.83609 1.80729 1.84472 1.827 1.78545 1.82885 1.86094 1.82731 1.82315 1.84826 1.76921 1.82695 1.83205 1.80379 1.81919 1.84776 1.81696 1.83121 1.81328 1.79748 1.80444 1.8271 1.80783 1.83945 1.84055 1.84399 1.79445 1.81352 1.81688 1.84382 1.76981 1.83715 1.81764 1.85218 1.82486 1.77248 1.76287 1.85929 1.76495 1.792 1.83325 1.81525 1.8447 1.81642
1.75117 1.75151 1.6532 1.71861 1.81746 1.71882 1.75465 1.76917 1.81552 1.78958 1.73476 1.76134 1.81479 1.75744 1.78483 1.76372 1.73487 1.75384 1.79836 1.81591 1.8277 1.78027 1.79252 1.67834 1.78777 1.78906 1.71084 1.69966 1.77657 1.79433 1.72313 1.7822 1.75163 1.73293 1.74701 1.76059 1.71575 1.69391 1.66206 1.71917 1.79086 1.80163 1.67783 1.70385 1.67545
1.81173 1.81775 1.7781 1.82913 1.79349 1.82165 1.79433 1.82142 1.83054 1.80121 1.82764 1.77047 1.83794 1.80782 1.84088 1.80478 1.79877 1.79499 1.83382 1.82916 1.84284 1.82891 1.78647 1.85166 1.81055 1.80631 1.80276 1.79957 1.77933 1.82378 1.82554 1.82587 1.81792 1.81203 1.84735 1.8444 1.81127 1.84131 1.79258 1.80448 1.79784 1.79613 1.81353 1.81778 1.8201 1.82464 1.8292 1.8246 1.81771 1.80345 1.79618
1.76636 1.69602 1.7348 1.72923 1.66542 1.60297 1.82873 1.82673 1.74924 1.79605 1.72013 1.81831 1.72836 1.68735 1.80163 1.69077 1.702 1.80363 1.80207 1.92981 1.77149 1.77205 1.75526 1.71485 1.72653 1.72005 1.6398 1.92981 1.80093 1.76041 1.67736 1.73415
1.79051 1.77524 1.75134 1.67969 1.60094 1.62579 1.69336 1.74197 1.7499 1.7348 1.73584 1.63527 1.71055 1.41988 1.7798 1.63837 1.70626 1.70679 1.81755 1.75115 1.68455 1.76524 1.77633 1.75913 1.64486 1.73358 1.77163 1.73775 1.73171 1.61672 1.74121 1.71419 1.50509 1.64433 1.79315 1.60558 1.77117 1.69889 1.79653 1.6478 1.74437 1.65877 1.72783 1.74652
1.57133 1.65115 1.65491 1.64754 1.71925 1.59237 1.61593 1.70445 1.80798 1.55268 1.82921 1.7777 1.80406 1.69822 1.70009 1.52427 1.74302 1.75418 1.76356 1.67793 1.63659 1.56446 1.57376 1.69901 1.78522 1.66547 1.73365 1.77927 1.79849 1.74708 1.67709 1.74785 1.7791 1.79217 1.63343 1.68927 1.76348 1.69645 1.68927 1.84356 1.76962 1.76857 1.83654 1.7013 1.6708 1.73696 1.81018 1.65229 1.58611
1.83955 1.83748 1.80292 1.80772 1.82328 1.80614 1.80603 1.80634 1.79106 1.77625 1.82227 1.77731 1.74247 1.79015 1.82487 1.8257 1.82937 1.82939 1.80337 1.83887 1.82034 1.72515 1.73516 1.82716 1.83824 1.79459 1.83896 1.83161 1.81199 1.81126 1.83082 1.81295 1.81625 1.82782 1.82052 1.83531 1.80249 1.78494 1.85083 1.8349 1.79982 1.8254 1.81989 1.79308 1.78897 1.81462 1.79954 1.84646 1.84793 1.85438 1.78242 1.81458 1.83865 1.83083
1.69179 1.83692 1.79488 1.74665 1.83656 1.81299 1.77103 1.79965 1.73941 1.74769 1.82194 1.81095 1.78602 1.77957 1.76763 1.77967 1.73574 1.82618 1.81208 1.75646 1.84634 1.82155 1.84193 1.81552 1.81834 1.8651 1.80841 1.81402 1.79424 1.81442 1.80629 1.75478 1.76486 1.73931 1.79322 1.76035 1.78313 1.73307 1.6972 1.7513 1.78054 1.80981 1.82743 1.83452 1.66797 1.81871 1.82241 1.827
1.81601 1.81402 1.80452 1.83877 1.83943 1.83585 1.82022 1.84015 1.83337 1.80725 1.81585 1.81283 1.8347 1.7885 1.85463 1.84501 1.822 1.84686 1.77105 1.8517 1.84123 1.82569 1.83096 1.80414 1.80994 1.7766 1.80378 1.83224 1.83691 1.8489 1.80676 1.84698 1.85196 1.83401 1.8364 1.8397 1.83652 1.80806 1.83525 1.79134 1.82981 1.80128 1.84531 1.8396 1.8324 1.80483
1.82404 1.8068 1.79865 1.77746 1.8263 1.84669 1.79965 1.7954 1.82996 1.80916 1.8172 1.82534 1.82271 1.81475 1.75944 1.77147 1.68778 1.81623 1.76855 1.8276 1.79479 1.8095 1.79152 1.78783 1.8141 1.81321 1.79388 1.77984 1.766 1.8149 1.8319 1.82204 1.82129 1.79621 1.73227 1.82211 1.8003 1.83581 1.81394 1.81931 1.8391 1.7932 1.83752 1.7962 1.7717 1.81164 1.81366 1.76333 1.82557 1.81433 1.82557 1.82877 1.85585 1.84013 1.83447 1.85173
1.75723 1.74084 1.72103 1.81102 1.71464 1.75489 1.6464 1.73867 1.76192 1.70791 1.64311 1.74186 1.70456 1.71533 1.74845 1.81342 1.75837 1.75846 1.69861 1.61983 1.80369 1.84077 1.74291 1.70959 1.76395 1.72063 1.73859 1.80566 1.63466 1.6219 1.76066 1.62604 1.60102 1.70379 1.67134 1.82184 1.8267 1.70307 1.76286 1.71959 1.75198 1.67516 1.71982 1.64139 1.63349 1.81749 1.70953
1.82867 1.79121 1.81927 1.75625 1.79364 1.81676 1.80119 1.80534 1.81169 1.78645 1.78768 1.81446 1.80642 1.79249 1.79268 1.81357 1.81776 1.78544 1.74224 1.78025 1.80294 1.81784 1.80751 1.76923 1.81165 1.76123 1.7563 1.78198 1.79711 1.71356 1.75603 1.77579 1.76462 1.84816 1.81029 1.76733 1.77825 1.81217 1.78085 1.79121 1.84043 1.81491 1.76858 1.77445 1.84457 1.83656 1.71525 1.76418 1.78 1.77722 1.84238 1.78306 1.80643 1.79903 1.80876 1.78558 1.77953 1.78006
1.65723 1.80448 1.6748 1.7244 1.71861 1.76004 1.75646 1.61526 1.76435 1.70256 1.68704 1.77919 1.56901 1.6739 1.70242 1.8529 1.73607 1.81985 1.7614 1.76859 1.73116 1.72766 1.71433 1.63829 1.8259 1.7113 1.61512 1.73104 1.76466 1.72637 1.74134 1.78282 1.77289 1.62774 1.71178 1.71158 1.762 1.67622 1.72852 1.72731
