1.74484 1.67602 1.82518 1.73659 1.69039 1.7276 1.7543 1.77242 1.68874 1.77998 1.78021 1.77923 1.74954 1.69892 1.71221 1.78365 1.77938 1.76052 1.78152 1.76052 1.74222 1.72789 1.78239 1.71712 1.73895 1.82822 1.77153 1.77127 1.79509 1.76716 1.7986 1.8218 1.76359 1.79773 1.78919 1.79922 1.7701 1.81261 1.76018 1.62703 1.75924 1.67211 1.79298 1.80633 1.79273 1.82604 1.73854 1.77532 1.75992
1.6985 1.60673 1.70425 1.80233 1.75024 1.56706 1.62967 1.8085 1.74656 1.7181 1.57881 1.55104 1.6843 1.74391 1.79614 1.67376 1.79825 1.7538 1.76645 1.56876 1.74778 1.79409 1.64008 1.67007 1.6389 1.73136 1.73484 1.66348 1.77211 1.70299 1.73136 1.6924 1.7681 1.78964 1.67856 1.67482 1.65622 1.62548 1.62787 1.72964 1.66197 1.67409 1.60962 1.77566 1.66351 1.669 1.71548 1.71728 1.64826 1.81877 1.67695 1.75418 1.65902 1.83873 1.74569 1.74417
1.81637 1.77369 1.81025 1.74465 1.76709 1.69454 1.78156 1.72658 1.80252 1.77507 1.75971 1.79355 1.74496 1.73029 1.69865 1.73216 1.68387 1.74837 1.76524 1.81251 1.79025 1.82447 1.82318 1.71105 1.74739 1.72875 1.76408 1.71717 1.72636 1.75715 1.7735 1.81073 1.68451 1.80526 1.78747 1.75946 1.69164 1.64249 1.83232 1.75536 1.79512 1.79734
1.74597 1.69925 1.75444 1.77274 1.73752 1.74044 1.79542 1.71883 1.81374 1.76627 1.59533 1.83692 1.80268 1.79191 1.74993 1.70501 1.80767 1.70494 1.78961 1.73402 1.78969 1.75433 1.76405 1.73735 1.68495 1.72534 1.82017 1.75875 1.75234 1.79344 1.77855 1.65404 1.70924 1.75145 1.78511 1.8325 1.72705 1.76982 1.83949 1.8185 1.80272 1.71333 1.74921 1.78809 1.77043 1.7309 1.72639 1.73323 1.78513
1.78175 1.70436 1.73006 1.80466 1.76451 1.70249 1.69091 1.72522 1.64449 1.74439 1.75919 1.69833 1.71083 1.76816 1.74569 1.63017 1.718 1.6707 1.82561 1.62709 1.79606 1.71903 1.7278 1.76585 1.72156 1.75597 1.65388 1.67221 1.76402 1.74358 1.71578 1.69949 1.69552 1.78985 1.76825 1.68994 1.84288 1.71788 1.78238 1.75304 1.74582 1.76343 1.74622 1.78398 1.83535 1.74706 1.84986 1.81469 1.76693 1.72374 1.80647 1.77194 1.7472 1.75819 1.7488 1.76593 1.6786 1.75736 1.82229 1.70004 1.5939 1.64662 1.77633 1.6532 1.73434
1.74007 1.74932 1.79158 1.76609 1.72064 1.81895 1.76298 1.73787 1.74109 1.79323 1.71003 1.74693 1.80052 1.62128 1.81824 1.72827 1.761 1.80886 1.7631 1.72455 1.66614 1.7162 1.67964 1.84895 1.73528 1.78806 1.80018 1.76255 1.75216 1.79605 1.77278 1.72429 1.73037 1.73379 1.75635 1.67746 1.70403 1.71963 1.75929 1.76549 1.76578 1.80483 1.78394 1.60811 1.72599 1.76515 1.76039 1.70489 1.74091 1.74492 1.76643 1.75563 1.66466 1.75074 1.69161 1.66466 1.77291 1.75445 1.7505 1.83442 1.72625 1.72828 1.78205 1.77241 1.64852 1.77106 1.7901 1.84511 1.71446 1.74522 1.69213
1.78287 1.80408 1.81777 1.80079 1.7435 1.61574 1.64512 1.68049 1.70844 1.73068 1.70962 1.60732 1.79881 1.65031 1.7044 1.68905 1.71266 1.83294 1.59861 1.80705 1.78276 1.73523 1.6318 1.73801 1.69211 1.68694 1.74391 1.59921 1.70939 1.84112 1.67572 1.68598 1.72275 1.77906 1.66138 1.51792 1.59459
1.7759 1.74796 1.74958 1.82512 1.81718 1.75517 1.75015 1.81887 1.77649 1.68727 1.74918 1.77445 1.71607 1.82267 1.79004 1.79987 1.75317 1.73732 1.6957 1.79386 1.73295 1.82784 1.78286 1.81734 1.82237 1.78047 1.81229 1.74596 1.76309 1.79749 1.73094 1.63129 1.83041 1.80037 1.77586 1.8043 1.78464 1.83151 1.76334 1.72568 1.78901 1.75583 1.76691 1.82074 1.80863 1.7563 1.84138 1.76933 1.82688 1.73096 1.84172
1.75432 1.73967 1.76399 1.77308 1.81517 1.75072 1.76555 1.75081 1.75486 1.68023 1.76464 1.72096 1.71756 1.56543 1.74034 1.80893 1.67236 1.70888 1.76886 1.56196 1.69369 1.65388 1.76333 1.6893 1.70672 1.73771 1.67132 1.77657 1.72636 1.74544 1.70259 1.77073 1.68437 1.77418 1.81037 1.83634 1.78927 1.7433 1.6617 1.58454 1.79934 1.58198 1.73397 1.64963 1.73257 1.74945 1.70577 1.76765 1.75556 1.79129 1.57263 1.77297 1.77988
1.66678 1.71302 1.78525 1.79975 1.75487 1.8237 1.77881 1.83856 1.81915 1.75393 1.76018 1.80967 1.78192 1.7273 1.77527 1.76167 1.74023 1.73803 1.75231 1.79896 1.79782 1.77975 1.75357 1.80897 1.75918 1.76318 1.70365 1.72262 1.7355 1.7664 1.75322 1.75999 1.78178 1.83422 1.61457 1.70764 1.819 1.78767 1.79073 1.76182 1.72649 1.72624 1.72901 1.79609 1.75118 1.77017 1.80648 1.78835 1.77284
1.69612 1.74599 1.7572 1.80145 1.67083 1.76536 1.7572 1.7326 1.75748 1.77682 1.77504 1.81525 1.72854 1.79651 1.79403 1.67384 1.76518 1.7329 1.66464 1.69312 1.7102 1.81178 1.70682 1.79465 1.81156 1.67509 1.75491 1.75892 1.6589 1.71806 1.81897 1.76508 1.7295 1.83045 1.74536 1.67257 1.71164 1.67455 1.70643 1.69707 1.70134 1.74098 1.80845 1.78689 1.775 1.7827 1.78561 1.73577 1.78822 1.79365 1.53077 1.74521 1.75487 1.76989 1.79393 1.75604 1.6907 1.68027 1.75361 1.7697 1.7321 1.68721
1.73729 1.79416 1.76526 1.75171 1.80403 1.77994 1.77148 1.73907 1.69967 1.80856 1.7791 1.80418 1.82099 1.75737 1.78462 1.80352 1.79374 1.78153 1.77323 1.80229 1.76277 1.78225 1.77188 1.78028 1.77375 1.79047 1.80365 1.76469 1.77808 1.75419 1.70931 1.75205 1.7582 1.77941 1.79067 1.82631 1.80327 1.79071 1.74998 1.77577 1.77156
1.7844 1.75171 1.79409 1.71046 1.57308 1.67868 1.64813 1.79169 1.66733 1.63696 1.72166 1.7457 1.77499 1.7103 1.77379 1.74292 1.71629 1.68858 1.6791 1.74696 1.732 1.73806 1.81188 1.69207 1.753 1.70389 1.7853 1.7437 1.69463 1.70555 1.70977 1.71962 1.78194 1.76227 1.75432 1.77128 1.76296 1.75577 1.78723 1.77866 1.76397 1.77138 1.81319 1.7131 1.81856 1.80283 1.65941 1.74639 1.69908 1.75578 1.77505 1.77042
1.63057 1.8048 1.55975 1.71652 1.72971 1.71636 1.66771 1.76073 1.79528 1.6443 1.75963 1.75877 1.76596 1.75089 1.73734 1.73291 1.77943 1.71847 1.65893 1.72283 1.73287 1.73355 1.59978 1.8178 1.82732 1.71872 1.73795 1.73873 1.72738 1.78303 1.7673 1.55103 1.66179 1.71227 1.72781 1.83376 1.64695 1.70953 1.74687 1.71144 1.79262 1.72321 1.65691 1.70822 1.71721 1.69537 1.72644 1.80693 1.63007 1.82908 1.74289 1.83512 1.7427 1.81087 1.77617
1.81143 1.69332 1.7603 1.79957 1.76394 1.76915 1.78941 1.71019 1.75331 1.7438 1.71489 1.78966 1.75743 1.75817 1.79357 1.76689 1.75034 1.75193 1.74364 1.776 1.80315 1.69269 1.77472 1.75326 1.59769 1.78246 1.7046 1.84514 1.77589 1.80096 1.81663 1.83942 1.76669 1.77288 1.82888 1.73859 1.76918 1.8144 1.73859 1.76441 1.70872 1.78032 1.80672 1.62771
1.80585 1.78343 1.74835 1.78002 1.75018 1.73758 1.82561 1.75699 1.65606 1.74043 1.78489 1.75658 1.76536 1.79056 1.71532 1.75156 1.76537 1.79065 1.81315 1.75305 1.75028 1.65042 1.78333 1.71995 1.74726 1.69682 1.781 1.72398 1.72501 1.79362 1.71245 1.80902 1.71708 1.76531 1.8083 1.77052 1.79396 1.76237 1.72819 1.76109 1.79164 1.68586 1.78586 1.70209 1.7906
1.78052 1.79719 1.78962 1.80182 1.79847 1.75457 1.7185 1.80254 1.78059 1.74465 1.79926 1.73441 1.78383 1.6758 1.76798 1.76982 1.80753 1.65196 1.70703 1.72262 1.72262 1.72907 1.72774 1.76268 1.6785 1.71649 1.76034 1.67583 1.77174 1.80544 1.81038 1.81631 1.77794 1.80653 1.68753 1.81756 1.71605 1.77443 1.78713 1.76883 1.76067 1.68383 1.75707 1.79493 1.80487 1.74784 1.80481 1.80973 1.76448 1.69928 1.78197 1.76772 1.79943 1.79096 1.71457 1.7974 1.70201 1.7923 1.80329 1.781 1.63276 1.72868 1.7395 1.79066 1.81096 1.7893 1.77078 1.66343 1.7421 1.74939
