1.74597 1.69925 1.75444 1.77274 1.73752 1.74044 1.79542 1.71883 1.81374 1.76627 1.59533 1.83692 1.80268 1.79191 1.74993 1.70501 1.80767 1.70494 1.78961 1.73402 1.78969 1.75433 1.76405 1.73735 1.68495 1.72534 1.82017 1.75875 1.75234 1.79344 1.77855 1.65404 1.70924 1.75145 1.78511 1.8325 1.72705 1.76982 1.83949 1.8185 1.80272 1.71333 1.74921 1.78809 1.77043 1.7309 1.72639 1.73323 1.78513
1.75376 1.74108 1.74624 1.77461 1.72434 1.79891 1.66684 1.81216 1.77494 1.80501 1.80373 1.78925 1.77067 1.78949 1.6881 1.75311 1.79919 1.77795 1.72807 1.75157 1.69522 1.75425 1.72811 1.68208 1.69836 1.75596 1.77973 1.80881 1.83424 1.75167 1.75069 1.75553 1.70319 1.72736 1.73206 1.77017 1.57625 1.69635 1.8207 1.71384 1.8013 1.7289 1.72189 1.78121 1.74071 1.7024 1.77086 1.78591 1.80282 1.76906 1.78131 1.72814 1.77626 1.78484 1.8055 1.83691 1.82528 1.78395 1.74849 1.75423 1.76953 1.80836 1.69912
1.81143 1.69332 1.7603 1.79957 1.76394 1.76915 1.78941 1.71019 1.75331 1.7438 1.71489 1.78966 1.75743 1.75817 1.79357 1.76689 1.75034 1.75193 1.74364 1.776 1.80315 1.69269 1.77472 1.75326 1.59769 1.78246 1.7046 1.84514 1.77589 1.80096 1.81663 1.83942 1.76669 1.77288 1.82888 1.73859 1.76918 1.8144 1.73859 1.76441 1.70872 1.78032 1.80672 1.62771
1.7782 1.78356 1.77904 1.62778 1.79199 1.73823 1.76617 1.67182 1.69786 1.67973 1.75386 1.70944 1.81128 1.8015 1.8181 1.77137 1.84358 1.74061 1.79221 1.81423 1.59937 1.8121 1.76863 1.82684 1.8127 1.70269 1.76285 1.75182 1.7575 1.69527 1.75942 1.70046 1.7736 1.81321 1.79745 1.69021 1.61387 1.78003 1.59254 1.75007 1.67259 1.75288 1.81548 1.82735 1.77881 1.80089 1.72563 1.80494 1.73606 1.72895 1.73849 1.77962 1.71574
1.6985 1.60673 1.70425 1.80233 1.75024 1.56706 1.62967 1.8085 1.74656 1.7181 1.57881 1.55104 1.6843 1.74391 1.79614 1.67376 1.79825 1.7538 1.76645 1.56876 1.74778 1.79409 1.64008 1.67007 1.6389 1.73136 1.73484 1.66348 1.77211 1.70299 1.73136 1.6924 1.7681 1.78964 1.67856 1.67482 1.65622 1.62548 1.62787 1.72964 1.66197 1.67409 1.60962 1.77566 1.66351 1.669 1.71548 1.71728 1.64826 1.81877 1.67695 1.75418 1.65902 1.83873 1.74569 1.74417
1.73659 1.80781 1.75544 1.76463 1.61104 1.77888 1.78153 1.85774 1.79723 1.70738 1.76047 1.77573 1.74556 1.7823 1.75978 1.73099 1.68407 1.83081 1.7418 1.81648 1.66458 1.76366 1.77521 1.72586 1.72846 1.76835 1.80009 1.78652 1.72245 1.82568 1.72118 1.76143 1.79683 1.77061 1.69731 1.7587 1.86819 1.76926 1.85017 1.80721 1.76608 1.71039 1.69194
1.78175 1.70436 1.73006 1.80466 1.76451 1.70249 1.69091 1.72522 1.64449 1.74439 1.75919 1.69833 1.71083 1.76816 1.74569 1.63017 1.718 1.6707 1.82561 1.62709 1.79606 1.71903 1.7278 1.76585 1.72156 1.75597 1.65388 1.67221 1.76402 1.74358 1.71578 1.69949 1.69552 1.78985 1.76825 1.68994 1.84288 1.71788 1.78238 1.75304 1.74582 1.76343 1.74622 1.78398 1.83535 1.74706 1.84986 1.81469 1.76693 1.72374 1.80647 1.77194 1.7472 1.75819 1.7488 1.76593 1.6786 1.75736 1.82229 1.70004 1.5939 1.64662 1.77633 1.6532 1.73434
1.74007 1.74932 1.79158 1.76609 1.72064 1.81895 1.76298 1.73787 1.74109 1.79323 1.71003 1.74693 1.80052 1.62128 1.81824 1.72827 1.761 1.80886 1.7631 1.72455 1.66614 1.7162 1.67964 1.84895 1.73528 1.78806 1.80018 1.76255 1.75216 1.79605 1.77278 1.72429 1.73037 1.73379 1.75635 1.67746 1.70403 1.71963 1.75929 1.76549 1.76578 1.80483 1.78394 1.60811 1.72599 1.76515 1.76039 1.70489 1.74091 1.74492 1.76643 1.75563 1.66466 1.75074 1.69161 1.66466 1.77291 1.75445 1.7505 1.83442 1.72625 1.72828 1.78205 1.77241 1.64852 1.77106 1.7901 1.84511 1.71446 1.74522 1.69213
1.75432 1.73967 1.76399 1.77308 1.81517 1.75072 1.76555 1.75081 1.75486 1.68023 1.76464 1.72096 1.71756 1.56543 1.74034 1.80893 1.67236 1.70888 1.76886 1.56196 1.69369 1.65388 1.76333 1.6893 1.70672 1.73771 1.67132 1.77657 1.72636 1.74544 1.70259 1.77073 1.68437 1.77418 1.81037 1.83634 1.78927 1.7433 1.6617 1.58454 1.79934 1.58198 1.73397 1.64963 1.73257 1.74945 1.70577 1.76765 1.75556 1.79129 1.57263 1.77297 1.77988
1.72453 1.45613 1.60808 1.79591 1.82137 1.72835 1.6709 1.79056 1.62407 1.76912 1.80919 1.70968 1.73926 1.69694 1.75328 1.80227 1.76267 1.78746 1.72164 1.72709 1.76483 1.78647 1.74824 1.70071 1.75786 1.80698 1.76081 1.73836 1.75924 1.62077 1.72047 1.763 1.76705 1.79505 1.62239 1.79737 1.72385 1.7303 1.75649 1.81768 1.72296 1.78578 1.77415 1.78559 1.76924 1.77467 1.70683 1.77794 1.82682 1.61512 1.75585 1.79064 1.77733 1.60793 1.78876 1.73302 1.69895
1.79128 1.65296 1.76321 1.66261 1.7899 1.65564 1.69555 1.67931 1.70855 1.66649 1.66449 1.83947 1.76969 1.52584 1.67818 1.77729 1.76181 1.61427 1.70887 1.76888 1.65709 1.556 1.67826 1.8479 1.65863 1.63631 1.74571 1.7034 1.68106 1.54298 1.66774 1.76513 1.68218 1.65959 1.60921 1.73697 1.68418 1.68134 1.67514 1.62386 1.62432 1.71298 1.76536 1.65299 1.76455 1.63328 1.64844 1.63474 1.75594 1.69205 1.65021 1.76856 1.65933 1.74661 1.66458 1.62839
1.81637 1.77369 1.81025 1.74465 1.76709 1.69454 1.78156 1.72658 1.80252 1.77507 1.75971 1.79355 1.74496 1.73029 1.69865 1.73216 1.68387 1.74837 1.76524 1.81251 1.79025 1.82447 1.82318 1.71105 1.74739 1.72875 1.76408 1.71717 1.72636 1.75715 1.7735 1.81073 1.68451 1.80526 1.78747 1.75946 1.69164 1.64249 1.83232 1.75536 1.79512 1.79734
1.66678 1.71302 1.78525 1.79975 1.75487 1.8237 1.77881 1.83856 1.81915 1.75393 1.76018 1.80967 1.78192 1.7273 1.77527 1.76167 1.74023 1.73803 1.75231 1.79896 1.79782 1.77975 1.75357 1.80897 1.75918 1.76318 1.70365 1.72262 1.7355 1.7664 1.75322 1.75999 1.78178 1.83422 1.61457 1.70764 1.819 1.78767 1.79073 1.76182 1.72649 1.72624 1.72901 1.79609 1.75118 1.77017 1.80648 1.78835 1.77284
1.78785 1.78419 1.67246 1.75947 1.786 1.79915 1.7808 1.76452 1.76528 1.78496 1.74217 1.76557 1.7821 1.70913 1.75915 1.82227 1.77009 1.80822 1.82682 1.77435 1.80883 1.80154 1.70862 1.7577 1.78951 1.72293 1.79036 1.7248 1.7302 1.6612 1.78357 1.76454 1.69904 1.77958 1.75351 1.82032 1.64783 1.74201 1.69862 1.75952 1.8155 1.78996 1.73816 1.75376 1.77677 1.82745 1.72687 1.60431 1.76711 1.74138 1.7501 1.70544
