1.68692 1.7791 1.63446 1.73721 1.76921 1.74527 1.71066 1.74419 1.68845 1.77338 1.77221 1.71621 1.78189 1.80391 1.81944 1.77655 1.75551 1.7455 1.79481 1.74207 1.72693 1.67718 1.71198 1.71871 1.64826 1.79048 1.72736 1.70653 1.70309 1.81679 1.70933 1.63198 1.75768 1.79845 1.79888 1.72416 1.68324 1.80098 1.70021 1.79863 1.75044 1.78292 1.76887 1.75824 1.77994 1.79035 1.75522 1.71938 1.7689 1.70373 1.72877
1.7162 1.7225 1.77715 1.66698 1.67184 1.77291 1.74519 1.64483 1.77212 1.71491 1.71415 1.7785 1.69515 1.69617 1.61141 1.73505 1.72646 1.66747 1.61405 1.71912 1.6791 1.8092 1.79661 1.74938 1.6931 1.7703 1.68969 1.71698 1.79671 1.86599 1.7718 1.75675 1.7281 1.68972 1.80102 1.70565 1.71162 1.76447 1.71219 1.79938 1.76222 1.68641 1.70174 1.71088 1.66669 1.71886 1.77902 1.69865
1.78642 1.80955 1.84629 1.79518 1.78676 1.79518 1.79109 1.7448 1.81397 1.77569 1.80841 1.79769 1.79909 1.81358 1.79169 1.79909 1.7564 1.69154 1.81116 1.80504 1.74776 1.75809 1.81652 1.82616 1.79132 1.82579 1.79042 1.78576 1.81944 1.80443 1.80335 1.81293 1.80705 1.84095 1.82795 1.84794 1.84319 1.75852 1.79712 1.82872 1.80832 1.82432 1.7962 1.79889 1.7289 1.77969 1.79119 1.83258 1.80665 1.72674
1.77829 1.78603 1.76927 1.79992 1.81435 1.81275 1.81936 1.79572 1.74955 1.81046 1.77318 1.77006 1.79944 1.7834 1.82219 1.8231 1.74674 1.7576 1.71286 1.68226 1.77638 1.85853 1.75975 1.75824 1.76263 1.75769 1.79622 1.77219 1.83943 1.78113 1.83444 1.79686 1.77585 1.83076 1.81369 1.82042 1.76863 1.82244 1.79422 1.71672 1.76675 1.79486 1.73194 1.77335 1.79122 1.84099 1.72576 1.80089 1.75188 1.81633
1.74722 1.81922 1.82913 1.77368 1.77873 1.80948 1.81264 1.82706 1.81697 1.77592 1.83655 1.80284 1.81278 1.82359 1.81139 1.80705 1.75053 1.79742 1.82451 1.74027 1.79711 1.75861 1.74959 1.70589 1.80289 1.84056 1.83229 1.74959 1.81607 1.80694 1.82562 1.81591 1.76336 1.79076 1.80296 1.76011 1.77238 1.75135 1.72028 1.77834 1.79174 1.82115 1.81591 1.81936 1.7769 1.78462 1.85752 1.74132 1.82371 1.82063 1.83015 1.77695 1.80276 1.78821
1.82398 1.81038 1.72322 1.83399 1.68963 1.77073 1.81234 1.84723 1.74756 1.80641 1.80443 1.792 1.84304 1.83595 1.8112 1.80489 1.81808 1.80489 1.81147 1.85136 1.8054 1.74081 1.80951 1.82095 1.79848 1.83437 1.80109 1.7263 1.79968 1.80284 1.79404 1.76416 1.82316 1.75556 1.71059 1.78544 1.81415 1.83203 1.82384 1.81967 1.82033 1.82052 1.75914 1.80178 1.83761 1.78477 1.84421 1.81053 1.66786 1.8271 1.74908 1.81594 1.8133 1.82301 1.74179 1.85016 1.79377 1.76554 1.80702 1.80286 1.81616 1.81503 1.82924 1.78131 1.8359 1.80725 1.76216
1.79786 1.80764 1.85418 1.79181 1.82616 1.85483 1.83427 1.8293 1.83488 1.84617 1.78705 1.79255 1.85107 1.8372 1.82371 1.66296 1.78568 1.83667 1.80735 1.80005 1.80268 1.77851 1.78941 1.77627 1.82927 1.78997 1.84429 1.79952 1.81354 1.8041 1.80557 1.80354 1.80431 1.83732 1.7951 1.76664 1.82638 1.82126 1.77265 1.82409 1.77026 1.79029 1.79838 1.79126 1.81949 1.77691 1.80711 1.78684 1.81349 1.82173 1.82258 1.8429 1.83236 1.78326 1.80145 1.83134
1.82237 1.70425 1.57792 1.74469 1.687 1.77262 1.74445 1.76643 1.76484 1.74408 1.68726 1.79229 1.65114 1.73289 1.74435 1.75977 1.8096 1.74177 1.71575 1.71246 1.8149 1.66047 1.77119 1.73395 1.7535 1.73967 1.76058 1.72912 1.83184 1.64577 1.69789 1.77622 1.70145 1.78414 1.74663 1.80971 1.79541 1.70936 1.72785 1.80834 1.76865 1.73404 1.75441 1.80963 1.77458 1.7414 1.73012 1.71983
1.66682 1.81004 1.77296 1.70914 1.71511 1.79834 1.70148 1.69226 1.61608 1.64916 1.75584 1.80996 1.8176 1.68511 1.75294 1.72543 1.74506 1.77438 1.74894 1.7294 1.70418 1.71708 1.72826 1.76631 1.68491 1.75321 1.77995 1.71017 1.80692 1.823 1.80497 1.72766 1.79448 1.74595 1.61562 1.71689 1.72087 1.68717 1.74862 1.71441 1.6673 1.80332 1.78037 1.73175 1.66277 1.76371 1.75538 1.73897
1.7941 1.83494 1.75806 1.83603 1.83959 1.75676 1.7992 1.80465 1.83093 1.79249 1.79344 1.77496 1.79429 1.82577 1.80052 1.79326 1.78509 1.80595 1.80039 1.8143 1.79248 1.80143 1.8067 1.81615 1.83628 1.72615 1.78775 1.82976 1.7984 1.83741 1.77651 1.80442 1.8006 1.78762 1.7874 1.81246 1.83094 1.81821 1.80431 1.77253 1.81572 1.82725 1.78482 1.8047 1.75434 1.78622 1.79825 1.75799 1.75819 1.77462 1.78106 1.80163 1.81435
1.7306 1.77682 1.61561 1.53057 1.53075 1.73346 1.7578 1.76639 1.79403 1.77973 1.8265 1.77744 1.76132 1.73279 1.73216 1.80134 1.78656 1.80592 1.67127 1.73236 1.65151 1.65077 1.74288 1.73849 1.8062 1.69287 1.71365 1.81546 1.77492 1.73533 1.67059 1.74473 1.78566 1.65301 1.74033 1.77401 1.73424 1.6858 1.71925 1.70991 1.77354 1.78723 1.78169 1.69386 1.64997 1.66286 1.80114 1.75553 1.76921
1.7862 1.78376 1.79273 1.82243 1.81461 1.79544 1.80678 1.78251 1.81427 1.81696 1.76023 1.82432 1.81764 1.80697 1.79192 1.80313 1.80752 1.80932 1.78162 1.80113 1.83818 1.76946 1.81559 1.83767 1.8545 1.78711 1.83767 1.82304 1.82387 1.82608 1.78711 1.83307 1.78938 1.79841 1.78711 1.82257 1.79827 1.79167 1.81439 1.82988 1.79568 1.76572 1.836 1.82625 1.80799 1.82897 1.81762 1.76361 1.80618 1.80415 1.81573 1.79563 1.83221 1.82456 1.78332 1.80134 1.8163
1.83883 1.83137 1.73271 1.80915 1.84329 1.81287 1.83534 1.82833 1.82764 1.8637 1.8429 1.83703 1.81298 1.84582 1.79435 1.83512 1.84311 1.79106 1.82243 1.81363 1.83055 1.75274 1.80822 1.79815 1.84868 1.84544 1.84048 1.8069 1.83503 1.82574 1.7981 1.82592 1.8443 1.84092 1.82513 1.80276 1.79492 1.80477 1.80221 1.8227 1.84532 1.80237 1.79727 1.80376 1.80802 1.84354 1.8227 1.78665 1.83113
1.80171 1.73807 1.77963 1.74227 1.83813 1.81556 1.77918 1.78665 1.78592 1.83611 1.80654 1.80559 1.82283 1.80613 1.82957 1.79559 1.78426 1.7959 1.84149 1.80348 1.84298 1.81526 1.84145 1.84159 1.80486 1.81202 1.81274 1.73587 1.79507 1.84279 1.80236 1.79759 1.76674 1.6911 1.83997 1.84619 1.84684 1.64394 1.81772 1.81957 1.8303 1.82649 1.61606 1.79843 1.79509 1.8067 1.79956 1.76512 1.79319 1.85126 1.79568
1.7443 1.7793 1.76618 1.75088 1.76765 1.72221 1.69398 1.735 1.8182 1.78061 1.75028 1.78533 1.83761 1.69008 1.67406 1.776 1.56213 1.83243 1.83695 1.75993 1.79089 1.78934 1.74323 1.81568 1.71365 1.65944 1.79403 1.74514 1.67688 1.7997 1.76972 1.7228 1.76496 1.69283 1.77 1.84338 1.82549 1.76431 1.824
1.72291 1.82122 1.74167 1.75595 1.80983 1.77103 1.80866 1.7849 1.62153 1.68892 1.70313 1.78303 1.78729 1.79922 1.74004 1.74805 1.74788 1.77938 1.74626 1.75234 1.7978 1.73388 1.75425 1.78565 1.66084 1.8066 1.80219 1.7729 1.80601 1.75255 1.7011 1.77282 1.85973 1.82132 1.82023 1.72436 1.8046
1.76165 1.82204 1.81807 1.80342 1.72506 1.81879 1.78349 1.82973 1.82625 1.80909 1.81384 1.82425 1.77447 1.76892 1.73923 1.80552 1.76938 1.81994 1.81289 1.79027 1.82324 1.84567 1.80787 1.79965 1.77957 1.82667 1.83753 1.81402 1.83518 1.81435 1.83207 1.72983 1.82668 1.83077 1.81072 1.83642 1.78388 1.79999 1.80646 1.75464 1.85244 1.78345 1.67354 1.81112 1.83421 1.7872 1.79473 1.7407 1.79692 1.83166 1.69297 1.78356 1.71839 1.77003 1.69941 1.81863 1.77431 1.74227 1.80466 1.82956 1.76738 1.79784 1.84479 1.75926 1.83495 1.75631 1.79985 1.83127 1.84754 1.80207 1.84505 1.83307 1.80058 1.7874 1.77201 1.74956 1.69045 1.8034
1.76302 1.77521 1.80132 1.76161 1.76763 1.73174 1.7128 1.77521 1.83004 1.73208 1.83555 1.82764 1.75018 1.82219 1.81596 1.8349 1.8071 1.84415 1.83408 1.73845 1.83738 1.79487 1.81477 1.79018 1.82582 1.83891 1.67033 1.76703 1.83891 1.83202 1.84056 1.77557 1.8283 1.81033 1.77696 1.80705 1.83588 1.83312 1.83803 1.80161 1.82971 1.83245 1.78998 1.8073 1.82972
1.7942 1.77087 1.82928 1.78278 1.81824 1.77076 1.79273 1.7752 1.75167 1.80642 1.79388 1.85433 1.75135 1.76231 1.74847 1.81538 1.74073 1.80702 1.75481 1.80698 1.7486 1.78061 1.78541 1.77162 1.76567 1.79827 1.81624 1.83938 1.79834 1.78427 1.82157 1.80618 1.80336 1.82553 1.841 1.77936 1.81867 1.7922 1.81985 1.75808 1.80401 1.79812 1.78625 1.77998 1.83208 1.76755
1.81884 1.82113 1.8084 1.75354 1.82031 1.79621 1.83694 1.74119 1.76664 1.81713 1.81557 1.80514 1.80937 1.73774 1.79984 1.7811 1.7758 1.81023 1.75641 1.78338 1.68182 1.78907 1.74252 1.8158 1.78222 1.83583 1.8243 1.78899 1.77607 1.81696 1.79826 1.81064 1.79933 1.78476 1.82795 1.82779 1.76845 1.69543 1.83867 1.83403 1.84761 1.75604 1.81047 1.78294 1.82098 1.79913 1.82025 1.81508 1.80926 1.80863 1.79252 1.76157 1.81133 1.78213 1.80544 1.79264 1.80455 1.80332 1.79284 1.77537
1.77961 1.86024 1.81089 1.83471 1.78457 1.69581 1.83804 1.79944 1.79658 1.83028 1.77497 1.80911 1.74035 1.76179 1.76842 1.80148 1.81923 1.77653 1.7843 1.73844 1.8043 1.81235 1.75741 1.7785 1.7619 1.75852 1.74304 1.73874 1.7408 1.71989 1.64923 1.80474 1.7951 1.72522 1.76448 1.78067 1.79478 1.80703 1.67034 1.75205 1.80646 1.76227 1.8265 1.79084 1.69117 1.74867 1.80824 1.78258 1.82029 1.72225 1.72498 1.70745 1.76952 1.65987 1.78343
1.79077 1.82857 1.81689 1.83181 1.82306 1.73399 1.81553 1.77935 1.81253 1.84235 1.79764 1.82398 1.83239 1.65303 1.78246 1.76023 1.81856 1.72704 1.72704 1.82799 1.77097 1.81973 1.7661 1.81408 1.75874 1.73005 1.81443 1.75713 1.76596 1.76379 1.80634 1.79816 1.82418 1.82828 1.82316 1.83552 1.82208 1.84067 1.81475 1.83513 1.81202 1.79328 1.79957 1.85677 1.82684 1.78825
1.79239 1.73641 1.78995 1.79491 1.83492 1.67015 1.79025 1.77226 1.64051 1.81225 1.73561 1.71221 1.79269 1.62702 1.79554 1.71963 1.75238 1.76641 1.67129 1.76455 1.70191 1.81621 1.77401 1.77603 1.78947 1.78139 1.6855 1.77243 1.75818 1.77218 1.76294 1.60517 1.73133 1.81887 1.80988 1.65401 1.76179 1.73683 1.72224 1.84519 1.7472 1.79761 1.66385 1.72559 1.63717 1.72157 1.78812 1.77 1.81611 1.80527 1.82623
