1.6893 1.76042 1.77597 1.7757 1.74155 1.70827 1.72029 1.69409 1.80147 1.76284 1.79943 1.76686 1.7954 1.76916 1.75214 1.78048 1.77312 1.75697 1.73381 1.7586 1.78065 1.79758 1.83868 1.82613 1.78463 1.7994 1.78504 1.77052 1.72596 1.74705 1.69443 1.7707 1.76131 1.8439 1.6936 1.72767 1.80247 1.54307 1.76498 1.79657 1.80143 1.79941 1.73354 1.68535 1.74939 1.83259 1.75257
1.79001 1.66759 1.73575 1.66725 1.81009 1.7524 1.75079 1.6388 1.75185 1.72111 1.71586 1.72838 1.72194 1.77981 1.75765 1.71226 1.6929 1.78779 1.73927 1.69833 1.77785 1.71918 1.67049 1.73193 1.71786 1.7976 1.71691 1.73091 1.74341 1.76853 1.78393 1.60663 1.75081 1.80164 1.81874 1.7811 1.76794 1.76132 1.63728 1.72167 1.78446 1.68383 1.72319 1.79304 1.62026 1.78032
1.7162 1.7225 1.77715 1.66698 1.67184 1.77291 1.74519 1.64483 1.77212 1.71491 1.71415 1.7785 1.69515 1.69617 1.61141 1.73505 1.72646 1.66747 1.61405 1.71912 1.6791 1.8092 1.79661 1.74938 1.6931 1.7703 1.68969 1.71698 1.79671 1.86599 1.7718 1.75675 1.7281 1.68972 1.80102 1.70565 1.71162 1.76447 1.71219 1.79938 1.76222 1.68641 1.70174 1.71088 1.66669 1.71886 1.77902 1.69865
1.73656 1.78494 1.79047 1.80634 1.79885 1.81978 1.74608 1.83311 1.76247 1.80232 1.82654 1.80928 1.81121 1.74028 1.83699 1.8107 1.79239 1.82832 1.81187 1.81804 1.83089 1.82456 1.8489 1.82062 1.84026 1.81115 1.81162 1.78829 1.8493 1.83922 1.80491 1.82805 1.83077 1.84329 1.79742 1.77936 1.77728 1.83301 1.82914 1.81062 1.82818 1.77056 1.82581 1.82477 1.76545 1.77949 1.82276 1.73447 1.81059 1.84158 1.80344 1.79577 1.79209 1.81524 1.79589 1.78876
1.79786 1.80764 1.85418 1.79181 1.82616 1.85483 1.83427 1.8293 1.83488 1.84617 1.78705 1.79255 1.85107 1.8372 1.82371 1.66296 1.78568 1.83667 1.80735 1.80005 1.80268 1.77851 1.78941 1.77627 1.82927 1.78997 1.84429 1.79952 1.81354 1.8041 1.80557 1.80354 1.80431 1.83732 1.7951 1.76664 1.82638 1.82126 1.77265 1.82409 1.77026 1.79029 1.79838 1.79126 1.81949 1.77691 1.80711 1.78684 1.81349 1.82173 1.82258 1.8429 1.83236 1.78326 1.80145 1.83134
1.80149 1.83028 1.77154 1.82961 1.80884 1.82676 1.79592 1.8424 1.79466 1.80573 1.83155 1.81541 1.80451 1.80685 1.80989 1.82172 1.78309 1.77752 1.84397 1.84129 1.81098 1.81888 1.85279 1.79873 1.74777 1.7781 1.84312 1.82041 1.80697 1.82844 1.82351 1.71173 1.83323 1.7903 1.62543 1.83539 1.81481 1.7586 1.84623 1.82512 1.80014 1.81987 1.81088 1.84998 1.80841 1.79424 1.77966 1.81462 1.75937 1.81559 1.79381 1.82744 1.80773
1.83883 1.83137 1.73271 1.80915 1.84329 1.81287 1.83534 1.82833 1.82764 1.8637 1.8429 1.83703 1.81298 1.84582 1.79435 1.83512 1.84311 1.79106 1.82243 1.81363 1.83055 1.75274 1.80822 1.79815 1.84868 1.84544 1.84048 1.8069 1.83503 1.82574 1.7981 1.82592 1.8443 1.84092 1.82513 1.80276 1.79492 1.80477 1.80221 1.8227 1.84532 1.80237 1.79727 1.80376 1.80802 1.84354 1.8227 1.78665 1.83113
1.7306 1.77682 1.61561 1.53057 1.53075 1.73346 1.7578 1.76639 1.79403 1.77973 1.8265 1.77744 1.76132 1.73279 1.73216 1.80134 1.78656 1.80592 1.67127 1.73236 1.65151 1.65077 1.74288 1.73849 1.8062 1.69287 1.71365 1.81546 1.77492 1.73533 1.67059 1.74473 1.78566 1.65301 1.74033 1.77401 1.73424 1.6858 1.71925 1.70991 1.77354 1.78723 1.78169 1.69386 1.64997 1.66286 1.80114 1.75553 1.76921
1.7941 1.83494 1.75806 1.83603 1.83959 1.75676 1.7992 1.80465 1.83093 1.79249 1.79344 1.77496 1.79429 1.82577 1.80052 1.79326 1.78509 1.80595 1.80039 1.8143 1.79248 1.80143 1.8067 1.81615 1.83628 1.72615 1.78775 1.82976 1.7984 1.83741 1.77651 1.80442 1.8006 1.78762 1.7874 1.81246 1.83094 1.81821 1.80431 1.77253 1.81572 1.82725 1.78482 1.8047 1.75434 1.78622 1.79825 1.75799 1.75819 1.77462 1.78106 1.80163 1.81435
1.82973 1.80739 1.77539 1.7841 1.80254 1.84423 1.81157 1.81301 1.81196 1.83038 1.81472 1.82283 1.82224 1.78492 1.79033 1.81534 1.8117 1.80337 1.78558 1.79674 1.83272 1.80403 1.84938 1.79629 1.84042 1.67066 1.8047 1.81349 1.81063 1.81298 1.81462 1.81381 1.79547 1.83419 1.83407 1.84693 1.80577 1.74658 1.82781 1.81523 1.8362 1.79177 1.83708 1.82407 1.8041 1.77952 1.80909 1.74021 1.79901 1.77922 1.8332 1.83264 1.83135 1.79597 1.80911 1.77024 1.77027 1.8271
1.72291 1.82122 1.74167 1.75595 1.80983 1.77103 1.80866 1.7849 1.62153 1.68892 1.70313 1.78303 1.78729 1.79922 1.74004 1.74805 1.74788 1.77938 1.74626 1.75234 1.7978 1.73388 1.75425 1.78565 1.66084 1.8066 1.80219 1.7729 1.80601 1.75255 1.7011 1.77282 1.85973 1.82132 1.82023 1.72436 1.8046
1.79334 1.80533 1.80143 1.77812 1.82197 1.82497 1.7884 1.82184 1.79025 1.7852 1.73161 1.80654 1.82057 1.81568 1.80042 1.84142 1.84867 1.78963 1.82728 1.81013 1.82776 1.84816 1.81645 1.86122 1.81173 1.80818 1.82321 1.79456 1.79805 1.81528 1.78224 1.7795 1.8144 1.79956 1.81321 1.81735 1.82073 1.82901 1.79228 1.8284 1.81076 1.78858 1.80249 1.84057 1.83142 1.77273 1.81269 1.82391 1.79987 1.81169 1.79758 1.80165 1.80481 1.7967 1.84583 1.77867 1.77781 1.79738
1.73802 1.82855 1.79974 1.81639 1.76731 1.7881 1.85072 1.83349 1.80836 1.85707 1.82295 1.8078 1.84044 1.83398 1.82279 1.86111 1.80116 1.84755 1.8088 1.84193 1.82906 1.80929 1.74808 1.8428 1.86898 1.84141 1.82005 1.80214 1.79777 1.73013 1.73281 1.83755 1.84993 1.85224 1.84926 1.82004 1.84917 1.80825 1.815 1.85211 1.84724 1.75991 1.83357 1.77536 1.82423
1.66682 1.81004 1.77296 1.70914 1.71511 1.79834 1.70148 1.69226 1.61608 1.64916 1.75584 1.80996 1.8176 1.68511 1.75294 1.72543 1.74506 1.77438 1.74894 1.7294 1.70418 1.71708 1.72826 1.76631 1.68491 1.75321 1.77995 1.71017 1.80692 1.823 1.80497 1.72766 1.79448 1.74595 1.61562 1.71689 1.72087 1.68717 1.74862 1.71441 1.6673 1.80332 1.78037 1.73175 1.66277 1.76371 1.75538 1.73897
1.77961 1.86024 1.81089 1.83471 1.78457 1.69581 1.83804 1.79944 1.79658 1.83028 1.77497 1.80911 1.74035 1.76179 1.76842 1.80148 1.81923 1.77653 1.7843 1.73844 1.8043 1.81235 1.75741 1.7785 1.7619 1.75852 1.74304 1.73874 1.7408 1.71989 1.64923 1.80474 1.7951 1.72522 1.76448 1.78067 1.79478 1.80703 1.67034 1.75205 1.80646 1.76227 1.8265 1.79084 1.69117 1.74867 1.80824 1.78258 1.82029 1.72225 1.72498 1.70745 1.76952 1.65987 1.78343
1.82398 1.81038 1.72322 1.83399 1.68963 1.77073 1.81234 1.84723 1.74756 1.80641 1.80443 1.792 1.84304 1.83595 1.8112 1.80489 1.81808 1.80489 1.81147 1.85136 1.8054 1.74081 1.80951 1.82095 1.79848 1.83437 1.80109 1.7263 1.79968 1.80284 1.79404 1.76416 1.82316 1.75556 1.71059 1.78544 1.81415 1.83203 1.82384 1.81967 1.82033 1.82052 1.75914 1.80178 1.83761 1.78477 1.84421 1.81053 1.66786 1.8271 1.74908 1.81594 1.8133 1.82301 1.74179 1.85016 1.79377 1.76554 1.80702 1.80286 1.81616 1.81503 1.82924 1.78131 1.8359 1.80725 1.76216
1.72699 1.80445 1.8104 1.77638 1.77741 1.80902 1.8144 1.80988 1.80762 1.84291 1.75472 1.79316 1.84117 1.71093 1.65841 1.77242 1.76531 1.83709 1.714 1.80944 1.82445 1.80179 1.73825 1.7669 1.75416 1.69158 1.75285 1.76679 1.77988 1.83527 1.77426 1.7654 1.79943 1.75931 1.75055 1.78636 1.81667 1.83626 1.84425 1.7719 1.77753 1.78829 1.84738 1.73695 1.8199 1.75993 1.79151 1.78611 1.81374 1.79275 1.82343 1.82963 1.81436 1.78076 1.80336 1.80118 1.8005 1.78267 1.77487 1.78591 1.81522
1.74295 1.74782 1.75354 1.66122 1.7558 1.77731 1.64869 1.796 1.77636 1.75627 1.67611 1.75825 1.74258 1.7466 1.71947 1.81591 1.72699 1.80359 1.79249 1.58784 1.77498 1.7275 1.77041 1.77824 1.72967 1.81141 1.69626 1.83888 1.68037 1.71061 1.81532 1.76804 1.74333 1.77397 1.66041 1.60039 1.72496 1.72327 1.71572 1.68236 1.7701 1.75662 1.77086 1.78576 1.68785 1.6644 1.55137 1.59091 1.76812 1.77533 1.69442 1.7279 1.66209
1.78642 1.80955 1.84629 1.79518 1.78676 1.79518 1.79109 1.7448 1.81397 1.77569 1.80841 1.79769 1.79909 1.81358 1.79169 1.79909 1.7564 1.69154 1.81116 1.80504 1.74776 1.75809 1.81652 1.82616 1.79132 1.82579 1.79042 1.78576 1.81944 1.80443 1.80335 1.81293 1.80705 1.84095 1.82795 1.84794 1.84319 1.75852 1.79712 1.82872 1.80832 1.82432 1.7962 1.79889 1.7289 1.77969 1.79119 1.83258 1.80665 1.72674
