1.80171 1.73807 1.77963 1.74227 1.83813 1.81556 1.77918 1.78665 1.78592 1.83611 1.80654 1.80559 1.82283 1.80613 1.82957 1.79559 1.78426 1.7959 1.84149 1.80348 1.84298 1.81526 1.84145 1.84159 1.80486 1.81202 1.81274 1.73587 1.79507 1.84279 1.80236 1.79759 1.76674 1.6911 1.83997 1.84619 1.84684 1.64394 1.81772 1.81957 1.8303 1.82649 1.61606 1.79843 1.79509 1.8067 1.79956 1.76512 1.79319 1.85126 1.79568
1.68692 1.7791 1.63446 1.73721 1.76921 1.74527 1.71066 1.74419 1.68845 1.77338 1.77221 1.71621 1.78189 1.80391 1.81944 1.77655 1.75551 1.7455 1.79481 1.74207 1.72693 1.67718 1.71198 1.71871 1.64826 1.79048 1.72736 1.70653 1.70309 1.81679 1.70933 1.63198 1.75768 1.79845 1.79888 1.72416 1.68324 1.80098 1.70021 1.79863 1.75044 1.78292 1.76887 1.75824 1.77994 1.79035 1.75522 1.71938 1.7689 1.70373 1.72877
1.77961 1.86024 1.81089 1.83471 1.78457 1.69581 1.83804 1.79944 1.79658 1.83028 1.77497 1.80911 1.74035 1.76179 1.76842 1.80148 1.81923 1.77653 1.7843 1.73844 1.8043 1.81235 1.75741 1.7785 1.7619 1.75852 1.74304 1.73874 1.7408 1.71989 1.64923 1.80474 1.7951 1.72522 1.76448 1.78067 1.79478 1.80703 1.67034 1.75205 1.80646 1.76227 1.8265 1.79084 1.69117 1.74867 1.80824 1.78258 1.82029 1.72225 1.72498 1.70745 1.76952 1.65987 1.78343
1.69934 1.62348 1.76983 1.60993 1.75351 1.82921 1.77839 1.72463 1.80713 1.73287 1.7576 1.77689 1.62271 1.79833 1.76655 1.75374 1.83697 1.75439 1.75552 1.74858 1.78145 1.79493 1.78243 1.72872 1.72607 1.70973 1.78649 1.76564 1.79427 1.68331 1.67322 1.84827 1.78592 1.78725 1.75951 1.79489 1.77089 1.80918 1.81759 1.80677 1.80149 1.79475 1.78079 1.81417 1.66505 1.71102 1.72994 1.75805 1.74077 1.80396 1.7569 1.7493 1.66789
1.73802 1.82855 1.79974 1.81639 1.76731 1.7881 1.85072 1.83349 1.80836 1.85707 1.82295 1.8078 1.84044 1.83398 1.82279 1.86111 1.80116 1.84755 1.8088 1.84193 1.82906 1.80929 1.74808 1.8428 1.86898 1.84141 1.82005 1.80214 1.79777 1.73013 1.73281 1.83755 1.84993 1.85224 1.84926 1.82004 1.84917 1.80825 1.815 1.85211 1.84724 1.75991 1.83357 1.77536 1.82423
1.79334 1.80533 1.80143 1.77812 1.82197 1.82497 1.7884 1.82184 1.79025 1.7852 1.73161 1.80654 1.82057 1.81568 1.80042 1.84142 1.84867 1.78963 1.82728 1.81013 1.82776 1.84816 1.81645 1.86122 1.81173 1.80818 1.82321 1.79456 1.79805 1.81528 1.78224 1.7795 1.8144 1.79956 1.81321 1.81735 1.82073 1.82901 1.79228 1.8284 1.81076 1.78858 1.80249 1.84057 1.83142 1.77273 1.81269 1.82391 1.79987 1.81169 1.79758 1.80165 1.80481 1.7967 1.84583 1.77867 1.77781 1.79738
1.79077 1.82857 1.81689 1.83181 1.82306 1.73399 1.81553 1.77935 1.81253 1.84235 1.79764 1.82398 1.83239 1.65303 1.78246 1.76023 1.81856 1.72704 1.72704 1.82799 1.77097 1.81973 1.7661 1.81408 1.75874 1.73005 1.81443 1.75713 1.76596 1.76379 1.80634 1.79816 1.82418 1.82828 1.82316 1.83552 1.82208 1.84067 1.81475 1.83513 1.81202 1.79328 1.79957 1.85677 1.82684 1.78825
1.82973 1.80739 1.77539 1.7841 1.80254 1.84423 1.81157 1.81301 1.81196 1.83038 1.81472 1.82283 1.82224 1.78492 1.79033 1.81534 1.8117 1.80337 1.78558 1.79674 1.83272 1.80403 1.84938 1.79629 1.84042 1.67066 1.8047 1.81349 1.81063 1.81298 1.81462 1.81381 1.79547 1.83419 1.83407 1.84693 1.80577 1.74658 1.82781 1.81523 1.8362 1.79177 1.83708 1.82407 1.8041 1.77952 1.80909 1.74021 1.79901 1.77922 1.8332 1.83264 1.83135 1.79597 1.80911 1.77024 1.77027 1.8271
1.78642 1.80955 1.84629 1.79518 1.78676 1.79518 1.79109 1.7448 1.81397 1.77569 1.80841 1.79769 1.79909 1.81358 1.79169 1.79909 1.7564 1.69154 1.81116 1.80504 1.74776 1.75809 1.81652 1.82616 1.79132 1.82579 1.79042 1.78576 1.81944 1.80443 1.80335 1.81293 1.80705 1.84095 1.82795 1.84794 1.84319 1.75852 1.79712 1.82872 1.80832 1.82432 1.7962 1.79889 1.7289 1.77969 1.79119 1.83258 1.80665 1.72674
1.79786 1.80764 1.85418 1.79181 1.82616 1.85483 1.83427 1.8293 1.83488 1.84617 1.78705 1.79255 1.85107 1.8372 1.82371 1.66296 1.78568 1.83667 1.80735 1.80005 1.80268 1.77851 1.78941 1.77627 1.82927 1.78997 1.84429 1.79952 1.81354 1.8041 1.80557 1.80354 1.80431 1.83732 1.7951 1.76664 1.82638 1.82126 1.77265 1.82409 1.77026 1.79029 1.79838 1.79126 1.81949 1.77691 1.80711 1.78684 1.81349 1.82173 1.82258 1.8429 1.83236 1.78326 1.80145 1.83134
1.74722 1.81922 1.82913 1.77368 1.77873 1.80948 1.81264 1.82706 1.81697 1.77592 1.83655 1.80284 1.81278 1.82359 1.81139 1.80705 1.75053 1.79742 1.82451 1.74027 1.79711 1.75861 1.74959 1.70589 1.80289 1.84056 1.83229 1.74959 1.81607 1.80694 1.82562 1.81591 1.76336 1.79076 1.80296 1.76011 1.77238 1.75135 1.72028 1.77834 1.79174 1.82115 1.81591 1.81936 1.7769 1.78462 1.85752 1.74132 1.82371 1.82063 1.83015 1.77695 1.80276 1.78821
1.7862 1.78376 1.79273 1.82243 1.81461 1.79544 1.80678 1.78251 1.81427 1.81696 1.76023 1.82432 1.81764 1.80697 1.79192 1.80313 1.80752 1.80932 1.78162 1.80113 1.83818 1.76946 1.81559 1.83767 1.8545 1.78711 1.83767 1.82304 1.82387 1.82608 1.78711 1.83307 1.78938 1.79841 1.78711 1.82257 1.79827 1.79167 1.81439 1.82988 1.79568 1.76572 1.836 1.82625 1.80799 1.82897 1.81762 1.76361 1.80618 1.80415 1.81573 1.79563 1.83221 1.82456 1.78332 1.80134 1.8163
1.79239 1.73641 1.78995 1.79491 1.83492 1.67015 1.79025 1.77226 1.64051 1.81225 1.73561 1.71221 1.79269 1.62702 1.79554 1.71963 1.75238 1.76641 1.67129 1.76455 1.70191 1.81621 1.77401 1.77603 1.78947 1.78139 1.6855 1.77243 1.75818 1.77218 1.76294 1.60517 1.73133 1.81887 1.80988 1.65401 1.76179 1.73683 1.72224 1.84519 1.7472 1.79761 1.66385 1.72559 1.63717 1.72157 1.78812 1.77 1.81611 1.80527 1.82623
1.7162 1.7225 1.77715 1.66698 1.67184 1.77291 1.74519 1.64483 1.77212 1.71491 1.71415 1.7785 1.69515 1.69617 1.61141 1.73505 1.72646 1.66747 1.61405 1.71912 1.6791 1.8092 1.79661 1.74938 1.6931 1.7703 1.68969 1.71698 1.79671 1.86599 1.7718 1.75675 1.7281 1.68972 1.80102 1.70565 1.71162 1.76447 1.71219 1.79938 1.76222 1.68641 1.70174 1.71088 1.66669 1.71886 1.77902 1.69865
1.82398 1.81038 1.72322 1.83399 1.68963 1.77073 1.81234 1.84723 1.74756 1.80641 1.80443 1.792 1.84304 1.83595 1.8112 1.80489 1.81808 1.80489 1.81147 1.85136 1.8054 1.74081 1.80951 1.82095 1.79848 1.83437 1.80109 1.7263 1.79968 1.80284 1.79404 1.76416 1.82316 1.75556 1.71059 1.78544 1.81415 1.83203 1.82384 1.81967 1.82033 1.82052 1.75914 1.80178 1.83761 1.78477 1.84421 1.81053 1.66786 1.8271 1.74908 1.81594 1.8133 1.82301 1.74179 1.85016 1.79377 1.76554 1.80702 1.80286 1.81616 1.81503 1.82924 1.78131 1.8359 1.80725 1.76216
1.81884 1.82113 1.8084 1.75354 1.82031 1.79621 1.83694 1.74119 1.76664 1.81713 1.81557 1.80514 1.80937 1.73774 1.79984 1.7811 1.7758 1.81023 1.75641 1.78338 1.68182 1.78907 1.74252 1.8158 1.78222 1.83583 1.8243 1.78899 1.77607 1.81696 1.79826 1.81064 1.79933 1.78476 1.82795 1.82779 1.76845 1.69543 1.83867 1.83403 1.84761 1.75604 1.81047 1.78294 1.82098 1.79913 1.82025 1.81508 1.80926 1.80863 1.79252 1.76157 1.81133 1.78213 1.80544 1.79264 1.80455 1.80332 1.79284 1.77537
