1.81466 1.86029 1.83648 1.82614 1.8539 1.83139 1.84238 1.81571 1.83119 1.8326 1.8442 1.84141 1.82329 1.84305 1.79319 1.82226 1.80272 1.84514 1.82308 1.8591 1.82872 1.83729 1.7925 1.84874
1.80598 1.84156 1.8378 1.84568 1.82187 1.80645 1.82583 1.84505 1.81604 1.82842 1.85102 1.81919 1.85292 1.8247 1.81589 1.84913 1.84562 1.82357 1.78374 1.82174 1.82659 1.84143 1.85542 1.81007 1.78735 1.82855 1.84292 1.82671 1.79685 1.8434 1.83495 1.84454 1.81983 1.85107 1.82878 1.8697 1.8276 1.80728 1.82889 1.83749 1.83449 1.81024 1.83536 1.82685 1.81589 1.8353 1.83425 1.84696 1.78798 1.8509 1.83773 1.80701 1.83636
1.85314 1.77776 1.86541 1.83068 1.84799 1.84726 1.85479 1.83447 1.84394 1.84167 1.85177 1.84278 1.85151 1.82951 1.85965 1.83262 1.84807 1.86832 1.86051 1.8486 1.8565 1.85925 1.86531 1.85682 1.84656 1.86131 1.84327 1.85211 1.84528 1.83002 1.85451 1.84806 1.84066 1.83956 1.8537 1.84988 1.82516 1.85423 1.84501 1.83755 1.83167 1.83503 1.85444 1.84088 1.86417 1.8428 1.85398 1.84255 1.84025 1.83049 1.84228 1.81819 1.84957 1.84989 1.8485 1.82134 1.81678 1.83894 1.84494 1.85098 1.84811 1.82186 1.8269 1.84753 1.84158 1.85482 1.83123 1.8192 1.84505 1.83127 1.84534 1.8215
1.84442 1.85038 1.83916 1.84328 1.82082 1.85527 1.84242 1.8497 1.8432 1.83445 1.83952 1.82228 1.82446 1.84025 1.82748 1.83737 1.81965 1.85165 1.84065 1.83291 1.84114 1.84416 1.83701 1.84961 1.83446 1.84842 1.82596 1.80754 1.84539 1.8349 1.8182 1.82228 1.82819 1.8537 1.79467 1.8516 1.83321 1.80561 1.83426 1.86497 1.82076 1.84643 1.86181 1.85195 1.81899 1.82926 1.8224 1.86442 1.83917 1.83035 1.85131 1.83897 1.83839 1.83941
1.8124 1.83043 1.82231 1.86013 1.84732 1.84776 1.82094 1.84652 1.84594 1.82007 1.83979 1.82444 1.82846 1.82267 1.81774 1.82797 1.82521 1.83774 1.81571 1.80037 1.82974 1.84387 1.84806 1.84509 1.83989 1.8118 1.83098 1.84469 1.84589 1.84805 1.85117 1.83767 1.83209 1.81273 1.84615 1.84337 1.83444 1.80522 1.84243 1.83854 1.84498 1.82399 1.83062 1.83703 1.83461 1.83825 1.83969 1.82277 1.82434 1.80416 1.84974 1.79933 1.82459 1.83985 1.83784 1.83713
1.84481 1.81362 1.83627 1.72924 1.79574 1.83675 1.81562 1.82933 1.82178 1.83702 1.84992 1.84846 1.84143 1.84217 1.8489 1.8389 1.7676 1.82766 1.83746 1.83892 1.84214 1.852 1.83429 1.81628 1.82969 1.82329 1.84563 1.8407 1.81387 1.86285 1.84328 1.80884 1.84977 1.84449 1.8389 1.8544 1.85928 1.84668 1.83968 1.84049 1.84005 1.82129 1.82107 1.83668 1.8414 1.8542 1.84936 1.83112 1.82579 1.83375
1.85042 1.84962 1.82385 1.83941 1.84859 1.81746 1.80825 1.8356 1.79418 1.83321 1.83215 1.82635 1.79925 1.78969 1.82107 1.81284 1.81299 1.80357 1.83061 1.8437 1.83637 1.81753 1.80729 1.82418 1.81886 1.84794 1.86036 1.84524 1.8578 1.82154 1.83432 1.85947 1.84163 1.83358 1.84811 1.84695 1.84097 1.83804 1.80279 1.83125 1.82393 1.84711 1.8216 1.85104 1.82977 1.83775 1.83061 1.818 1.85509 1.84929 1.83629 1.83884 1.8593
1.85012 1.83736 1.83439 1.83154 1.83436 1.82448 1.83437 1.84415 1.82211 1.84082 1.84173 1.85733 1.81967 1.85199 1.82452 1.81928 1.83475 1.83411 1.82653 1.83997 1.84331 1.84706 1.82025 1.80652 1.82265 1.83111 1.85035 1.83157 1.80469 1.66633 1.81366 1.84177 1.80863 1.82617 1.85763 1.8494 1.85166 1.85285 1.8333 1.8442 1.83184 1.85689 1.84352 1.82921 1.83568 1.80238 1.81802 1.82621 1.82743 1.83584 1.84356 1.84444
1.82902 1.77381 1.83538 1.83613 1.82499 1.78595 1.81315 1.82155 1.83312 1.82482 1.84082 1.84049 1.83329 1.76372 1.82175 1.84961 1.83321 1.85267 1.82832 1.8193 1.81502 1.82577 1.85265 1.81666 1.81311 1.83303 1.80988 1.8383 1.83414 1.83599 1.82022 1.85268 1.83944 1.83155 1.84556 1.83348 1.74637 1.83042 1.83055 1.86306 1.82233 1.83481 1.84222 1.85369 1.81881 1.84925 1.84838
1.82686 1.85299 1.8405 1.82474 1.83585 1.82375 1.82375 1.84414 1.80435 1.84057 1.83247 1.79429 1.84684 1.83804 1.82714 1.83865 1.83721 1.81857 1.82814 1.85981 1.82756 1.80834 1.79476 1.83771 1.8447 1.83153 1.84756 1.8359 1.83542 1.81928 1.82547 1.82743 1.82471 1.83258 1.82749 1.83881 1.84908 1.84052 1.85957 1.84931 1.83175 1.84513 1.84305 1.79917 1.83235 1.83003 1.82361 1.86392 1.83879 1.8524 1.82355 1.83699 1.84933 1.84833
1.84741 1.82881 1.83511 1.8321 1.8365 1.85511 1.83851 1.83435 1.85389 1.82762 1.83575 1.81391 1.84411 1.82748 1.84082 1.83127 1.83748 1.829 1.84351 1.84412 1.84833 1.84747 1.84922 1.85444 1.84747 1.83815 1.84065 1.83974 1.81655 1.85677 1.84178 1.84841 1.84026 1.82523 1.82482 1.82851 1.78204 1.8629 1.82807 1.80552 1.81104 1.83342 1.80869 1.8316 1.79595 1.82862 1.84466 1.84577 1.84487
1.81397 1.83923 1.82303 1.8191 1.80648 1.82793 1.82194 1.83355 1.83205 1.81711 1.82821 1.81062 1.77475 1.85262 1.81907 1.83201 1.81155 1.82515 1.81601 1.77994 1.80575 1.83417 1.81731 1.81615 1.81086 1.81623 1.81751 1.83065 1.82102 1.7979 1.80765 1.83074 1.788 1.83962 1.83212 1.83847 1.78699 1.82845 1.83048 1.81685 1.81052 1.82257 1.81068 1.81179 1.83043 1.77864 1.81994 1.83451 1.78729 1.79509 1.81167 1.84805 1.82363 1.8199
1.86023 1.82329 1.81934 1.8428 1.85011 1.8392 1.81506 1.82345 1.81928 1.85306 1.82373 1.82422 1.84051 1.84938 1.84307 1.82787 1.78738 1.831 1.85918 1.85635 1.85982 1.83872 1.81958 1.84092 1.82942 1.82946 1.85175 1.8225 1.80761 1.85197 1.84881 1.82376 1.85406 1.83364 1.82145 1.8322 1.84418 1.84415 1.84797 1.81796 1.82725 1.83011 1.84288 1.83738 1.84833 1.78384 1.82787 1.85312 1.8333 1.8564 1.83547
1.81064 1.81039 1.84315 1.81219 1.81799 1.84057 1.82787 1.83904 1.8167 1.82044 1.83937 1.82859 1.82883 1.82295 1.79906 1.80406 1.79337 1.80691 1.81821 1.78695 1.81659 1.83325 1.79863 1.83465 1.81367 1.83311 1.8223 1.84588 1.8195 1.80923 1.82952 1.82614 1.82253 1.80929 1.80647 1.80346
1.80888 1.8457 1.85594 1.85027 1.83472 1.83354 1.82015 1.81972 1.84217 1.83916 1.85745 1.84575 1.82481 1.84014 1.84785 1.84077 1.82962 1.84113 1.8394 1.86056 1.83372 1.84856 1.8345 1.82764 1.84187 1.83263 1.83154 1.82453 1.84639 1.82579 1.85106 1.82372 1.84051 1.81871 1.84451 1.83418 1.83737 1.8599 1.84809 1.83448 1.83501 1.83567 1.83386 1.80766 1.84641 1.82054 1.8471 1.82441 1.84739 1.83876 1.85301 1.84686 1.83578 1.85018 1.83579 1.8363 1.8359 1.8548 1.84808 1.80452 1.84806
1.84804 1.8715 1.84299 1.84541 1.83368 1.83389 1.86023 1.79569 1.84616 1.8513 1.80539 1.84545 1.84664 1.85508 1.85561 1.85874 1.86154 1.85125 1.85439 1.86041 1.81725 1.84058 1.83277 1.84815 1.86689 1.84916 1.84186 1.82357 1.84659 1.82036 1.86424 1.86354 1.84022 1.84275 1.86738 1.85423 1.80264 1.83224 1.85883 1.82417 1.85528 1.83689 1.82247 1.85873 1.84226
1.84867 1.84364 1.83505 1.83058 1.85671 1.85233 1.82286 1.85112 1.82529 1.84056 1.82287 1.84575 1.81371 1.82705 1.84802 1.84238 1.852 1.83184 1.84552 1.80501 1.82981 1.79436 1.8379 1.81209 1.83889 1.82004 1.84432 1.81975 1.83292 1.84883 1.84013 1.83148 1.81826 1.83568 1.82617 1.84652 1.83834 1.77091 1.8205 1.83088 1.86148 1.8089 1.83973 1.81419 1.84274 1.84728 1.834 1.84814 1.82871 1.82
1.8329 1.84553 1.84059 1.81611 1.83119 1.85805 1.85874 1.85738 1.84698 1.8448 1.83214 1.84603 1.80553 1.8236 1.82717 1.8262 1.82791 1.86845 1.82642 1.83388 1.84849 1.80724 1.84982 1.83217 1.84616 1.8219 1.86171 1.85539 1.82413 1.81972 1.83281 1.8198 1.83598 1.84514 1.83974 1.83374 1.84981 1.85542
1.86865 1.83619 1.79817 1.80816 1.82556 1.79283 1.85334 1.83305 1.81539 1.85127 1.83774 1.84334 1.85413 1.8329 1.8492 1.85355 1.83848 1.84518 1.85002 1.85067 1.82993 1.82361 1.8564 1.83588 1.80171 1.78821 1.86918 1.81272 1.84036 1.82798 1.83414 1.84369 1.8365 1.85326 1.86272 1.83771 1.83545 1.79864 1.83728 1.84337 1.83022 1.80524 1.85116 1.83745 1.81932 1.79818 1.80089 1.82622 1.82352 1.81527 1.7917 1.82404 1.83562 1.83486 1.82617 1.81153
1.84906 1.84274 1.8496 1.84259 1.82917 1.86429 1.84708 1.84281 1.8528 1.83625 1.81437 1.8603 1.84158 1.84255 1.84238 1.84278 1.83936 1.84702 1.83176 1.83838 1.8059 1.84721 1.86858 1.8269 1.82266 1.83463 1.82108 1.83756 1.81607 1.82681 1.8508 1.81949 1.77059 1.8318 1.82107 1.81852 1.82719 1.82298 1.83165 1.83568
1.83384 1.82133 1.84873 1.83119 1.82664 1.85449 1.84337 1.84119 1.82355 1.8537 1.85605 1.83752 1.83769 1.8379 1.84346 1.84995 1.86756 1.84346 1.84549 1.8372 1.8379 1.85959 1.83444 1.85097 1.84209 1.82758 1.84348 1.83502 1.83437 1.85631 1.84451 1.8346 1.84604 1.85932 1.81427 1.85871 1.85582 1.8361 1.83552 1.84846 1.82471 1.84438 1.85013 1.82456 1.85045 1.84363 1.84971 1.84047 1.84457 1.85045 1.84939 1.86532 1.85088 1.83433 1.82197 1.85419 1.84728 1.847 1.83846 1.84881
1.838 1.83618 1.83584 1.8292 1.83747 1.8356 1.83339 1.83556 1.85365 1.84039 1.82421 1.83538 1.82915 1.82752 1.82362 1.8 1.82678 1.82106 1.82917 1.80109 1.82189 1.83098 1.85429 1.84726 1.83653 1.84206 1.8498 1.83829 1.81296 1.84129 1.84839 1.85783 1.84096 1.83849 1.80584 1.83795 1.85684 1.84261 1.85665 1.83698 1.8376 1.81839 1.84588 1.83946 1.86667 1.83945 1.81248 1.8399 1.83184 1.84134 1.85545 1.84173 1.83584 1.83818 1.85164 1.84026 1.84463 1.83587 1.84144 1.83399 1.80946 1.83409 1.84474 1.8423
1.83927 1.85262 1.84948 1.85204 1.86029 1.85226 1.78787 1.84903 1.84442 1.84904 1.85084 1.84201 1.86523 1.86068 1.86487 1.84095 1.85469 1.85778 1.84639 1.82716 1.84725 1.86687 1.85388 1.83528 1.85112 1.85735 1.85907 1.84246 1.84959 1.85179 1.839 1.83521 1.84013 1.85626 1.8296 1.84707 1.84483 1.84821 1.83847 1.85032 1.85714 1.85226 1.85852 1.85961 1.86117 1.83111 1.83426 1.84217 1.84353 1.8415 1.85319 1.86121 1.8416 1.85482 1.84089 1.83489 1.85556 1.85945
1.83847 1.8421 1.83105 1.83493 1.82379 1.83237 1.85738 1.8398 1.82025 1.84638 1.85472 1.84961 1.84283 1.84843 1.83698 1.83963 1.84237 1.84793 1.85452 1.83867 1.85281 1.81816 1.8521 1.79264 1.83648 1.84376 1.86568 1.84564 1.85607 1.84786 1.84673 1.84298 1.83062 1.82464 1.84468 1.84242 1.82377 1.84072 1.83339 1.84071 1.84076 1.83212 1.83335 1.85805 1.83549 1.83399 1.85926 1.84835 1.82543 1.83265 1.82631 1.84255 1.84661 1.85056 1.83698 1.82547 1.85065 1.8365 1.84525
1.84679 1.82725 1.84621 1.86025 1.83683 1.81627 1.83484 1.83382 1.81976 1.84455 1.83583 1.84698 1.81153 1.84775 1.79942 1.82729 1.81124 1.84072 1.84803 1.81561 1.84936 1.83813 1.83281 1.83436 1.81644 1.84999 1.83224 1.83595 1.84193 1.85073 1.84706 1.86394 1.82791 1.84606 1.84702 1.856 1.85781 1.85504 1.84391 1.83928 1.85731 1.85532 1.84404 1.84603
1.85836 1.82603 1.83856 1.83039 1.84271 1.83746 1.82655 1.85358 1.83967 1.84321 1.86429 1.85226 1.81289 1.8577 1.83893 1.89892 1.85598 1.83321 1.81395 1.84306 1.84125 1.86642 1.84186 1.84306 1.84493 1.83684 1.85167 1.83415 1.83975 1.83593 1.84785 1.82124 1.83385 1.85694 1.83453 1.83537 1.86123 1.83882 1.84155 1.86795 1.86458 1.86413 1.86365 1.85534 1.84316 1.80784 1.78558 1.85528 1.8335
1.82768 1.8262 1.82844 1.83188 1.85732 1.83859 1.82802 1.84191 1.8591 1.85518 1.84525 1.81885 1.84807 1.85232 1.84518 1.85329 1.83066 1.8528 1.81457 1.8575 1.85078 1.84766 1.84371 1.84915 1.81509 1.8148 1.80963 1.82518 1.83882 1.84639 1.86015 1.84006 1.85892 1.85698 1.84986 1.83857 1.85412 1.85655 1.8205 1.85085 1.84554 1.84009 1.84156 1.86112 1.84539 1.83925 1.82583
1.86297 1.80989 1.80713 1.84466 1.85492 1.84182 1.8354 1.8391 1.83797 1.8266 1.84677 1.82171 1.83782 1.83669 1.83185 1.81266 1.84077 1.8214 1.83724 1.83216 1.83506 1.81899 1.83764 1.83639 1.8488 1.83637 1.83506 1.85466 1.82968 1.82147 1.8488 1.81019 1.82582 1.82784
1.84054 1.8488 1.83592 1.85018 1.8442 1.83844 1.8252 1.84081 1.84959 1.83688 1.83564 1.84234 1.83142 1.84344 1.83267 1.82726 1.82111 1.85532 1.79763 1.82853 1.84263 1.83938 1.82225 1.84314 1.83228 1.81617 1.76382 1.81617 1.83875 1.83824 1.83228 1.83777 1.85074 1.84019 1.841 1.84844 1.84929 1.83265 1.83892 1.8278 1.83512 1.82117 1.82189
1.84058 1.86496 1.85306 1.84906 1.85081 1.83726 1.8479 1.84045 1.8454 1.85648 1.84309 1.85468 1.85477 1.85188 1.84909 1.84714 1.8578 1.84815 1.84937 1.84194 1.83859 1.8497 1.83242 1.86101 1.849 1.8446 1.8446 1.8404 1.85925 1.86817 1.84842 1.83561 1.84956 1.84631 1.83828 1.85182 1.84462 1.86149 1.85295 1.83719 1.83737 1.85891 1.83991 1.86605 1.84843 1.85437 1.84956 1.84597 1.82347 1.84912 1.86802 1.81024 1.84394 1.83681 1.84986 1.84779 1.83963 1.83977 1.84167 1.82763 1.84929 1.85536 1.85935 1.84529 1.86198
1.8266 1.8378 1.84747 1.84329 1.8656 1.84959 1.82092 1.84525 1.83534 1.84546 1.85569 1.84214 1.8606 1.841 1.84767 1.84767 1.84278 1.82164 1.85655 1.85313 1.81806 1.85106 1.84691 1.84293 1.85779 1.82392 1.82642
1.80161 1.82552 1.81545 1.8338 1.83416 1.83339 1.84449 1.81158 1.84716 1.81208 1.83714 1.79085 1.83221 1.7996 1.81659 1.82828 1.8228 1.8165 1.82419 1.84704 1.84505 1.82119 1.8268 1.83496 1.8468 1.8351 1.84316 1.83807 1.82267 1.8412 1.82908 1.85251 1.83455 1.85573 1.84334 1.82048 1.84868 1.84683 1.8264 1.83838 1.82637 1.84863 1.78368 1.8359 1.84397 1.83237 1.82224 1.83237 1.82528 1.84786 1.83737 1.8487 1.83642 1.8292 1.81544 1.8419
1.80834 1.83411 1.81182 1.83933 1.81914 1.82195 1.83079 1.85384 1.83271 1.85266 1.83331 1.76453 1.79326 1.84338 1.82644 1.79254 1.8147 1.84918 1.84561 1.85921 1.84771 1.83193 1.85234 1.83702 1.84153 1.78888 1.84439 1.84276 1.84509 1.82262 1.86403 1.84225 1.85183 1.85821 1.82026 1.85399 1.80531 1.83773 1.83484 1.83549 1.83537 1.84896 1.84466 1.85371 1.81102 1.84966 1.77249 1.80672 1.84268 1.7962
1.8052 1.82174 1.85419 1.83307 1.82325 1.81464 1.83914 1.86365 1.81184 1.80066 1.81626 1.84339 1.83459 1.85516 1.83423 1.8102 1.82746 1.85517 1.84251 1.81362 1.82714 1.86577 1.832 1.82184 1.81136 1.83804 1.81511 1.83498 1.81551 1.82906 1.83942 1.83109 1.81223 1.83901 1.80874 1.84479 1.84547 1.82269 1.83369 1.82425 1.8417 1.83939 1.85568 1.82775 1.84033 1.81492 1.82353 1.81513 1.84033 1.81006
1.81718 1.84774 1.81917 1.79775 1.84655 1.84928 1.83855 1.83174 1.81644 1.82699 1.81723 1.84576 1.83746 1.81894 1.8401 1.83949 1.8537 1.83263 1.82814 1.84852 1.83461 1.83835 1.83232 1.83305 1.82055 1.81092 1.85071 1.85103 1.84151 1.84356 1.82088 1.85031 1.84808 1.81168 1.82814 1.84889 1.82848 1.82556 1.82223 1.80535 1.83852
1.82887 1.83733 1.83953 1.84211 1.83536 1.86436 1.82927 1.84227 1.84323 1.85281 1.82375 1.84127 1.82472 1.84617 1.85682 1.83357 1.8295 1.83106 1.83492 1.84916 1.85728 1.85035 1.82579 1.85666 1.83422 1.84883 1.84488 1.83749 1.83914 1.85127 1.84137 1.85089 1.83709 1.84356 1.84698 1.85811 1.82537 1.84654 1.83922 1.83748 1.81374 1.83596 1.84225 1.82114 1.83478 1.84406 1.83681 1.84888 1.83419 1.83981 1.8222 1.84089
1.82921 1.83535 1.84571 1.83582 1.81079 1.84252 1.83342 1.82861 1.83942 1.82011 1.82339 1.81547 1.84374 1.8686 1.84175 1.81052 1.8586 1.83544 1.84675 1.83165 1.84999 1.80446 1.82143 1.82819 1.83212 1.8454 1.84116 1.85748 1.80742 1.80712 1.80767 1.84821 1.8219 1.8314 1.82129 1.85686 1.81843 1.8367 1.84533 1.83683 1.85112 1.84152 1.82133 1.84299 1.80548
1.83944 1.83425 1.81605 1.85792 1.85409 1.81777 1.84199 1.82268 1.8213 1.83057 1.83875 1.84069 1.79729 1.83012 1.82355 1.83023 1.84056 1.83212 1.83615 1.85534 1.85759 1.84247 1.84311 1.83561 1.84296 1.84164 1.85655 1.84575 1.80239 1.85934 1.85619 1.82924 1.84933 1.85053 1.83226 1.83028 1.8523 1.83066 1.84653 1.83479 1.81696 1.85422 1.80232 1.81463 1.81782 1.86097 1.86961 1.85102 1.85426 1.84797 1.84368 1.8266 1.85089 1.84477 1.85103 1.85497 1.85213 1.81586 1.82627 1.8535 1.84152
1.8222 1.82672 1.78206 1.85572 1.81002 1.80046 1.76697 1.83803 1.83595 1.83957 1.79474 1.8258 1.81815 1.79474 1.83756 1.84617 1.84603 1.82292 1.8158 1.84319 1.83102 1.82993 1.84674 1.83735 1.82869 1.82458 1.75722 1.81534 1.82593 1.84559 1.81385 1.84452 1.82847 1.8346 1.82642 1.83584 1.81842 1.80952 1.82357 1.78785 1.73714 1.83077 1.81505
1.81416 1.80945 1.85213 1.80152 1.8239 1.81011 1.82796 1.81407 1.82725 1.81195 1.83534 1.83017 1.83869 1.85869 1.84991 1.84077 1.84515 1.84253 1.83551 1.84287 1.83201 1.79983 1.82633 1.83282 1.82607 1.86097 1.80964 1.82878 1.84177 1.81968 1.79632 1.8234 1.80524 1.8283 1.83322 1.7927 1.79835 1.82209 1.8098 1.84854 1.82303 1.8546 1.82537 1.85623 1.82627 1.83681 1.83897 1.81735 1.83415 1.85005
1.82031 1.8163 1.79319 1.8394 1.82574 1.85744 1.84044 1.8246 1.86748 1.83046 1.86343 1.81332 1.83945 1.81548 1.84721 1.86052 1.86638 1.82559 1.80175 1.83328 1.84048 1.86551 1.79177 1.85821 1.8554 1.84106 1.82522 1.81661 1.85821 1.81743 1.83704 1.83989 1.83178 1.84945 1.86226 1.83552 1.84042 1.82485 1.85482 1.80486 1.84844 1.85234 1.83207 1.86171 1.8731 1.8564 1.82285 1.79682 1.81839 1.84371 1.86007
1.83149 1.82132 1.81446 1.83634 1.82893 1.84234 1.83861 1.82755 1.82952 1.83443 1.82348 1.84541 1.80685 1.84735 1.83518 1.84107 1.81553 1.85675 1.80805 1.81983 1.81988 1.81373 1.81875 1.8306 1.73886 1.83628 1.85397 1.83448 1.83154 1.82731 1.85705 1.84124 1.75769 1.80604 1.8093 1.82063 1.83824 1.8327 1.84387 1.83051 1.83784 1.84065 1.83093 1.84161 1.7542 1.83093 1.842
1.85613 1.8249 1.84706 1.85126 1.84581 1.85441 1.85018 1.84031 1.84121 1.81035 1.79908 1.83148 1.84317 1.83415 1.83687 1.8498 1.83859 1.85562 1.83309 1.84883 1.85232 1.8682 1.82982 1.81654 1.84986 1.83733 1.83478 1.8456 1.8395 1.842 1.8336 1.83445 1.85174 1.84841 1.85194 1.82649 1.84182 1.79618 1.86544 1.8598 1.81217 1.8498 1.83131 1.85081 1.85927 1.83911 1.82541 1.82573 1.82914 1.85871 1.854 1.8343 1.84151 1.85287 1.84957 1.84836
1.83794 1.84565 1.85917 1.8563 1.79239 1.83336 1.83976 1.84354 1.85636 1.85457 1.84455 1.84624 1.8489 1.85626 1.83622 1.85235 1.85238 1.86232 1.82295 1.83414 1.84651 1.84908 1.85522 1.85826 1.83864 1.84329 1.8574 1.84189 1.82791 1.81909 1.76446 1.83993 1.83669 1.83778 1.82852 1.82809 1.85549 1.83357 1.85148 1.80796 1.83914 1.83721 1.83744 1.80792 1.84839 1.8401 1.85979 1.83706 1.85716 1.81178
1.81764 1.85169 1.83802 1.86207 1.85608 1.82701 1.84117 1.84253 1.8591 1.84736 1.84511 1.85332 1.85543 1.85488 1.85944 1.84204 1.84646 1.82986 1.85446 1.84877 1.83177 1.86319 1.86141 1.85567 1.83741 1.86232 1.86222 1.80878 1.84123 1.85275 1.86232 1.85484 1.8573 1.82733 1.83881 1.84442 1.85572 1.85178 1.85364 1.84162 1.84285 1.85392 1.86344 1.83372 1.8605 1.85158 1.83731 1.84492 1.84881 1.84267 1.85956 1.84715 1.86127 1.83714 1.82902 1.85835 1.80689 1.83674 1.82957
1.79451 1.83205 1.85248 1.84723 1.81878 1.85033 1.83294 1.83275 1.84508 1.852 1.81798 1.83598 1.82513 1.81096 1.84535 1.85272 1.85767 1.82833 1.823 1.84785 1.82463 1.82833 1.84308 1.81682 1.80878 1.83448 1.85614 1.8233 1.82706 1.84653 1.82469 1.80738 1.80401 1.80788 1.84165 1.84856 1.85839 1.85809 1.85212 1.83699 1.83654 1.84864 1.84854 1.83585 1.85358 1.83026 1.85968 1.8176 1.81805 1.83718 1.85583 1.81913 1.85044 1.83201
1.85309 1.86934 1.82687 1.84398 1.85113 1.83832 1.84661 1.84333 1.79777 1.83681 1.84037 1.83555 1.83239 1.84282 1.81666 1.82685 1.82436 1.83214 1.82788 1.83523 1.8494 1.85245 1.85776 1.84111 1.83101 1.84635 1.8502 1.83042 1.83592 1.83244 1.83743 1.82335 1.83963 1.83238 1.82597 1.82413 1.83321 1.81464 1.8498 1.80844 1.84457 1.82883 1.81562 1.8451 1.84979 1.8233 1.85127 1.84801
1.85151 1.81832 1.81056 1.83999 1.85056 1.85683 1.81286 1.81566 1.8424 1.84673 1.83545 1.84688 1.82848 1.81827 1.81856 1.81116 1.79641 1.83353 1.79041 1.84857 1.82399 1.846 1.83155 1.81984 1.82697 1.82811 1.83187 1.83046 1.83086 1.84458 1.82855 1.83718 1.84287 1.83736 1.82449 1.81463 1.82914 1.8434 1.83535 1.85068 1.82392 1.84156 1.84837 1.85051 1.81399 1.832 1.84426 1.85316 1.82271 1.84479 1.85189 1.84768 1.82771 1.85354 1.86695 1.84254 1.85842
1.85355 1.81824 1.84708 1.84088 1.83163 1.80467 1.80179 1.82638 1.83778 1.83168 1.85155 1.83488 1.84687 1.83097 1.8151 1.82463 1.86173 1.84987 1.8354 1.8415 1.82484 1.83853 1.83808 1.83681 1.82999 1.8427 1.82727 1.79853 1.85187 1.84003 1.84501 1.82764 1.83632 1.81124 1.8371 1.83185 1.82127 1.80696 1.79432 1.823 1.82988 1.80691 1.82764 1.85217 1.85812
1.8435 1.84947 1.83857 1.84866 1.84635 1.83958 1.8304 1.83776 1.79155 1.81533 1.85204 1.8284 1.84309 1.8171 1.83906 1.83351 1.84704 1.83055 1.85057 1.85981 1.85039 1.83519 1.82864 1.85107 1.8332 1.85085 1.84916 1.8472 1.83438 1.85207 1.84438 1.83808 1.85507 1.84879 1.85299 1.82224 1.82728 1.83415 1.83791 1.82544 1.84498 1.81844 1.83138 1.82336 1.85199 1.82065 1.86342 1.83992 1.83164 1.84083 1.84304 1.8505 1.82985 1.83034 1.85414
1.83252 1.83835 1.82981 1.83821 1.829 1.80859 1.8475 1.8555 1.82867 1.83888 1.86053 1.83338 1.82908 1.82422 1.82814 1.83696 1.84965 1.8232 1.82917 1.82205 1.84368 1.84197 1.83381 1.85052 1.82547 1.80776 1.815
1.84439 1.84143 1.82223 1.8224 1.85677 1.85969 1.82002 1.79145 1.85404 1.83626 1.81089 1.8331 1.85136 1.85359 1.84532 1.84527 1.84586 1.83807 1.85699 1.8495 1.82746 1.85024 1.85351 1.83242 1.83135 1.83271 1.82686 1.85765 1.84538 1.84018 1.81015 1.82261 1.86149 1.856 1.83506 1.85118 1.84762 1.81348 1.8425 1.85737 1.86513 1.83574 1.84754 1.83471 1.84055 1.77376 1.85584 1.83821 1.84744 1.85015 1.85057 1.84129 1.85376 1.84358 1.80802 1.84125 1.83049 1.81999 1.82473 1.85168 1.8281 1.83903 1.84425 1.86229 1.85826 1.85059
1.82074 1.80072 1.81477 1.84029 1.82548 1.84286 1.83819 1.85188 1.83846 1.82983 1.82958 1.84979 1.82861 1.81893 1.83782 1.826 1.85047 1.83561 1.83567 1.8169 1.83356 1.81965 1.8475 1.82712 1.82366 1.83844 1.84167 1.82212 1.82322 1.80971 1.81742 1.85196 1.77879 1.82844 1.83167 1.80856 1.83591 1.82848 1.83985 1.82914 1.73705 1.84597 1.81911 1.80849 1.84149 1.82869 1.83632
1.84534 1.82299 1.8359 1.85074 1.81341 1.86447 1.83632 1.8584 1.83541 1.84158 1.81521 1.79411 1.82889 1.82869 1.82785 1.83702 1.83657 1.82873 1.82367 1.81001 1.83385 1.84107 1.85009 1.83009 1.83944 1.81172 1.81768 1.8369 1.80302 1.80762 1.83746 1.81659 1.85335 1.81647 1.81439 1.8134 1.83843 1.80942 1.80887 1.83882 1.82042 1.82767 1.83127 1.84534 1.83348 1.72006 1.82031 1.81771 1.80488 1.84004 1.82692 1.82254 1.83366 1.85347 1.8451 1.83082 1.83605
1.82772 1.83454 1.82303 1.83254 1.83785 1.83515 1.83222 1.81959 1.82071 1.83451 1.85035 1.82929 1.83853 1.8258 1.83294 1.83889 1.84325 1.83593 1.82218 1.82473 1.80725 1.83977 1.85108 1.81065 1.86284 1.83749 1.83739 1.83236 1.85377 1.83248 1.796 1.82739 1.82972 1.83058 1.84968 1.80913 1.8417 1.83405 1.84111 1.81851 1.83134 1.83404 1.84853 1.84127 1.82267 1.82882 1.82509 1.81337 1.83891 1.82351
1.84014 1.83978 1.84661 1.82907 1.80951 1.82422 1.85596 1.82748 1.8523 1.85221 1.84125 1.83249 1.8653 1.79739 1.84163 1.83918 1.84244 1.80859 1.83944 1.75926 1.83378 1.82856 1.84804 1.82258 1.84164 1.82223 1.81219
1.83399 1.83916 1.83682 1.75858 1.82315 1.81858 1.85945 1.84321 1.82943 1.83551 1.82264 1.81156 1.78737 1.83214 1.8309 1.84165 1.82713 1.80986 1.8274 1.84682 1.837 1.81519 1.7739 1.8406 1.82727 1.83756 1.79758 1.80899 1.84498 1.84404 1.78837 1.85371 1.83724 1.81983 1.82416
1.8342 1.85148 1.82063 1.81261 1.84665 1.83868 1.87244 1.83965 1.84543 1.85823 1.8349 1.83784 1.83668 1.85005 1.85927 1.84859 1.86207 1.83419 1.86173 1.80761 1.84367 1.79456 1.82646 1.84343 1.83371 1.81193 1.81632 1.84494 1.82112 1.80793 1.79906 1.83344 1.83682 1.81633 1.83838 1.82057
1.83805 1.82078 1.83496 1.80822 1.81716 1.81748 1.80527 1.82677 1.8305 1.78537 1.81916 1.82343 1.80808 1.83954 1.78815 1.84829 1.84026 1.82102 1.83382 1.81947 1.83861 1.81031 1.83963 1.83462 1.84057 1.84594 1.81322 1.83842 1.84209 1.84008 1.85148 1.83333 1.80011 1.8291 1.83625 1.84239 1.80827 1.83074 1.826 1.83058 1.80801 1.84624 1.83271 1.80518 1.82916 1.80501 1.80405 1.82904 1.78341 1.82886
1.85432 1.85658 1.85677 1.82388 1.85207 1.85436 1.85011 1.82847 1.81866 1.86199 1.83747 1.84821 1.85164 1.83944 1.84027 1.86467 1.8228 1.83872 1.8305 1.81393 1.83938 1.83804 1.85356 1.83873 1.85959 1.8267 1.86565 1.83972 1.85133 1.85827 1.85032 1.8505 1.84802 1.84651 1.85666 1.8381 1.84714 1.85736 1.85512 1.84517 1.82841 1.85053 1.84853 1.84322 1.85074 1.84294 1.84645 1.85388 1.84422 1.8418 1.85077
1.81417 1.83646 1.82699 1.81221 1.84636 1.84516 1.83298 1.86445 1.8301 1.84084 1.80956 1.83576 1.83825 1.83916 1.80062 1.8209 1.84007 1.83895 1.84547 1.82078 1.81359 1.82855 1.82119 1.82945 1.82655 1.84616 1.81005 1.83045 1.85149 1.84691 1.83566 1.84244 1.84185 1.84061 1.8454 1.82855 1.83019 1.81263 1.83017 1.85234 1.79571 1.85243 1.83988 1.84576 1.81345 1.84195 1.8209 1.86059 1.85165 1.83241 1.85378 1.83387 1.85936 1.8375 1.84922 1.81948 1.83884 1.82946 1.82642 1.85229 1.83535 1.81957 1.85229 1.81722 1.84418 1.83017 1.85826 1.83988 1.847 1.84183 1.85969 1.84136 1.82461 1.84031 1.82493 1.84444 1.83885 1.84931 1.85383 1.85858
1.83341 1.84519 1.84703 1.8148 1.79991 1.84304 1.83767 1.76991 1.82332 1.83111 1.77211 1.82493 1.78079 1.85019 1.84693 1.85017 1.82991 1.89713 1.84976 1.84346 1.85264 1.80957 1.82916 1.83312 1.79652 1.74321 1.83304 1.84774 1.81309 1.85095 1.81436 1.83045 1.83557 1.86353 1.85663 1.80738 1.81015 1.80827 1.80955 1.84137
1.85022 1.84947 1.83503 1.86612 1.85388 1.84408 1.82548 1.85297 1.84642 1.85828 1.84531 1.89206 1.81683 1.79397 1.83809 1.86191 1.79297 1.84125 1.88113 1.82428 1.85655 1.8341 1.84415 1.84256 1.85908 1.84388 1.81857 1.83168 1.82395 1.81629 1.84453 1.87429 1.8349 1.82492 1.78722 1.83311 1.8501 1.83303 1.84866 1.81552 1.84086 1.83923 1.84677 1.81421 1.8147 1.82781 1.80482
1.83655 1.81737 1.85297 1.84475 1.83061 1.81812 1.83337 1.82484 1.83078 1.83408 1.83766 1.83114 1.8355 1.83412 1.81421 1.78696 1.83648 1.8072 1.82317 1.84907 1.8442 1.85235 1.8449 1.84326 1.83906 1.82971 1.83453 1.83181 1.81606 1.82609 1.85059 1.79246 1.81482 1.82224 1.8555 1.84442 1.86084 1.84085 1.81884 1.8553 1.82624 1.82976 1.79829 1.85261 1.84164 1.8404 1.84916 1.84581 1.8462 1.82151 1.84525 1.80994 1.85093 1.85942 1.84338
1.82316 1.831 1.82032 1.79314 1.82466 1.82705 1.84552 1.80629 1.81647 1.8423 1.86497 1.82735 1.84932 1.86003 1.82939 1.83528 1.8143 1.81329 1.84683 1.8553 1.83741 1.82707 1.84707 1.84751 1.83417 1.84533 1.84651 1.84203 1.84159 1.83397 1.84883 1.81922 1.83769 1.81255 1.82611 1.86833 1.82921 1.85871 1.81383 1.82332 1.82968 1.85014 1.83307 1.83392 1.84296 1.81939 1.83011 1.85368 1.8709 1.81755 1.85428
1.86299 1.83847 1.85441 1.84549 1.82569 1.82077 1.84108 1.84513 1.83055 1.81185 1.84764 1.83503 1.83503 1.85555 1.84079 1.81278 1.83585 1.86582 1.82866 1.84101 1.83771 1.80078 1.82915 1.82336 1.8432 1.84057 1.85436 1.83586 1.83457 1.84529 1.8251 1.83618 1.82658 1.84438 1.82995 1.85546 1.82706 1.83588 1.80989 1.82372 1.84899 1.82502 1.83688 1.8482 1.84504 1.82617 1.81199
1.85867 1.85057 1.84036 1.84953 1.83338 1.8439 1.85245 1.83368 1.85395 1.83621 1.8579 1.80339 1.83367 1.83698 1.85456 1.85516 1.85109 1.83534 1.83931 1.8458 1.83752 1.81087 1.84553 1.84568 1.8417 1.85221 1.81526 1.83012 1.84882 1.86417 1.8047 1.85511 1.82934 1.85284 1.83093 1.84073 1.84718 1.83738 1.85098 1.86545 1.84137 1.81127 1.84426 1.84959 1.85643 1.83579 1.82241 1.85015 1.82961
1.83161 1.83364 1.8288 1.79344 1.82532 1.84389 1.83127 1.83729 1.81276 1.85655 1.81043 1.8417 1.82523 1.8575 1.83766 1.84658 1.85253 1.8014 1.83026 1.82537 1.85266 1.83011 1.85497 1.83418 1.83128 1.82905 1.81632 1.83911 1.8151 1.8198 1.83935 1.87214 1.84677 1.81804 1.83204 1.83783 1.84079 1.8157 1.85371 1.85194 1.83007 1.83681 1.8344 1.84848 1.85632 1.83724 1.87177 1.84286 1.81607 1.84759 1.83843 1.84887
