1.84057 1.84994 1.85117 1.80523 1.83696 1.8596 1.82805 1.81317 1.78519 1.84818 1.828 1.83428 1.82327 1.83883 1.83527 1.84498 1.81998 1.83155 1.78486 1.76461 1.83181 1.77995 1.81333 1.82811 1.85111 1.78664 1.80998 1.81647 1.85646 1.8378 1.8376 1.85461 1.8264 1.84991 1.84386 1.81281 1.83904 1.85932 1.83412 1.83585 1.80005 1.85561 1.8287 1.83859 1.84662 1.81608 1.85234 1.84565 1.83314 1.84035 1.83156
1.8074 1.7962 1.83963 1.78613 1.75277 1.80339 1.79709 1.77983 1.81923 1.79118 1.77275 1.83835 1.75874 1.77801 1.82572 1.80498 1.78004 1.80885 1.81342 1.80764 1.76389 1.8215 1.77364 1.81511 1.79452 1.81392 1.77309 1.79267 1.75928 1.81283 1.78095 1.8352 1.77349 1.79993 1.77919 1.72731 1.83122 1.78698 1.78503 1.81825 1.77785 1.83419
1.79245 1.82367 1.7795 1.83585 1.84153 1.829 1.79045 1.80739 1.79102 1.84826 1.8013 1.82226 1.78902 1.79787 1.84713 1.79702 1.77831 1.8087 1.83157 1.8509 1.81199 1.80449 1.80805 1.79659 1.82839 1.81329 1.81838 1.79064 1.79739 1.84361 1.84273 1.77215 1.84085 1.80196 1.80065 1.81535 1.7816 1.83008 1.85035 1.77417 1.8098 1.84132 1.82645 1.78947 1.83147 1.78354 1.82442 1.81451 1.83124 1.84442 1.79745
1.63731 1.74979 1.771 1.82986 1.72684 1.71172 1.78378 1.7974 1.81051 1.64677 1.74515 1.83038 1.8159 1.7621 1.80102 1.88134 1.73821 1.7559 1.81571 1.82446 1.64394 1.72128 1.67913
1.65723 1.80448 1.6748 1.7244 1.71861 1.76004 1.75646 1.61526 1.76435 1.70256 1.68704 1.77919 1.56901 1.6739 1.70242 1.8529 1.73607 1.81985 1.7614 1.76859 1.73116 1.72766 1.71433 1.63829 1.8259 1.7113 1.61512 1.73104 1.76466 1.72637 1.74134 1.78282 1.77289 1.62774 1.71178 1.71158 1.762 1.67622 1.72852 1.72731
1.63287 1.63807 1.7516 1.64504 1.62426 1.7698 1.73981 1.77128 1.74306 1.63316 1.78588 1.72053 1.71761 1.61277 1.63734 1.76967 1.62637 1.75983 1.65755 1.72699 1.80437 1.76579 1.65032 1.78129 1.69877 1.62363 1.81955 1.68651 1.68983 1.68932 1.71295 1.64821 1.69295 1.78242 1.66862 1.72486 1.71919 1.78321 1.64463 1.66506 1.6474 1.71336 1.6493 1.78529 1.79097 1.7737 1.7691 1.71046
1.83587 1.77495 1.83572 1.81993 1.79699 1.84463 1.80442 1.8301 1.83903 1.80059 1.81147 1.8434 1.81278 1.79045 1.83593 1.82609 1.71767 1.82197 1.75575 1.82221 1.83917 1.79932 1.81666 1.819 1.74964 1.80773 1.8348 1.78447 1.8254 1.79511 1.80539 1.82945 1.77742 1.78768 1.75205 1.79494 1.79813 1.81492 1.721 1.82023 1.80839
1.81595 1.82421 1.78924 1.80849 1.75418 1.78895 1.83429 1.7247 1.66501 1.78649 1.75816 1.79823 1.65238 1.79062 1.8093 1.78616 1.8099 1.78041 1.81264 1.81653 1.77587 1.6901 1.69799 1.79133 1.74969 1.64414 1.77147 1.74404 1.82472 1.70214 1.78027 1.80205 1.72225 1.75984 1.68714 1.75932 1.7935 1.73663 1.82165
1.7693 1.85885 1.80146 1.82314 1.83591 1.85085 1.77802 1.82958 1.83321 1.85319 1.79824 1.84266 1.8425 1.83458 1.84009 1.83758 1.84361 1.81902 1.79947 1.76415 1.80715 1.79071 1.81099 1.79938 1.8339 1.79381 1.79381 1.83646 1.84238 1.825 1.84426 1.80624 1.79924 1.84037 1.8239 1.83941 1.82548 1.86349 1.83668 1.81605 1.79582 1.85406 1.84924 1.8091 1.84277 1.85458 1.84164 1.82985 1.83769 1.84636 1.8442 1.78295 1.80184 1.83014 1.8461 1.81025 1.8223 1.82697 1.82165 1.83896 1.83624 1.78357 1.85452 1.83526 1.85289
1.76934 1.72986 1.78245 1.74412 1.64751 1.72299 1.77132 1.79627 1.81716 1.71973 1.72681 1.7906 1.7795 1.5801 1.8044 1.66753 1.59545 1.71172 1.73039 1.75825 1.66257 1.74379 1.76825 1.75982 1.69163 1.73352 1.77054 1.75182 1.69872 1.77218 1.81587 1.65321 1.64069 1.72628 1.74802 1.74494 1.72117 1.65538 1.71235 1.83383 1.76649 1.68271 1.79369 1.69906 1.80317
1.82404 1.8068 1.79865 1.77746 1.8263 1.84669 1.79965 1.7954 1.82996 1.80916 1.8172 1.82534 1.82271 1.81475 1.75944 1.77147 1.68778 1.81623 1.76855 1.8276 1.79479 1.8095 1.79152 1.78783 1.8141 1.81321 1.79388 1.77984 1.766 1.8149 1.8319 1.82204 1.82129 1.79621 1.73227 1.82211 1.8003 1.83581 1.81394 1.81931 1.8391 1.7932 1.83752 1.7962 1.7717 1.81164 1.81366 1.76333 1.82557 1.81433 1.82557 1.82877 1.85585 1.84013 1.83447 1.85173
1.70912 1.72512 1.82999 1.71849 1.83761 1.79757 1.78871 1.75834 1.76996 1.80705 1.79819 1.68638 1.7376 1.77157 1.82548 1.79292 1.80737 1.7591 1.81774 1.78959 1.7765 1.81415 1.81567 1.82954 1.77978 1.74508
1.8163 1.83698 1.84118 1.83742 1.84587 1.84224 1.83926 1.83807 1.83611 1.8426 1.84077 1.8276 1.84916 1.84632 1.85269 1.82052 1.8411 1.82642 1.8177 1.82635 1.80717 1.79702 1.86214 1.83181 1.82984 1.85306 1.83694 1.77361 1.82595 1.84261 1.85306 1.82407 1.86183 1.81899 1.71611 1.82372 1.83593 1.83322 1.82503 1.818 1.83574 1.84553 1.82527 1.84072 1.81708 1.84912 1.83058 1.81251 1.80362 1.82591 1.86105 1.82702 1.82183 1.80202 1.78645 1.82766 1.79703 1.80454 1.75515
1.75685 1.85346 1.74003 1.73069 1.7671 1.77811 1.76376 1.79931 1.81903 1.81862 1.82841 1.71777 1.71702 1.79065 1.81147 1.56258 1.72026 1.73529 1.80931 1.79765 1.81659 1.66165 1.81659 1.82489 1.78861 1.72441 1.77738 1.72171 1.75382 1.75382 1.74093 1.70232 1.77132 1.80314 1.79226 1.70121 1.72864 1.69343 1.77496 1.72046 1.7068 1.72621 1.66341 1.67088 1.74882 1.73125 1.7235 1.81985 1.6956
1.69179 1.83692 1.79488 1.74665 1.83656 1.81299 1.77103 1.79965 1.73941 1.74769 1.82194 1.81095 1.78602 1.77957 1.76763 1.77967 1.73574 1.82618 1.81208 1.75646 1.84634 1.82155 1.84193 1.81552 1.81834 1.8651 1.80841 1.81402 1.79424 1.81442 1.80629 1.75478 1.76486 1.73931 1.79322 1.76035 1.78313 1.73307 1.6972 1.7513 1.78054 1.80981 1.82743 1.83452 1.66797 1.81871 1.82241 1.827
1.75783 1.79058 1.79247 1.70268 1.73599 1.74725 1.71201 1.77509 1.66087 1.82639 1.80247 1.75514 1.70313 1.81209 1.7285 1.67279 1.7843 1.68852 1.77294 1.6623 1.82282 1.78217 1.63145 1.71339 1.69418 1.77675 1.79786 1.78849 1.83185 1.79857 1.72023 1.8449 1.77846 1.74084 1.77386 1.76225 1.76257 1.83984 1.77453 1.72646 1.739 1.83275 1.77406 1.82432
1.77795 1.82515 1.79173 1.79104 1.82119 1.80358 1.80608 1.80303 1.81276 1.82551 1.83635 1.82174 1.80157 1.80622 1.82067 1.77969 1.77975 1.8087 1.78644 1.84266 1.77605 1.81713 1.83272 1.83861 1.76823 1.82695 1.77144 1.75819 1.81378 1.80714 1.82976 1.81364 1.82264 1.81656 1.80053 1.81538 1.83193 1.79458 1.83158 1.79591 1.80007 1.77541 1.82647 1.83156 1.80972 1.73799 1.80972 1.81652 1.83383 1.79253 1.84693 1.80738 1.8166 1.7815 1.82576
1.68435 1.72759 1.79262 1.81515 1.75935 1.75747 1.76597 1.78513 1.61558 1.76131 1.80298 1.74283 1.7954 1.63741 1.75591 1.76988 1.74459 1.82355 1.69947 1.60411 1.77062 1.6177 1.75923 1.81504 1.78383 1.7049 1.79859 1.6667 1.74963 1.69944 1.73559 1.70665 1.78116 1.74416 1.78446 1.8113 1.77503 1.68915 1.66875 1.66563 1.798 1.80351 1.70642 1.63362 1.66164 1.76371 1.81906
1.82585 1.79853 1.80565 1.83906 1.84909 1.85772 1.8342 1.83629 1.7827 1.80225 1.80958 1.81343 1.82607 1.82416 1.82288 1.82419 1.84365 1.83676 1.80792 1.82087 1.8401 1.85883 1.8204 1.79845 1.8291 1.76736 1.81103 1.80264 1.83139 1.8348 1.83148 1.80825 1.8032 1.83626 1.85521 1.74678 1.84265 1.77185 1.84986 1.77712 1.76306 1.82283 1.80899 1.78252 1.82516 1.82499 1.80615 1.80704 1.79569 1.84666 1.84328 1.83648 1.83193 1.84041 1.84473 1.83759
1.81601 1.81402 1.80452 1.83877 1.83943 1.83585 1.82022 1.84015 1.83337 1.80725 1.81585 1.81283 1.8347 1.7885 1.85463 1.84501 1.822 1.84686 1.77105 1.8517 1.84123 1.82569 1.83096 1.80414 1.80994 1.7766 1.80378 1.83224 1.83691 1.8489 1.80676 1.84698 1.85196 1.83401 1.8364 1.8397 1.83652 1.80806 1.83525 1.79134 1.82981 1.80128 1.84531 1.8396 1.8324 1.80483
1.82243 1.79378 1.82587 1.80386 1.8055 1.77723 1.81567 1.7919 1.79992 1.77544 1.82118 1.77852 1.78043 1.83127 1.77318 1.75102 1.82713 1.77659 1.74509 1.81968 1.77458 1.83395 1.82115 1.83462 1.75074 1.81386 1.76417 1.81784 1.80947 1.77868 1.82463 1.77465 1.78152 1.77898 1.84022 1.81452 1.84368 1.81043 1.80366 1.82062 1.80785 1.83501 1.78705 1.77376 1.78327 1.81621 1.81691 1.80049 1.83122 1.83913 1.83102 1.80022 1.82183 1.81719 1.81262
1.78217 1.79468 1.80728 1.77286 1.80001 1.73964 1.82655 1.83899 1.78076 1.81121 1.84056 1.82038 1.82371 1.76427 1.79173 1.83125 1.83178 1.74745 1.72625 1.82155 1.80655 1.8099 1.70499 1.76645 1.80237 1.83459 1.74772 1.80005 1.82597 1.76999 1.79608 1.75854 1.80007 1.77025 1.87632 1.82531 1.73757 1.82304 1.8359 1.78882 1.68032 1.76651 1.76824 1.77757 1.83121 1.82526 1.81497 1.79661 1.81064 1.78817 1.76713 1.69815
1.77609 1.80509 1.8316 1.83822 1.80503 1.83999 1.82346 1.81067 1.8101 1.84237 1.80268 1.80896 1.81016 1.75266 1.8226 1.81466 1.8147 1.81426 1.79092 1.82346 1.78369 1.82027 1.83733 1.79938 1.81015 1.84198 1.7428 1.80714 1.81909 1.81123 1.77786 1.64938 1.82416 1.81629 1.82345 1.7955 1.82882 1.83645 1.80784 1.81911 1.82884 1.83668 1.78199 1.83351 1.81249 1.84842 1.8202 1.73275 1.81945 1.8342 1.82027 1.84653 1.80781
1.6982 1.56377 1.686 1.5508 1.79861 1.73483 1.72 1.72447 1.67611 1.80155 1.80399 1.76077 1.69861 1.67848 1.63865 1.81089 1.68162 1.68329 1.78999 1.73781 1.70401 1.78878 1.64831 1.72423 1.73866 1.6675 1.55774 1.69262 1.70329 1.71376 1.76818 1.83716 1.81038 1.77797 1.67104 1.71875 1.7421 1.7103 1.76437 1.61567 1.65771 1.77325 1.66685 1.8102 1.74084 1.75887 1.73641 1.53918 1.65167 1.68318 1.71873 1.70378 1.78396 1.72753 1.74767 1.65912 1.58762
1.76317 1.73515 1.80397 1.82578 1.79424 1.76894 1.79225 1.80682 1.76643 1.73107 1.83712 1.74281 1.72434 1.63736 1.81583 1.80738 1.75247 1.80936 1.78937 1.79717 1.75144 1.7916 1.81673 1.71368 1.79233 1.81356 1.7104 1.8108 1.75262 1.84304 1.81744 1.73312 1.78434 1.79673 1.83161 1.83379 1.74194 1.76895 1.77742 1.84966 1.68671 1.69969 1.79626 1.82283 1.74913 1.80742 1.82675
1.81568 1.71459 1.78795 1.75454 1.7734 1.78803 1.76304 1.80148 1.72821 1.71325 1.74901 1.62283 1.72463 1.83638 1.77463 1.71308 1.78743 1.79635 1.77599 1.7659 1.82144 1.771 1.77369 1.72849 1.78571 1.69911 1.81504 1.69075 1.79459 1.60063 1.78912 1.76649 1.7708 1.68587 1.75186 1.7763 1.75215 1.75824 1.65047 1.75643 1.78919 1.83435 1.6356 1.74138 1.761 1.76867 1.77046 1.82069 1.76691 1.81181 1.75264 1.76154
1.74036 1.78515 1.7777 1.73571 1.74734 1.82529 1.71982 1.77714 1.78508 1.80564 1.80868 1.80228 1.80471 1.82447 1.85001 1.8259 1.76105 1.77803 1.81499 1.82675 1.79546 1.84131 1.81354 1.80268 1.75001 1.76892 1.79033 1.7809 1.80341 1.84648 1.82876 1.77458 1.80253 1.81493 1.81106 1.82984 1.83371 1.80598 1.78149 1.7851 1.80375 1.79959 1.76748 1.83141 1.74702 1.85347 1.83005 1.81677 1.79085 1.80249
1.76112 1.77718 1.72876 1.82524 1.73233 1.83985 1.81422 1.82832 1.79162 1.76424 1.80566 1.75543 1.765 1.77495 1.79387 1.76005 1.78638 1.76594 1.76738 1.79217 1.71608 1.79897 1.80249 1.81473 1.8088 1.82549 1.79419 1.76768 1.74787 1.77281 1.7585 1.742 1.78971 1.79821 1.76018 1.81121 1.83385 1.74447 1.78648 1.76933 1.76577 1.81808 1.8085 1.80521 1.78469 1.79084 1.77582 1.81567 1.80465 1.76755 1.79141 1.74209 1.79113 1.80186
1.81173 1.81775 1.7781 1.82913 1.79349 1.82165 1.79433 1.82142 1.83054 1.80121 1.82764 1.77047 1.83794 1.80782 1.84088 1.80478 1.79877 1.79499 1.83382 1.82916 1.84284 1.82891 1.78647 1.85166 1.81055 1.80631 1.80276 1.79957 1.77933 1.82378 1.82554 1.82587 1.81792 1.81203 1.84735 1.8444 1.81127 1.84131 1.79258 1.80448 1.79784 1.79613 1.81353 1.81778 1.8201 1.82464 1.8292 1.8246 1.81771 1.80345 1.79618
1.82091 1.81189 1.80534 1.82392 1.77345 1.79483 1.85244 1.83806 1.80051 1.81971 1.8477 1.82939 1.82592 1.82323 1.82115 1.78344 1.85133 1.82115 1.80567 1.82699 1.82323 1.84262 1.82701 1.84 1.85371 1.79434 1.80748 1.80049 1.85451 1.8249 1.8315 1.84857 1.81845 1.82792 1.84562 1.82928 1.83201 1.81851 1.83601 1.8211 1.79223 1.83338 1.76657 1.76788 1.8181 1.84428 1.83538 1.8281 1.76568 1.83118 1.83708 1.7403 1.77445 1.77462 1.82511 1.84077 1.83397 1.82972 1.82649
1.81349 1.85054 1.81492 1.84694 1.80454 1.81738 1.81219 1.82901 1.82436 1.83348 1.83965 1.76747 1.84513 1.81948 1.81028 1.82046 1.83499 1.85437 1.83574 1.74165 1.7744 1.83935 1.79361 1.81281 1.82914 1.83951 1.83786 1.83294 1.81435 1.82193 1.81831 1.83287 1.78737 1.81284 1.82742 1.82145 1.83905 1.822 1.79607 1.808 1.81549 1.83239 1.77057 1.84613 1.8242 1.79277 1.77843 1.83131 1.82155 1.83861 1.81378 1.81117 1.79408 1.8304 1.84666 1.81357 1.85041
1.79638 1.7256 1.80686 1.81866 1.80553 1.82058 1.59641 1.79052 1.81226 1.81896 1.79987 1.84896 1.78756 1.84254 1.7913 1.76245 1.7775 1.82839 1.77157 1.77442 1.68907 1.81199 1.76837 1.73812 1.72001 1.84183 1.84988 1.8147 1.7896 1.82073 1.83768 1.82613 1.72906 1.81503 1.78683 1.8217 1.80955 1.80965 1.82467 1.75943 1.78863 1.81472 1.82878 1.74953 1.76619 1.82878 1.84367
1.74435 1.63022 1.64488 1.65412 1.6356 1.66664 1.6184 1.79453 1.76055 1.80109 1.74945 1.81416 1.74709 1.75775 1.79052 1.75059 1.92981 1.75519 1.72211 1.72305 1.79914 1.82666 1.76142 1.78573 1.70927 1.76875 1.66066
