1.83677 1.71829 1.77346 1.74937 1.77324 1.70292 1.74645 1.7477 1.76029 1.73412 1.70564 1.80625 1.76413 1.7167 1.75627 1.77043 1.79479 1.669 1.6688 1.79358 1.75347 1.69308 1.76486 1.72515 1.70878 1.77793 1.64257 1.75098 1.82256 1.63225 1.71212 1.66405 1.70883 1.537 1.78454 1.70417 1.70259 1.73426 1.67306 1.75168 1.74936 1.76067 1.75837 1.76306 1.72135 1.75896 1.71734 1.73587 1.75237 1.67653 1.75597 1.8199 1.57785 1.76185 1.78186 1.72634 1.75719 1.63143 1.77375 1.74872 1.7409 1.7606 1.74536 1.79174 1.78089 1.81113 1.7897
1.7666 1.76311 1.72122 1.77475 1.78291 1.71005 1.7269 1.72948 1.70364 1.80118 1.72767 1.7588 1.76961 1.75438 1.71446 1.68162 1.7515 1.77595 1.67479 1.77786 1.73832 1.72115 1.63141 1.71536 1.72989 1.80078 1.73629 1.78872 1.69814 1.74823 1.80709 1.75112 1.80935 1.72933 1.77966 1.73182 1.80275 1.69304 1.74952 1.74751 1.58502 1.66685 1.75247 1.71304 1.71743 1.75185 1.80119 1.78353 1.77537 1.81029 1.77989 1.74716 1.78027 1.64174 1.70823 1.6726 1.74321 1.78741 1.7702 1.69273 1.77045 1.66188
1.73659 1.80781 1.75544 1.76463 1.61104 1.77888 1.78153 1.85774 1.79723 1.70738 1.76047 1.77573 1.74556 1.7823 1.75978 1.73099 1.68407 1.83081 1.7418 1.81648 1.66458 1.76366 1.77521 1.72586 1.72846 1.76835 1.80009 1.78652 1.72245 1.82568 1.72118 1.76143 1.79683 1.77061 1.69731 1.7587 1.86819 1.76926 1.85017 1.80721 1.76608 1.71039 1.69194
1.7782 1.78356 1.77904 1.62778 1.79199 1.73823 1.76617 1.67182 1.69786 1.67973 1.75386 1.70944 1.81128 1.8015 1.8181 1.77137 1.84358 1.74061 1.79221 1.81423 1.59937 1.8121 1.76863 1.82684 1.8127 1.70269 1.76285 1.75182 1.7575 1.69527 1.75942 1.70046 1.7736 1.81321 1.79745 1.69021 1.61387 1.78003 1.59254 1.75007 1.67259 1.75288 1.81548 1.82735 1.77881 1.80089 1.72563 1.80494 1.73606 1.72895 1.73849 1.77962 1.71574
1.7806 1.8001 1.7556 1.78869 1.76901 1.77765 1.72939 1.7701 1.73699 1.77447 1.77965 1.81707 1.81774 1.73227 1.71377 1.75658 1.74918 1.75712 1.77313 1.70343 1.78976 1.72196 1.74099 1.78761 1.7986 1.75832 1.7382 1.76831 1.77396 1.75939 1.78839 1.58161 1.71868 1.83842 1.72914 1.80321 1.7644 1.80071 1.72931 1.7913 1.76163 1.74523 1.7608 1.74027 1.80762 1.79719 1.79386 1.74089 1.79513 1.75841
1.74597 1.69925 1.75444 1.77274 1.73752 1.74044 1.79542 1.71883 1.81374 1.76627 1.59533 1.83692 1.80268 1.79191 1.74993 1.70501 1.80767 1.70494 1.78961 1.73402 1.78969 1.75433 1.76405 1.73735 1.68495 1.72534 1.82017 1.75875 1.75234 1.79344 1.77855 1.65404 1.70924 1.75145 1.78511 1.8325 1.72705 1.76982 1.83949 1.8185 1.80272 1.71333 1.74921 1.78809 1.77043 1.7309 1.72639 1.73323 1.78513
1.63057 1.8048 1.55975 1.71652 1.72971 1.71636 1.66771 1.76073 1.79528 1.6443 1.75963 1.75877 1.76596 1.75089 1.73734 1.73291 1.77943 1.71847 1.65893 1.72283 1.73287 1.73355 1.59978 1.8178 1.82732 1.71872 1.73795 1.73873 1.72738 1.78303 1.7673 1.55103 1.66179 1.71227 1.72781 1.83376 1.64695 1.70953 1.74687 1.71144 1.79262 1.72321 1.65691 1.70822 1.71721 1.69537 1.72644 1.80693 1.63007 1.82908 1.74289 1.83512 1.7427 1.81087 1.77617
1.69612 1.74599 1.7572 1.80145 1.67083 1.76536 1.7572 1.7326 1.75748 1.77682 1.77504 1.81525 1.72854 1.79651 1.79403 1.67384 1.76518 1.7329 1.66464 1.69312 1.7102 1.81178 1.70682 1.79465 1.81156 1.67509 1.75491 1.75892 1.6589 1.71806 1.81897 1.76508 1.7295 1.83045 1.74536 1.67257 1.71164 1.67455 1.70643 1.69707 1.70134 1.74098 1.80845 1.78689 1.775 1.7827 1.78561 1.73577 1.78822 1.79365 1.53077 1.74521 1.75487 1.76989 1.79393 1.75604 1.6907 1.68027 1.75361 1.7697 1.7321 1.68721
1.79128 1.65296 1.76321 1.66261 1.7899 1.65564 1.69555 1.67931 1.70855 1.66649 1.66449 1.83947 1.76969 1.52584 1.67818 1.77729 1.76181 1.61427 1.70887 1.76888 1.65709 1.556 1.67826 1.8479 1.65863 1.63631 1.74571 1.7034 1.68106 1.54298 1.66774 1.76513 1.68218 1.65959 1.60921 1.73697 1.68418 1.68134 1.67514 1.62386 1.62432 1.71298 1.76536 1.65299 1.76455 1.63328 1.64844 1.63474 1.75594 1.69205 1.65021 1.76856 1.65933 1.74661 1.66458 1.62839
1.6985 1.60673 1.70425 1.80233 1.75024 1.56706 1.62967 1.8085 1.74656 1.7181 1.57881 1.55104 1.6843 1.74391 1.79614 1.67376 1.79825 1.7538 1.76645 1.56876 1.74778 1.79409 1.64008 1.67007 1.6389 1.73136 1.73484 1.66348 1.77211 1.70299 1.73136 1.6924 1.7681 1.78964 1.67856 1.67482 1.65622 1.62548 1.62787 1.72964 1.66197 1.67409 1.60962 1.77566 1.66351 1.669 1.71548 1.71728 1.64826 1.81877 1.67695 1.75418 1.65902 1.83873 1.74569 1.74417
1.81143 1.69332 1.7603 1.79957 1.76394 1.76915 1.78941 1.71019 1.75331 1.7438 1.71489 1.78966 1.75743 1.75817 1.79357 1.76689 1.75034 1.75193 1.74364 1.776 1.80315 1.69269 1.77472 1.75326 1.59769 1.78246 1.7046 1.84514 1.77589 1.80096 1.81663 1.83942 1.76669 1.77288 1.82888 1.73859 1.76918 1.8144 1.73859 1.76441 1.70872 1.78032 1.80672 1.62771
1.81637 1.77369 1.81025 1.74465 1.76709 1.69454 1.78156 1.72658 1.80252 1.77507 1.75971 1.79355 1.74496 1.73029 1.69865 1.73216 1.68387 1.74837 1.76524 1.81251 1.79025 1.82447 1.82318 1.71105 1.74739 1.72875 1.76408 1.71717 1.72636 1.75715 1.7735 1.81073 1.68451 1.80526 1.78747 1.75946 1.69164 1.64249 1.83232 1.75536 1.79512 1.79734
1.78785 1.78419 1.67246 1.75947 1.786 1.79915 1.7808 1.76452 1.76528 1.78496 1.74217 1.76557 1.7821 1.70913 1.75915 1.82227 1.77009 1.80822 1.82682 1.77435 1.80883 1.80154 1.70862 1.7577 1.78951 1.72293 1.79036 1.7248 1.7302 1.6612 1.78357 1.76454 1.69904 1.77958 1.75351 1.82032 1.64783 1.74201 1.69862 1.75952 1.8155 1.78996 1.73816 1.75376 1.77677 1.82745 1.72687 1.60431 1.76711 1.74138 1.7501 1.70544
1.72453 1.45613 1.60808 1.79591 1.82137 1.72835 1.6709 1.79056 1.62407 1.76912 1.80919 1.70968 1.73926 1.69694 1.75328 1.80227 1.76267 1.78746 1.72164 1.72709 1.76483 1.78647 1.74824 1.70071 1.75786 1.80698 1.76081 1.73836 1.75924 1.62077 1.72047 1.763 1.76705 1.79505 1.62239 1.79737 1.72385 1.7303 1.75649 1.81768 1.72296 1.78578 1.77415 1.78559 1.76924 1.77467 1.70683 1.77794 1.82682 1.61512 1.75585 1.79064 1.77733 1.60793 1.78876 1.73302 1.69895
