1.7162 1.7225 1.77715 1.66698 1.67184 1.77291 1.74519 1.64483 1.77212 1.71491 1.71415 1.7785 1.69515 1.69617 1.61141 1.73505 1.72646 1.66747 1.61405 1.71912 1.6791 1.8092 1.79661 1.74938 1.6931 1.7703 1.68969 1.71698 1.79671 1.86599 1.7718 1.75675 1.7281 1.68972 1.80102 1.70565 1.71162 1.76447 1.71219 1.79938 1.76222 1.68641 1.70174 1.71088 1.66669 1.71886 1.77902 1.69865
1.78642 1.80955 1.84629 1.79518 1.78676 1.79518 1.79109 1.7448 1.81397 1.77569 1.80841 1.79769 1.79909 1.81358 1.79169 1.79909 1.7564 1.69154 1.81116 1.80504 1.74776 1.75809 1.81652 1.82616 1.79132 1.82579 1.79042 1.78576 1.81944 1.80443 1.80335 1.81293 1.80705 1.84095 1.82795 1.84794 1.84319 1.75852 1.79712 1.82872 1.80832 1.82432 1.7962 1.79889 1.7289 1.77969 1.79119 1.83258 1.80665 1.72674
1.73656 1.78494 1.79047 1.80634 1.79885 1.81978 1.74608 1.83311 1.76247 1.80232 1.82654 1.80928 1.81121 1.74028 1.83699 1.8107 1.79239 1.82832 1.81187 1.81804 1.83089 1.82456 1.8489 1.82062 1.84026 1.81115 1.81162 1.78829 1.8493 1.83922 1.80491 1.82805 1.83077 1.84329 1.79742 1.77936 1.77728 1.83301 1.82914 1.81062 1.82818 1.77056 1.82581 1.82477 1.76545 1.77949 1.82276 1.73447 1.81059 1.84158 1.80344 1.79577 1.79209 1.81524 1.79589 1.78876
1.77961 1.86024 1.81089 1.83471 1.78457 1.69581 1.83804 1.79944 1.79658 1.83028 1.77497 1.80911 1.74035 1.76179 1.76842 1.80148 1.81923 1.77653 1.7843 1.73844 1.8043 1.81235 1.75741 1.7785 1.7619 1.75852 1.74304 1.73874 1.7408 1.71989 1.64923 1.80474 1.7951 1.72522 1.76448 1.78067 1.79478 1.80703 1.67034 1.75205 1.80646 1.76227 1.8265 1.79084 1.69117 1.74867 1.80824 1.78258 1.82029 1.72225 1.72498 1.70745 1.76952 1.65987 1.78343
1.74722 1.81922 1.82913 1.77368 1.77873 1.80948 1.81264 1.82706 1.81697 1.77592 1.83655 1.80284 1.81278 1.82359 1.81139 1.80705 1.75053 1.79742 1.82451 1.74027 1.79711 1.75861 1.74959 1.70589 1.80289 1.84056 1.83229 1.74959 1.81607 1.80694 1.82562 1.81591 1.76336 1.79076 1.80296 1.76011 1.77238 1.75135 1.72028 1.77834 1.79174 1.82115 1.81591 1.81936 1.7769 1.78462 1.85752 1.74132 1.82371 1.82063 1.83015 1.77695 1.80276 1.78821
1.66682 1.81004 1.77296 1.70914 1.71511 1.79834 1.70148 1.69226 1.61608 1.64916 1.75584 1.80996 1.8176 1.68511 1.75294 1.72543 1.74506 1.77438 1.74894 1.7294 1.70418 1.71708 1.72826 1.76631 1.68491 1.75321 1.77995 1.71017 1.80692 1.823 1.80497 1.72766 1.79448 1.74595 1.61562 1.71689 1.72087 1.68717 1.74862 1.71441 1.6673 1.80332 1.78037 1.73175 1.66277 1.76371 1.75538 1.73897
1.7942 1.77087 1.82928 1.78278 1.81824 1.77076 1.79273 1.7752 1.75167 1.80642 1.79388 1.85433 1.75135 1.76231 1.74847 1.81538 1.74073 1.80702 1.75481 1.80698 1.7486 1.78061 1.78541 1.77162 1.76567 1.79827 1.81624 1.83938 1.79834 1.78427 1.82157 1.80618 1.80336 1.82553 1.841 1.77936 1.81867 1.7922 1.81985 1.75808 1.80401 1.79812 1.78625 1.77998 1.83208 1.76755
1.7862 1.78376 1.79273 1.82243 1.81461 1.79544 1.80678 1.78251 1.81427 1.81696 1.76023 1.82432 1.81764 1.80697 1.79192 1.80313 1.80752 1.80932 1.78162 1.80113 1.83818 1.76946 1.81559 1.83767 1.8545 1.78711 1.83767 1.82304 1.82387 1.82608 1.78711 1.83307 1.78938 1.79841 1.78711 1.82257 1.79827 1.79167 1.81439 1.82988 1.79568 1.76572 1.836 1.82625 1.80799 1.82897 1.81762 1.76361 1.80618 1.80415 1.81573 1.79563 1.83221 1.82456 1.78332 1.80134 1.8163
1.79334 1.80533 1.80143 1.77812 1.82197 1.82497 1.7884 1.82184 1.79025 1.7852 1.73161 1.80654 1.82057 1.81568 1.80042 1.84142 1.84867 1.78963 1.82728 1.81013 1.82776 1.84816 1.81645 1.86122 1.81173 1.80818 1.82321 1.79456 1.79805 1.81528 1.78224 1.7795 1.8144 1.79956 1.81321 1.81735 1.82073 1.82901 1.79228 1.8284 1.81076 1.78858 1.80249 1.84057 1.83142 1.77273 1.81269 1.82391 1.79987 1.81169 1.79758 1.80165 1.80481 1.7967 1.84583 1.77867 1.77781 1.79738
1.83883 1.83137 1.73271 1.80915 1.84329 1.81287 1.83534 1.82833 1.82764 1.8637 1.8429 1.83703 1.81298 1.84582 1.79435 1.83512 1.84311 1.79106 1.82243 1.81363 1.83055 1.75274 1.80822 1.79815 1.84868 1.84544 1.84048 1.8069 1.83503 1.82574 1.7981 1.82592 1.8443 1.84092 1.82513 1.80276 1.79492 1.80477 1.80221 1.8227 1.84532 1.80237 1.79727 1.80376 1.80802 1.84354 1.8227 1.78665 1.83113
1.72291 1.82122 1.74167 1.75595 1.80983 1.77103 1.80866 1.7849 1.62153 1.68892 1.70313 1.78303 1.78729 1.79922 1.74004 1.74805 1.74788 1.77938 1.74626 1.75234 1.7978 1.73388 1.75425 1.78565 1.66084 1.8066 1.80219 1.7729 1.80601 1.75255 1.7011 1.77282 1.85973 1.82132 1.82023 1.72436 1.8046
1.79001 1.66759 1.73575 1.66725 1.81009 1.7524 1.75079 1.6388 1.75185 1.72111 1.71586 1.72838 1.72194 1.77981 1.75765 1.71226 1.6929 1.78779 1.73927 1.69833 1.77785 1.71918 1.67049 1.73193 1.71786 1.7976 1.71691 1.73091 1.74341 1.76853 1.78393 1.60663 1.75081 1.80164 1.81874 1.7811 1.76794 1.76132 1.63728 1.72167 1.78446 1.68383 1.72319 1.79304 1.62026 1.78032
1.76302 1.77521 1.80132 1.76161 1.76763 1.73174 1.7128 1.77521 1.83004 1.73208 1.83555 1.82764 1.75018 1.82219 1.81596 1.8349 1.8071 1.84415 1.83408 1.73845 1.83738 1.79487 1.81477 1.79018 1.82582 1.83891 1.67033 1.76703 1.83891 1.83202 1.84056 1.77557 1.8283 1.81033 1.77696 1.80705 1.83588 1.83312 1.83803 1.80161 1.82971 1.83245 1.78998 1.8073 1.82972
1.82398 1.81038 1.72322 1.83399 1.68963 1.77073 1.81234 1.84723 1.74756 1.80641 1.80443 1.792 1.84304 1.83595 1.8112 1.80489 1.81808 1.80489 1.81147 1.85136 1.8054 1.74081 1.80951 1.82095 1.79848 1.83437 1.80109 1.7263 1.79968 1.80284 1.79404 1.76416 1.82316 1.75556 1.71059 1.78544 1.81415 1.83203 1.82384 1.81967 1.82033 1.82052 1.75914 1.80178 1.83761 1.78477 1.84421 1.81053 1.66786 1.8271 1.74908 1.81594 1.8133 1.82301 1.74179 1.85016 1.79377 1.76554 1.80702 1.80286 1.81616 1.81503 1.82924 1.78131 1.8359 1.80725 1.76216
1.74295 1.74782 1.75354 1.66122 1.7558 1.77731 1.64869 1.796 1.77636 1.75627 1.67611 1.75825 1.74258 1.7466 1.71947 1.81591 1.72699 1.80359 1.79249 1.58784 1.77498 1.7275 1.77041 1.77824 1.72967 1.81141 1.69626 1.83888 1.68037 1.71061 1.81532 1.76804 1.74333 1.77397 1.66041 1.60039 1.72496 1.72327 1.71572 1.68236 1.7701 1.75662 1.77086 1.78576 1.68785 1.6644 1.55137 1.59091 1.76812 1.77533 1.69442 1.7279 1.66209
1.7443 1.7793 1.76618 1.75088 1.76765 1.72221 1.69398 1.735 1.8182 1.78061 1.75028 1.78533 1.83761 1.69008 1.67406 1.776 1.56213 1.83243 1.83695 1.75993 1.79089 1.78934 1.74323 1.81568 1.71365 1.65944 1.79403 1.74514 1.67688 1.7997 1.76972 1.7228 1.76496 1.69283 1.77 1.84338 1.82549 1.76431 1.824
