1.83883 1.83137 1.73271 1.80915 1.84329 1.81287 1.83534 1.82833 1.82764 1.8637 1.8429 1.83703 1.81298 1.84582 1.79435 1.83512 1.84311 1.79106 1.82243 1.81363 1.83055 1.75274 1.80822 1.79815 1.84868 1.84544 1.84048 1.8069 1.83503 1.82574 1.7981 1.82592 1.8443 1.84092 1.82513 1.80276 1.79492 1.80477 1.80221 1.8227 1.84532 1.80237 1.79727 1.80376 1.80802 1.84354 1.8227 1.78665 1.83113
1.79334 1.80533 1.80143 1.77812 1.82197 1.82497 1.7884 1.82184 1.79025 1.7852 1.73161 1.80654 1.82057 1.81568 1.80042 1.84142 1.84867 1.78963 1.82728 1.81013 1.82776 1.84816 1.81645 1.86122 1.81173 1.80818 1.82321 1.79456 1.79805 1.81528 1.78224 1.7795 1.8144 1.79956 1.81321 1.81735 1.82073 1.82901 1.79228 1.8284 1.81076 1.78858 1.80249 1.84057 1.83142 1.77273 1.81269 1.82391 1.79987 1.81169 1.79758 1.80165 1.80481 1.7967 1.84583 1.77867 1.77781 1.79738
1.7942 1.77087 1.82928 1.78278 1.81824 1.77076 1.79273 1.7752 1.75167 1.80642 1.79388 1.85433 1.75135 1.76231 1.74847 1.81538 1.74073 1.80702 1.75481 1.80698 1.7486 1.78061 1.78541 1.77162 1.76567 1.79827 1.81624 1.83938 1.79834 1.78427 1.82157 1.80618 1.80336 1.82553 1.841 1.77936 1.81867 1.7922 1.81985 1.75808 1.80401 1.79812 1.78625 1.77998 1.83208 1.76755
1.68692 1.7791 1.63446 1.73721 1.76921 1.74527 1.71066 1.74419 1.68845 1.77338 1.77221 1.71621 1.78189 1.80391 1.81944 1.77655 1.75551 1.7455 1.79481 1.74207 1.72693 1.67718 1.71198 1.71871 1.64826 1.79048 1.72736 1.70653 1.70309 1.81679 1.70933 1.63198 1.75768 1.79845 1.79888 1.72416 1.68324 1.80098 1.70021 1.79863 1.75044 1.78292 1.76887 1.75824 1.77994 1.79035 1.75522 1.71938 1.7689 1.70373 1.72877
1.72291 1.82122 1.74167 1.75595 1.80983 1.77103 1.80866 1.7849 1.62153 1.68892 1.70313 1.78303 1.78729 1.79922 1.74004 1.74805 1.74788 1.77938 1.74626 1.75234 1.7978 1.73388 1.75425 1.78565 1.66084 1.8066 1.80219 1.7729 1.80601 1.75255 1.7011 1.77282 1.85973 1.82132 1.82023 1.72436 1.8046
1.6893 1.76042 1.77597 1.7757 1.74155 1.70827 1.72029 1.69409 1.80147 1.76284 1.79943 1.76686 1.7954 1.76916 1.75214 1.78048 1.77312 1.75697 1.73381 1.7586 1.78065 1.79758 1.83868 1.82613 1.78463 1.7994 1.78504 1.77052 1.72596 1.74705 1.69443 1.7707 1.76131 1.8439 1.6936 1.72767 1.80247 1.54307 1.76498 1.79657 1.80143 1.79941 1.73354 1.68535 1.74939 1.83259 1.75257
1.82398 1.81038 1.72322 1.83399 1.68963 1.77073 1.81234 1.84723 1.74756 1.80641 1.80443 1.792 1.84304 1.83595 1.8112 1.80489 1.81808 1.80489 1.81147 1.85136 1.8054 1.74081 1.80951 1.82095 1.79848 1.83437 1.80109 1.7263 1.79968 1.80284 1.79404 1.76416 1.82316 1.75556 1.71059 1.78544 1.81415 1.83203 1.82384 1.81967 1.82033 1.82052 1.75914 1.80178 1.83761 1.78477 1.84421 1.81053 1.66786 1.8271 1.74908 1.81594 1.8133 1.82301 1.74179 1.85016 1.79377 1.76554 1.80702 1.80286 1.81616 1.81503 1.82924 1.78131 1.8359 1.80725 1.76216
1.78642 1.80955 1.84629 1.79518 1.78676 1.79518 1.79109 1.7448 1.81397 1.77569 1.80841 1.79769 1.79909 1.81358 1.79169 1.79909 1.7564 1.69154 1.81116 1.80504 1.74776 1.75809 1.81652 1.82616 1.79132 1.82579 1.79042 1.78576 1.81944 1.80443 1.80335 1.81293 1.80705 1.84095 1.82795 1.84794 1.84319 1.75852 1.79712 1.82872 1.80832 1.82432 1.7962 1.79889 1.7289 1.77969 1.79119 1.83258 1.80665 1.72674
1.74722 1.81922 1.82913 1.77368 1.77873 1.80948 1.81264 1.82706 1.81697 1.77592 1.83655 1.80284 1.81278 1.82359 1.81139 1.80705 1.75053 1.79742 1.82451 1.74027 1.79711 1.75861 1.74959 1.70589 1.80289 1.84056 1.83229 1.74959 1.81607 1.80694 1.82562 1.81591 1.76336 1.79076 1.80296 1.76011 1.77238 1.75135 1.72028 1.77834 1.79174 1.82115 1.81591 1.81936 1.7769 1.78462 1.85752 1.74132 1.82371 1.82063 1.83015 1.77695 1.80276 1.78821
1.79077 1.82857 1.81689 1.83181 1.82306 1.73399 1.81553 1.77935 1.81253 1.84235 1.79764 1.82398 1.83239 1.65303 1.78246 1.76023 1.81856 1.72704 1.72704 1.82799 1.77097 1.81973 1.7661 1.81408 1.75874 1.73005 1.81443 1.75713 1.76596 1.76379 1.80634 1.79816 1.82418 1.82828 1.82316 1.83552 1.82208 1.84067 1.81475 1.83513 1.81202 1.79328 1.79957 1.85677 1.82684 1.78825
1.7443 1.7793 1.76618 1.75088 1.76765 1.72221 1.69398 1.735 1.8182 1.78061 1.75028 1.78533 1.83761 1.69008 1.67406 1.776 1.56213 1.83243 1.83695 1.75993 1.79089 1.78934 1.74323 1.81568 1.71365 1.65944 1.79403 1.74514 1.67688 1.7997 1.76972 1.7228 1.76496 1.69283 1.77 1.84338 1.82549 1.76431 1.824
1.7862 1.78376 1.79273 1.82243 1.81461 1.79544 1.80678 1.78251 1.81427 1.81696 1.76023 1.82432 1.81764 1.80697 1.79192 1.80313 1.80752 1.80932 1.78162 1.80113 1.83818 1.76946 1.81559 1.83767 1.8545 1.78711 1.83767 1.82304 1.82387 1.82608 1.78711 1.83307 1.78938 1.79841 1.78711 1.82257 1.79827 1.79167 1.81439 1.82988 1.79568 1.76572 1.836 1.82625 1.80799 1.82897 1.81762 1.76361 1.80618 1.80415 1.81573 1.79563 1.83221 1.82456 1.78332 1.80134 1.8163
1.80171 1.73807 1.77963 1.74227 1.83813 1.81556 1.77918 1.78665 1.78592 1.83611 1.80654 1.80559 1.82283 1.80613 1.82957 1.79559 1.78426 1.7959 1.84149 1.80348 1.84298 1.81526 1.84145 1.84159 1.80486 1.81202 1.81274 1.73587 1.79507 1.84279 1.80236 1.79759 1.76674 1.6911 1.83997 1.84619 1.84684 1.64394 1.81772 1.81957 1.8303 1.82649 1.61606 1.79843 1.79509 1.8067 1.79956 1.76512 1.79319 1.85126 1.79568
1.76165 1.82204 1.81807 1.80342 1.72506 1.81879 1.78349 1.82973 1.82625 1.80909 1.81384 1.82425 1.77447 1.76892 1.73923 1.80552 1.76938 1.81994 1.81289 1.79027 1.82324 1.84567 1.80787 1.79965 1.77957 1.82667 1.83753 1.81402 1.83518 1.81435 1.83207 1.72983 1.82668 1.83077 1.81072 1.83642 1.78388 1.79999 1.80646 1.75464 1.85244 1.78345 1.67354 1.81112 1.83421 1.7872 1.79473 1.7407 1.79692 1.83166 1.69297 1.78356 1.71839 1.77003 1.69941 1.81863 1.77431 1.74227 1.80466 1.82956 1.76738 1.79784 1.84479 1.75926 1.83495 1.75631 1.79985 1.83127 1.84754 1.80207 1.84505 1.83307 1.80058 1.7874 1.77201 1.74956 1.69045 1.8034
1.7162 1.7225 1.77715 1.66698 1.67184 1.77291 1.74519 1.64483 1.77212 1.71491 1.71415 1.7785 1.69515 1.69617 1.61141 1.73505 1.72646 1.66747 1.61405 1.71912 1.6791 1.8092 1.79661 1.74938 1.6931 1.7703 1.68969 1.71698 1.79671 1.86599 1.7718 1.75675 1.7281 1.68972 1.80102 1.70565 1.71162 1.76447 1.71219 1.79938 1.76222 1.68641 1.70174 1.71088 1.66669 1.71886 1.77902 1.69865
1.73802 1.82855 1.79974 1.81639 1.76731 1.7881 1.85072 1.83349 1.80836 1.85707 1.82295 1.8078 1.84044 1.83398 1.82279 1.86111 1.80116 1.84755 1.8088 1.84193 1.82906 1.80929 1.74808 1.8428 1.86898 1.84141 1.82005 1.80214 1.79777 1.73013 1.73281 1.83755 1.84993 1.85224 1.84926 1.82004 1.84917 1.80825 1.815 1.85211 1.84724 1.75991 1.83357 1.77536 1.82423
1.79001 1.66759 1.73575 1.66725 1.81009 1.7524 1.75079 1.6388 1.75185 1.72111 1.71586 1.72838 1.72194 1.77981 1.75765 1.71226 1.6929 1.78779 1.73927 1.69833 1.77785 1.71918 1.67049 1.73193 1.71786 1.7976 1.71691 1.73091 1.74341 1.76853 1.78393 1.60663 1.75081 1.80164 1.81874 1.7811 1.76794 1.76132 1.63728 1.72167 1.78446 1.68383 1.72319 1.79304 1.62026 1.78032
1.77829 1.78603 1.76927 1.79992 1.81435 1.81275 1.81936 1.79572 1.74955 1.81046 1.77318 1.77006 1.79944 1.7834 1.82219 1.8231 1.74674 1.7576 1.71286 1.68226 1.77638 1.85853 1.75975 1.75824 1.76263 1.75769 1.79622 1.77219 1.83943 1.78113 1.83444 1.79686 1.77585 1.83076 1.81369 1.82042 1.76863 1.82244 1.79422 1.71672 1.76675 1.79486 1.73194 1.77335 1.79122 1.84099 1.72576 1.80089 1.75188 1.81633
1.82973 1.80739 1.77539 1.7841 1.80254 1.84423 1.81157 1.81301 1.81196 1.83038 1.81472 1.82283 1.82224 1.78492 1.79033 1.81534 1.8117 1.80337 1.78558 1.79674 1.83272 1.80403 1.84938 1.79629 1.84042 1.67066 1.8047 1.81349 1.81063 1.81298 1.81462 1.81381 1.79547 1.83419 1.83407 1.84693 1.80577 1.74658 1.82781 1.81523 1.8362 1.79177 1.83708 1.82407 1.8041 1.77952 1.80909 1.74021 1.79901 1.77922 1.8332 1.83264 1.83135 1.79597 1.80911 1.77024 1.77027 1.8271
