1.83114 1.85832 1.77733 1.82463 1.84609 1.84224 1.80351 1.85741 1.82524 1.83796 1.83688 1.82017 1.84725 1.84498 1.84023 1.84841 1.84902 1.81314 1.8442 1.81242 1.83962 1.81234 1.8006 1.84171 1.84086 1.84734 1.7982 1.80655 1.80668 1.81717 1.83285 1.82328 1.85976 1.85963 1.78911 1.83914 1.8489 1.82577 1.83706 1.83142 1.83993 1.84041 1.8328 1.82146 1.79885 1.79188 1.7312 1.84115 1.83181 1.83184 1.82418 1.85435 1.83746 1.84606 1.83148 1.85584 1.84052 1.79013 1.82323 1.83574 1.82977 1.82157 1.8325 1.84122 1.8379 1.82877 1.85184
1.83883 1.83521 1.83742 1.82905 1.84137 1.86163 1.83692 1.85261 1.84921 1.8343 1.86178 1.86691 1.84421 1.84281 1.82317 1.84317 1.82733 1.83987 1.8464 1.84504 1.85568 1.84993 1.85199 1.85118 1.86062 1.83772 1.84777 1.84954 1.8489 1.84954 1.86129 1.82872 1.83387 1.83935 1.86429 1.8318 1.82022 1.85201 1.79706 1.85496 1.83045 1.85548 1.8519 1.76061 1.84797 1.83684 1.86498 1.82838 1.83412 1.84285 1.81477 1.8328 1.85006 1.83924 1.83488 1.82463 1.83995 1.82022 1.8448 1.8235 1.82827 1.85821 1.82644 1.8565 1.83674
1.83714 1.845 1.80902 1.83403 1.82852 1.82846 1.83194 1.82025 1.81867 1.8193 1.846 1.81882 1.83765 1.81445 1.85077 1.83181 1.83104 1.81627 1.81086 1.84199 1.83038 1.82684 1.80965 1.85349 1.80555 1.8263 1.81674 1.83375 1.83397 1.81991 1.82712 1.8179 1.83127 1.84299 1.85627 1.82117 1.84235 1.8236 1.84208 1.82755 1.8382 1.85671 1.84327 1.8375
1.83315 1.83484 1.84589 1.80431 1.84527 1.86035 1.83311 1.85956 1.85445 1.84174 1.82237 1.82552 1.83428 1.826 1.84627 1.8312 1.83404 1.83579 1.83178 1.84215 1.84305 1.83005 1.84831 1.82729 1.83191 1.82867 1.81403 1.84235 1.82283 1.82154 1.84585 1.85061 1.81752 1.80489 1.85422 1.83936 1.87982 1.83235 1.84816 1.8521 1.85154 1.86061 1.82732 1.84765 1.85429 1.82836 1.84792 1.84288 1.83625 1.84502 1.85081
1.85243 1.84889 1.86504 1.84346 1.81612 1.84065 1.86504 1.82297 1.85473 1.84954 1.84243 1.83487 1.84068 1.85542 1.82922 1.85956 1.7858 1.85909 1.82958 1.85159 1.8675 1.8342 1.83868 1.83937 1.85937 1.82998 1.84197 1.85197 1.8535 1.84028 1.8729 1.83774 1.85036 1.85373 1.84328 1.85894 1.8532 1.84533 1.82475 1.86367 1.81909 1.83874 1.85618 1.8265 1.85248 1.83041 1.83746 1.85074 1.84375 1.83199 1.82781 1.86207 1.82659 1.84107 1.84529 1.85117 1.81714 1.83481 1.83384 1.84387 1.84427 1.85782 1.85778 1.8484 1.83192 1.8382
1.83116 1.85632 1.80113 1.84886 1.84419 1.78428 1.844 1.83717 1.82192 1.85374 1.83946 1.85052 1.84737 1.8558 1.84083 1.86194 1.79279 1.84067 1.8411 1.85693 1.84092 1.84633 1.86151 1.85687 1.85905 1.83604 1.84775 1.87283 1.89026 1.84682 1.85315 1.87894 1.7935 1.84598 1.84859 1.83359 1.84976 1.82613 1.81051 1.83767 1.84121 1.85384 1.80551 1.82755 1.83537 1.85821 1.85764 1.83495 1.84945 1.79366 1.83802 1.86117 1.83853 1.85928 1.85687 1.83114 1.79528 1.84751 1.84562 1.8537 1.85525 1.84876 1.85163 1.85374 1.84252 1.81727 1.83116
1.84132 1.82049 1.842 1.85173 1.82946 1.82357 1.82367 1.8456 1.83264 1.83732 1.79278 1.80058 1.84715 1.85253 1.85399 1.83362 1.83468 1.82207 1.78743 1.88013 1.84001 1.82354 1.82582 1.83583 1.83919 1.8537 1.8248 1.83262 1.83904 1.83001 1.8395 1.82477 1.8117 1.8269 1.8209 1.82807 1.80434 1.82712 1.84157 1.8153 1.83349 1.82712 1.84044 1.84587 1.83394 1.80749 1.83498 1.83804 1.82497 1.83952 1.8532 1.83102 1.84951 1.82664
1.84727 1.83849 1.8537 1.80329 1.81259 1.76328 1.8279 1.8435 1.82956 1.8077 1.80134 1.84086 1.85701 1.81915 1.83783 1.84125 1.82046 1.83143 1.83742 1.83143 1.83234 1.82506 1.84545 1.83137 1.81731 1.86741 1.83003 1.82681 1.82411 1.84649 1.83435 1.85298 1.81447 1.83073 1.82562 1.82729 1.8408 1.79933 1.84097 1.83392 1.82901 1.82871 1.85843 1.8183 1.83902 1.85593 1.8398 1.85523
1.83996 1.8381 1.85469 1.82639 1.82532 1.84368 1.81986 1.83969 1.83453 1.82567 1.84699 1.83782 1.83235 1.85018 1.8568 1.81325 1.84806 1.80471 1.82252 1.82234 1.85306 1.83838 1.83055 1.84541 1.83849 1.82796 1.85204 1.82834 1.83802 1.8278 1.81482 1.82538 1.81799 1.79751 1.83736 1.85062
1.84292 1.8429 1.85688 1.85194 1.83876 1.79714 1.84459 1.83489 1.83483 1.83936 1.83799 1.83251 1.8233 1.84268 1.84911 1.84043 1.84691 1.84367 1.85934 1.85447 1.8575 1.85757 1.84713 1.85091 1.8639 1.83837 1.84136 1.8372 1.81121 1.83893 1.82712 1.82018 1.85478 1.84167 1.85446 1.84716 1.83614 1.83849 1.8537 1.81769 1.84543 1.8448 1.85567 1.82751 1.82475 1.8424 1.85687 1.83804 1.83784 1.85004 1.83931 1.84729 1.85016 1.84033 1.82827 1.84474 1.85646 1.84087 1.83908
1.84104 1.84551 1.8527 1.85398 1.84841 1.84444 1.85372 1.85085 1.84938 1.83151 1.85595 1.83289 1.86047 1.85294 1.85277 1.82506 1.84577 1.84809 1.82447 1.84295 1.84183 1.84019 1.82918 1.84515 1.84515 1.84507 1.84489 1.85602 1.84367 1.79147 1.83055 1.84574 1.85338 1.85001 1.812 1.86598 1.83973 1.84952 1.8498 1.84177 1.86278 1.85958 1.84856 1.8355 1.84901 1.84856 1.86082 1.84095 1.85054 1.84306 1.84028 1.85813 1.82535 1.86066 1.86022 1.84971 1.84402 1.84491 1.84951 1.84471 1.85996 1.85329
1.82781 1.84997 1.81326 1.83041 1.81808 1.82681 1.82272 1.85338 1.8333 1.85147 1.82028 1.83288 1.79855 1.84075 1.82247 1.82515 1.84589 1.8401 1.86391 1.8261 1.83416 1.84361 1.8246 1.84592 1.85215 1.8505 1.86834 1.83317 1.83311 1.84343 1.84564 1.85709 1.84098 1.83516 1.82996 1.83211 1.82517 1.82652 1.83443 1.82039 1.84314 1.81533 1.83651 1.84882 1.8388 1.85143 1.82966 1.82949 1.84597 1.85709 1.83115 1.84334 1.8483 1.77937
1.84935 1.81707 1.83295 1.80795 1.84714 1.8319 1.86576 1.85492 1.85635 1.82892 1.83838 1.85227 1.84906 1.85295 1.8578 1.8253 1.85294 1.85518 1.83867 1.85532 1.85551 1.85264 1.85047 1.84247 1.84388 1.83379 1.8395 1.84557 1.83503 1.82742 1.82281 1.84769 1.8349 1.82451 1.84693 1.85786 1.86142 1.82978 1.85384 1.83356 1.83169 1.81938 1.85031 1.83849 1.84624 1.83063 1.83518 1.82089 1.83504 1.85698 1.85725 1.85966 1.84616
1.83922 1.83206 1.82459 1.84467 1.84042 1.82656 1.84812 1.86476 1.83869 1.84708 1.83057 1.8442 1.79476 1.86748 1.81707 1.8428 1.86294 1.83925 1.85907 1.86353 1.83886 1.84256 1.82905 1.84117 1.85343 1.84909 1.85404 1.82099 1.83381 1.85469 1.84316 1.84427 1.8473 1.84025 1.85116 1.84053 1.8517 1.84526 1.84526 1.84274 1.84541 1.84648 1.83021 1.83567 1.84255 1.83966 1.8374 1.81069 1.82899 1.81953 1.83767 1.83811 1.84718 1.83342 1.84386
1.82248 1.83968 1.8544 1.84891 1.84231 1.85281 1.83668 1.84277 1.83811 1.85098 1.82546 1.83742 1.82883 1.82698 1.83791 1.85156 1.84365 1.84904 1.83428 1.83414 1.83076 1.84145 1.83534 1.84402 1.84968 1.84097 1.83536 1.84791 1.83866 1.85217 1.8262 1.84865 1.82386 1.82129 1.83374 1.82443 1.84834 1.84451 1.84895 1.83617 1.82356 1.8378 1.83971 1.83474 1.83916 1.84046 1.84056 1.84079 1.84875 1.82669 1.81561 1.83271 1.81565 1.8425 1.85819 1.84642 1.85572 1.84429 1.83797 1.8404 1.84263 1.85282
1.82999 1.84902 1.84212 1.83097 1.81619 1.83719 1.83747 1.86739 1.84683 1.83371 1.85266 1.84045 1.85126 1.83081 1.85438 1.85234 1.84175 1.82876 1.81557 1.82004 1.83889 1.83425 1.8675 1.84845 1.85251 1.83447 1.8461 1.81447 1.86335 1.82273 1.82825 1.86335 1.861 1.84137 1.83483 1.83805 1.86531 1.85308 1.8345 1.85551 1.86531 1.85736 1.8616 1.83901 1.83056 1.83884 1.86225
1.8282 1.83362 1.84698 1.83937 1.79169 1.83765 1.85353 1.84019 1.84022 1.83717 1.84361 1.84443 1.83004 1.84645 1.82764 1.83742 1.83013 1.81495 1.83318 1.83721 1.84008 1.8328 1.84374 1.80633 1.84327 1.82131 1.82701 1.83651 1.8362 1.83528 1.83529 1.83063 1.83581 1.8586 1.83348 1.80948 1.84544 1.83269 1.83379 1.84345 1.8085 1.83243 1.84012 1.82842 1.8291 1.82714 1.84867
1.82535 1.84925 1.82925 1.84893 1.84436 1.85912 1.84768 1.85638 1.84527 1.85227 1.84703 1.84898 1.84765 1.84716 1.85253 1.83472 1.84717 1.85205 1.85403 1.83774 1.84519 1.84054 1.8393 1.83564 1.84884 1.80392 1.83401 1.83373 1.83323 1.80443 1.85295 1.83598 1.84801 1.84231 1.83687 1.8366 1.83881 1.83911 1.87623 1.85436 1.84523 1.863 1.84792 1.84341 1.85377 1.8315 1.85372 1.8647 1.82238 1.83274 1.83321
