1.84563 1.82426 1.84757 1.83849 1.82426 1.82612 1.84284 1.82876 1.83415 1.81695 1.82436 1.831 1.84581 1.80722 1.84913 1.83765 1.85156 1.80757 1.83057 1.8495 1.84994 1.84013 1.85614 1.82823 1.77224 1.82161 1.83035 1.82467 1.82947 1.82447 1.82849 1.8269 1.8585 1.82641 1.83622 1.84309 1.84591 1.84643 1.78185 1.80286 1.81814 1.8345 1.80912 1.83443 1.81104 1.83992 1.83959 1.81663 1.84089 1.84812
1.84295 1.84702 1.81426 1.83295 1.83434 1.82419 1.81319 1.81993 1.87802 1.83262 1.84337 1.84731 1.83122 1.81861 1.83101 1.85474 1.81701 1.8385 1.83644 1.84977 1.84556 1.81435 1.84522 1.8355 1.83919 1.81125 1.83148 1.84736 1.84654 1.8483 1.81514 1.82966 1.85289 1.84377 1.80873 1.85569 1.85428 1.8471 1.8141 1.82874 1.83557 1.82299 1.83645 1.84645 1.84176 1.86436 1.8546 1.85181 1.86888
1.86844 1.83681 1.84165 1.82448 1.84416 1.81636 1.84374 1.84365 1.84514 1.84053 1.83602 1.81983 1.81714 1.80801 1.84414 1.83869 1.82829 1.83491 1.83833 1.82308 1.75007 1.84196 1.8235 1.82092 1.84307 1.82953 1.84299 1.8184 1.84244 1.82458 1.84227 1.81767 1.80695 1.83012 1.74438 1.82996 1.8046 1.8382 1.81585 1.81136 1.83585 1.80611 1.84768 1.8374 1.72025 1.82074 1.78266 1.82522 1.83653 1.83569
1.82919 1.8598 1.84809 1.8315 1.85404 1.85574 1.83793 1.85308 1.82983 1.84979 1.84401 1.84201 1.8371 1.83285 1.82445 1.83879 1.84262 1.82631 1.85267 1.8405 1.85046 1.8267 1.83047 1.8418 1.82368 1.85328 1.84253 1.82638 1.83988 1.84014 1.83396 1.85215 1.83956 1.79457 1.84069 1.82966 1.86257 1.84506 1.82986 1.82387 1.81455 1.83541 1.84795 1.86218 1.84642 1.83347 1.85205 1.80408 1.84612 1.82102 1.84765 1.82465 1.86134 1.81298 1.80395
1.82917 1.85723 1.84799 1.84014 1.84599 1.82335 1.84345 1.82096 1.82108 1.81439 1.82542 1.85534 1.85491 1.84997 1.80754 1.84581 1.81609 1.83995 1.82575 1.84996 1.804 1.82091 1.80817 1.82355 1.82045 1.80231 1.8414 1.83118 1.82081 1.83018 1.83161 1.82327 1.82038 1.8201 1.84887 1.82576 1.86023 1.83076 1.82201 1.82403 1.83053 1.82026 1.83455 1.84521 1.83737 1.79086
1.80899 1.83162 1.85641 1.82261 1.83648 1.84388 1.82262 1.82903 1.79801 1.83111 1.81646 1.83383 1.84234 1.83784 1.83314 1.8483 1.82252 1.84821 1.80245 1.84754 1.83015 1.84887 1.84669 1.82102 1.82324 1.82081 1.83272 1.81369 1.83977 1.83617 1.81579 1.87458 1.81777 1.83855 1.84471 1.8358 1.83849 1.84365 1.83701 1.81975 1.814 1.84378 1.82155 1.83607 1.81092 1.84732 1.81472 1.83769 1.87028 1.84357 1.84051 1.84388
1.86013 1.84251 1.84554 1.85498 1.87029 1.86454 1.84602 1.84916 1.85973 1.85158 1.8552 1.86124 1.8617 1.8692 1.83521 1.85751 1.85721 1.86693 1.85029 1.86117 1.86367 1.8469 1.85154 1.85173 1.85609 1.85585 1.86257 1.85788 1.82858 1.84802 1.85217 1.85593 1.83538 1.70072 1.83743 1.84559 1.86139 1.84448 1.86414 1.83205 1.84314 1.84555 1.84807 1.85496 1.85619 1.8557 1.84459 1.83795 1.84912 1.85966 1.84963 1.85481 1.84315 1.84604 1.84379 1.85304 1.84606 1.89186 1.854 1.86053 1.85379
1.84312 1.82897 1.84754 1.83328 1.81313 1.83328 1.8265 1.82859 1.83868 1.81151 1.82752 1.83679 1.83791 1.83941 1.80566 1.83791 1.82485 1.83555 1.83429 1.81167 1.82024 1.81918 1.84897 1.81898 1.84187 1.83732 1.85357 1.83843 1.82767 1.84152 1.8077 1.83176 1.83893 1.83929 1.84423 1.84666 1.85333 1.82716 1.82952 1.83746 1.82164 1.82791 1.83858 1.82983 1.79382 1.81648 1.8502 1.83976 1.83833 1.82697
1.81828 1.84436 1.83068 1.84954 1.85352 1.83141 1.81896 1.82516 1.8303 1.81979 1.80522 1.8072 1.81002 1.82435 1.84779 1.83595 1.83362 1.85689 1.82666 1.82498 1.82231 1.81424 1.83903 1.85692 1.8444 1.8369 1.84634 1.82434 1.84395 1.84352 1.8418 1.83353 1.84009 1.84113 1.83399 1.83819 1.82183 1.83728 1.83214 1.8499 1.84482 1.84018 1.8325 1.84472 1.81084 1.83358 1.83669 1.82408 1.81859 1.8309 1.83617 1.84503 1.84562
1.81304 1.83363 1.82539 1.83465 1.83247 1.80155 1.83163 1.81376 1.82218 1.83949 1.8193 1.82155 1.85264 1.8221 1.8199 1.79896 1.82988 1.79521 1.79521 1.84511 1.82803 1.83115 1.80214 1.83666 1.7977 1.80646 1.81192 1.83051 1.80908 1.82629 1.82032 1.83957 1.82981 1.84043 1.82561 1.85076 1.84672 1.83306 1.81368 1.8296 1.82526 1.82576 1.80163 1.86672 1.8463 1.83084
1.85752 1.8382 1.82614 1.81993 1.83362 1.80508 1.85544 1.83139 1.86222 1.84603 1.83609 1.85158 1.83577 1.83909 1.87118 1.85255 1.83582 1.84465 1.84651 1.84406 1.8245 1.85262 1.8316 1.85384 1.82752 1.8397 1.81814 1.80981 1.81296 1.85676 1.86032 1.81536 1.82937 1.83448 1.85969 1.85227 1.85294 1.82379 1.85694 1.84482 1.81628 1.84401 1.83374 1.84298 1.83564 1.83773 1.82997 1.84411 1.81805 1.82879 1.84654 1.84337 1.82792 1.81722 1.84265 1.85302 1.82467
1.79814 1.8153 1.82628 1.82997 1.80267 1.80373 1.81819 1.82851 1.83393 1.8445 1.82257 1.81503 1.84008 1.81886 1.83881 1.80565 1.80098 1.81449 1.80552 1.81394 1.80239 1.84059 1.82209 1.82536 1.82914 1.8515 1.83295 1.78264 1.83871 1.76863 1.78771 1.81717 1.83421 1.75402 1.81962 1.82296 1.84588 1.81427 1.80515 1.81989 1.82285 1.83461 1.8231 1.85751 1.8279 1.82767 1.82332 1.82901 1.81646 1.83077
1.8601 1.85184 1.82253 1.84645 1.83136 1.85704 1.82354 1.84019 1.84049 1.84665 1.84386 1.85585 1.8461 1.85969 1.83409 1.84953 1.84007 1.84144 1.85279 1.84229 1.84623 1.85495 1.86306 1.84212 1.84685 1.85101 1.84026 1.84902 1.8557 1.84109 1.84768 1.83303 1.83968 1.83705 1.83864 1.85579 1.85388 1.79879 1.84592 1.85856 1.8451 1.81185 1.84942 1.84514 1.82097 1.84772 1.84576 1.84157 1.84514 1.84025 1.85318 1.84733 1.84397 1.82734 1.83418 1.8424 1.84957 1.82594
1.8326 1.82434 1.84002 1.85039 1.84521 1.84397 1.77837 1.83101 1.82625 1.85027 1.80989 1.82137 1.84863 1.80752 1.83554 1.85144 1.83311 1.836 1.85249 1.83674 1.84242 1.83472 1.84624 1.85815 1.82303 1.84906 1.85308 1.86274 1.82093 1.84998 1.83425 1.83809 1.84707 1.81035 1.82375 1.84648 1.84713 1.84876 1.86167 1.85374 1.84639 1.8512 1.82961 1.83495 1.83031 1.83033 1.84932 1.83721 1.86484 1.8384 1.85778 1.8308 1.85106
1.85167 1.85736 1.82575 1.84098 1.86056 1.82424 1.87486 1.84357 1.86271 1.85995 1.83224 1.83634 1.84261 1.84263 1.8461 1.84951 1.87415 1.84371 1.84546 1.85258 1.84673 1.82468 1.8198 1.8459 1.887 1.86286 1.85118 1.83229 1.83684 1.86188 1.86514 1.84522 1.87928 1.84473 1.86247 1.87647 1.8495 1.84948 1.84455 1.85961 1.87726 1.8275 1.86501 1.85517 1.84618
1.81153 1.82657 1.82853 1.82152 1.83738 1.84754 1.84548 1.84937 1.85203 1.83158 1.84819 1.81682 1.8583 1.85175 1.83578 1.8262 1.847 1.84953 1.83885 1.81741 1.81277 1.80213 1.82458 1.83741 1.82983 1.84411 1.84323 1.82458 1.83274 1.8384 1.84237 1.8349 1.83024 1.84497 1.82176 1.80476 1.81394 1.84455 1.81919 1.85027 1.83502 1.82557 1.83509 1.82671 1.84817 1.85695 1.82482 1.83748 1.78011 1.84263 1.84585 1.84972 1.8032 1.82867 1.82607
1.86648 1.84114 1.84418 1.86563 1.83858 1.8552 1.83804 1.84322 1.86428 1.85242 1.83402 1.86003 1.84212 1.84228 1.85449 1.861 1.83337 1.84722 1.84137 1.85325 1.85413 1.84365 1.86109 1.8607 1.8678 1.84977 1.8501 1.8438 1.8466 1.85714 1.86218 1.85297 1.83431 1.85862 1.87508 1.84803 1.84395 1.86127 1.85098 1.85496 1.84736 1.85728 1.86152 1.84996 1.82634 1.8512 1.85768 1.85696 1.84573 1.83193 1.85378 1.8598 1.85067 1.84516 1.82199 1.84189 1.84725 1.85568 1.84496 1.82593 1.84864 1.84596 1.87044 1.86884 1.85196 1.85422 1.86605 1.85595 1.82769 1.85722 1.86761 1.88759 1.85159 1.85471 1.84841 1.87114 1.86376 1.85966 1.85262 1.85095
1.83702 1.79436 1.83076 1.79741 1.83372 1.84094 1.8423 1.84811 1.825 1.83921 1.83346 1.82414 1.81336 1.84355 1.80071 1.84253 1.83559 1.80611 1.84506 1.80914 1.79079 1.82706 1.85361 1.83153 1.82549 1.81215 1.80067 1.83139 1.80509 1.83649 1.82933 1.83537 1.83127 1.80366 1.80713 1.84948 1.78707 1.83153 1.8349 1.83693 1.80364 1.81446 1.78929 1.83512 1.81519 1.81618 1.8247 1.82138 1.85406 1.78851
1.84334 1.83145 1.85028 1.8547 1.8459 1.84026 1.825 1.82915 1.83619 1.83431 1.83926 1.84002 1.82576 1.84601 1.83335 1.84459 1.83408 1.84277 1.85325 1.83484 1.84605 1.81517 1.82307 1.82846 1.82788 1.80454 1.83515 1.81549 1.83734 1.83928 1.82456 1.8246 1.82313 1.83482 1.85753 1.84743 1.84409 1.81575 1.85379 1.82025 1.82522 1.84285 1.81693 1.85712 1.81978 1.83813 1.83554 1.78156 1.84837 1.84498 1.82977 1.83224
1.8388 1.84093 1.83001 1.84381 1.86658 1.83535 1.83581 1.84601 1.8317 1.87056 1.85153 1.85517 1.84001 1.85315 1.82114 1.85369 1.85631 1.80266 1.84523 1.83885 1.83805 1.85293 1.861 1.8229 1.85563 1.85194 1.83434 1.85056 1.83621 1.83259 1.84777 1.84477 1.84381 1.86022 1.82009 1.83872 1.81426 1.83584 1.83789 1.85035 1.84729 1.82608 1.83436 1.84258 1.8483 1.85546 1.85035 1.84991 1.84323
1.8629 1.8392 1.85765 1.85344 1.84565 1.86026 1.84402 1.85049 1.85185 1.86624 1.842 1.83752 1.86644 1.86972 1.84279 1.8465 1.8485 1.8465 1.85331 1.85037 1.85946 1.86913 1.83785 1.85975 1.83178 1.84332 1.85754 1.86068 1.84555 1.86121 1.8606 1.86169 1.83476 1.84866 1.83028 1.85865 1.86414 1.85017 1.8443 1.84141 1.84866 1.85114 1.85849 1.84332 1.84815 1.86105 1.86034 1.8443 1.86789 1.83154 1.82884 1.85648 1.84617 1.84032 1.83219 1.85881 1.84725 1.87756 1.82406 1.81186 1.84209 1.86266 1.85034 1.85559 1.86156 1.84938 1.82914
