1.82588
1.83898
1.83548
1.83068
1.83014
1.83893
1.83909
1.82847
1.83021
1.82551
1.82782
1.79425
1.82626
1.82466
1.81929
1.82935
1.82503
1.8091
1.80689
1.81159
1.8174
1.82033
1.82092
1.82659
1.82739
1.81691
1.80688
1.83945
1.83373
1.84025
1.83649
1.82052
1.83167
1.82789
1.82045
1.82177
1.82946
1.81728
1.82283
1.81939
1.83942
1.82304
1.82789
1.81738
1.81678
1.82397
1.81697
1.82119
1.81785
1.82347
1.82547
1.81896
1.82443
1.80817
1.80022
1.81615
1.81949
1.82925
1.79762
1.81504
1.82435
1.81159
1.80915
1.80821
1.81513
1.80385
1.79797
1.80174

min element: 1.79425
max element: 1.84025
average: 1.82132
