1.83552
1.84092
1.83901
1.83134
1.83269
1.83991
1.84424
1.83074
1.83233
1.82896
1.83099
1.82602
1.83527
1.83123
1.82087
1.83205
1.82784
1.83068
1.83022
1.8118
1.82196
1.82065
1.82457
1.8292
1.8311
1.82773
1.82819
1.84508
1.83861
1.84473
1.84294
1.82936
1.83732
1.83256
1.82962
1.83004
1.83562
1.83183
1.83363
1.83138
1.84653
1.83104
1.83728
1.82879
1.83294
1.8321
1.82467
1.82849
1.82484
1.83348
1.84135
1.83325
1.83385
1.81878
1.81947
1.82792
1.8352
1.83036
1.81426
1.8264
1.8301
1.81925
1.8224
1.8285
1.82716
1.81983
1.81352
1.83288

min element: 1.8118
max element: 1.84653
average: 1.83049
