1.81269
1.82551
1.82245
1.80996
1.7922
1.81882
1.82873
1.80725
1.81092
1.79646
1.80338
1.71647
1.79833
1.79719
1.78964
1.81657
1.79939
1.70907
1.70567
1.79045
1.78001
1.79811
1.78873
1.80462
1.81152
1.79065
1.72583
1.82886
1.8164
1.8272
1.81641
1.79247
1.81569
1.81241
1.79637
1.80366
1.80663
1.78661
1.80756
1.79426
1.82357
1.80697
1.81566
1.78828
1.74808
1.80898
1.74487
1.77192
1.79958
1.74246
1.75115
1.73858
1.74902
1.75843
1.74202
1.74963
1.74934
1.7636
1.73379
1.74332
1.778
1.7713
1.72237
1.74209
1.74564
1.7213
1.72908
1.69319

min element: 1.69319
max element: 1.82886
average: 1.7807
