0.00103176
-0.000285
-0.00229468
-0.000324054
0.00110405
-0.00107182
0.000253333
-0.00114765
0.000760541
-0.00163617
0.00105788
0.0165776
0.00327412
0.00361275
-8.88e-05
0.00098775
-0.0012778
0.007021
0.0120513
0.00100743
0.00380511
0.000236739
0.0021375
-3.88889e-06
0.00211019
0.00459089
0.00915089
0.00149385
-0.000328393
-0.00159356
-0.000118833
0.00213891
0.00114227
-0.000112963
0.00196889
-0.000954884
-0.000239592
0.000804583
0.00276766
0.0007144
-0.000513966
0.00404273
0.000128868
0.00690422
0.0059335
0.000181786
0.00926469
0.00251039
0.00127
0.0116722
0.00787102
0.00519404
0.0048946
0.0106465
0.0103003
0.00811404
0.00716341
0.0024724
0.00787481
0.00358422
0.00128887
0.00668564
0.00641911
0.00533964
0.0051683
0.011739
0.0145362
0.0137819

min element: -0.00229468
max element: 0.0165776
average: 0.00359988
