0.0340029
0.0274133
0.0226455
0.0117069
0.020891
0.0246136
0.0264641
0.0209812
0.0221608
0.0281451
0.0288081
0.10187
0.027041
0.0184398
0.018001
0.00785512
0.0200366
0.128798
0.119409
0.011755
0.0168685
0.0145053
0.0242077
0.0165184
0.0170857
0.017158
0.106427
0.0340825
0.0385646
0.0353544
0.0290202
0.0507138
0.0370857
0.0237054
0.0440167
0.0469833
0.0334058
0.0616504
0.0358329
0.0461282
0.0438862
0.0373265
0.0456719
0.0551093
0.0883271
0.0401469
0.0270302
0.0252542
0.0595775
0.0313718
0.0388359
0.0524543
0.03218
0.0450033
0.0480751
0.035086
0.0530214
0.0453352
0.0435188
0.0363645
0.0251072
0.0314423
0.0647722
0.0535507
0.038922
0.039889
0.0282607
0.14075

min element: 0.00785512
max element: 0.14075
average: 0.0405386
