1.83236
1.84318
1.8413
1.83431
1.83443
1.84316
1.84416
1.83254
1.83612
1.83369
1.8339
1.8262
1.83626
1.83402
1.82608
1.83366
1.8315
1.83822
1.83566
1.81944
1.82713
1.82631
1.82913
1.83121
1.83092
1.8281
1.83192
1.84567
1.84044
1.84696
1.84147
1.83625
1.84026
1.83716
1.82981
1.83252
1.8386
1.83553
1.83301
1.83325
1.84586
1.83143
1.83733
1.83052
1.83366
1.8335
1.82816
1.83095
1.82498
1.83861
1.84158
1.83773
1.83955
1.82894
1.81597
1.83062
1.83937
1.83082
1.81599
1.83201
1.83542
1.82668
1.82617
1.83264
1.82752
1.82324
1.82238
1.83869

min element: 1.81597
max element: 1.84696
average: 1.83333
