1.92981
1.92981
1.92981
1.92981
1.92981
1.92981
1.92981
1.92981
1.92981
1.92981
1.92981
1.92981
1.92981
1.92981
1.92981
1.92981
1.92981
1.92981
1.92981
1.92981
1.92981
1.92981
1.92981
1.92981
1.92981
1.92981
1.92981
1.92981
1.92981
1.92981
1.92981
1.92981
1.92981
1.92981
1.92981
1.92981
1.92981
1.92981
1.92981
1.92981
1.92981
1.92122
1.92981
1.92981
1.92981
1.92981
1.92981
1.92981
1.92981
1.92981
1.92981
1.92981
1.92981
1.92981
1.92981
1.92981
1.92981
1.92981
1.92981
1.92981
1.92981
1.92981
1.92981
1.92981
1.92981
1.92981
1.92981
1.92981

min element: 1.92122
max element: 1.92981
average: 1.92968
