1.81333
1.82275
1.82485
1.81273
1.8049
1.81913
1.82976
1.80683
1.81132
1.7987
1.80666
1.72521
1.80272
1.79169
1.7936
1.8165
1.8026
1.70947
1.71123
1.78833
1.77917
1.79278
1.79151
1.80757
1.81275
1.79132
1.71664
1.82512
1.81956
1.8265
1.81898
1.78859
1.8162
1.80967
1.79658
1.80057
1.80403
1.78887
1.80068
1.798
1.8191
1.8033
1.81454
1.79551
1.727
1.80694
1.73945
1.75652
1.79222
1.7371
1.75249
1.74534
1.74984
1.75998
1.75257
1.75578
1.75943
1.78033
1.72564
1.73708
1.784
1.76564
1.73323
1.7408
1.75188
1.70595
1.72391
1.70647

min element: 1.70595
max element: 1.82976
average: 1.78087
