1.80099
1.81574
1.81862
1.82236
1.81257
1.81931
1.81887
1.81273
1.81544
1.80751
1.80702
1.72884
1.80811
1.8169
1.80658
1.82524
1.81244
1.70866
1.72026
1.80745
1.81076
1.81157
1.80468
1.81443
1.81652
1.81116
1.72625
1.81342
1.80226
1.81113
1.81381
1.78544
1.80287
1.81139
1.78759
1.78758
1.80706
1.77468
1.79946
1.78673
1.80393
1.79644
1.79421
1.77775
1.74826
1.79423
1.80299
1.80555
1.76819
1.80745
1.80435
1.78532
1.80727
1.78622
1.77666
1.79672
1.78606
1.79738
1.77453
1.79585
1.81171
1.79626
1.76301
1.77984
1.79288
1.78805
1.792
1.69963

min element: 1.69963
max element: 1.82524
average: 1.79408
