0.0187661
0.0213983
0.01074
0.00481722
0.0107726
0.0123962
0.0130629
0.00797788
0.0100329
0.00814957
0.00990442
0.0613222
0.0150106
0.00881039
0.011834
0.0073655
0.0118778
0.168881
0.137859
0.009325
0.0044434
0.00754652
0.00728396
0.00890345
0.00835185
0.00895643
0.142976
0.0452537
0.02555
0.0368873
0.0326713
0.0397367
0.0317029
0.0240946
0.0228419
0.0286044
0.0200767
0.0486287
0.0161187
0.0313764
0.0210959
0.0186047
0.0220096
0.0550377
0.14443
0.0414371
0.0190736
0.0176265
0.0605069
0.0280456
0.0239569
0.0283532
0.0209282
0.0216748
0.0218363
0.0200437
0.0319407
0.0133336
0.0300531
0.0288782
0.0121883
0.0188405
0.0327118
0.0322982
0.035047
0.0201817
0.0183977
0.178885

min element: 0.0044434
max element: 0.178885
average: 0.0319077
