1.82796
1.83861
1.83717
1.82978
1.82779
1.84042
1.84108
1.82914
1.83033
1.82773
1.82872
1.79671
1.8281
1.82967
1.82026
1.83249
1.82675
1.80797
1.80192
1.81473
1.81995
1.82175
1.82363
1.83044
1.82917
1.82351
1.80404
1.84003
1.8326
1.839
1.83463
1.82085
1.82993
1.82958
1.82235
1.82127
1.83305
1.81847
1.8292
1.82069
1.84093
1.82594
1.83013
1.81566
1.81286
1.82329
1.81734
1.81788
1.81773
1.82723
1.82689
1.82358
1.82707
1.81183
1.80169
1.81699
1.82453
1.8205
1.80094
1.81628
1.82729
1.81351
1.81137
1.81384
1.81296
1.80684
1.80712
1.79874

min element: 1.79671
max element: 1.84108
average: 1.82254
