0.000901765
-0.00372194
0.00851935
0.0183159
0.0314548
0.0119504
0.0023702
0.0164147
0.0151689
0.0290828
0.0206217
0.0464455
0.0238814
0.0280214
0.0246108
0.0092861
0.02023
-0.037572
-0.012438
0.0196617
0.042677
0.022246
0.0330452
0.0176944
0.0110444
0.0298018
-0.038305
-0.0284423
-0.00108636
-0.0171336
-0.00761067
0.00414127
-0.00706246
0.00112019
0.00957
0.000725
0.011898
0.000294375
0.0096937
0.0076136
0.00124719
0.00585
-0.000336415
-0.0108586
-0.0644521
-0.0167277
0.0639655
0.0367108
-0.0351122
0.068601
0.0662046
0.0703186
0.06952
0.0488361
0.0553645
0.0604857
0.0578491
0.0485162
0.0565356
0.0602045
0.0452336
0.0386132
0.0756616
0.0594104
0.0468319
0.0801704
0.0765663
-0.0341059

min element: -0.0644521
max element: 0.0801704
average: 0.0206799
