0.0216547
0.020406
0.0169772
0.0215267
0.0310041
0.0244518
0.0155816
0.0268838
0.0262779
0.0369619
0.0290075
0.106196
0.0349442
0.0436447
0.03098
0.0166039
0.0304424
0.129013
0.126582
0.0308747
0.0484564
0.0337737
0.0375165
0.0233231
0.0208591
0.0394162
0.11744
0.0223782
0.021162
0.0199793
0.0240025
0.0477033
0.0233533
0.0255526
0.0350189
0.0340042
0.0370596
0.0474677
0.0346125
0.0348572
0.0286107
0.0304705
0.0252442
0.0390164
0.109421
0.0276157
0.0911651
0.0742863
0.0346749
0.101257
0.0906965
0.0924326
0.0892324
0.0712409
0.0733228
0.0751451
0.0796523
0.0625715
0.0923096
0.0951336
0.0528183
0.0617874
0.0938311
0.0925885
0.0806869
0.12404
0.0969785
0.134926

min element: 0.0155816
max element: 0.134926
average: 0.0539574
