1.83449
1.84121
1.84131
1.83167
1.83158
1.84282
1.84399
1.83189
1.83217
1.83059
1.82994
1.80944
1.83199
1.82762
1.82096
1.83108
1.82912
1.82405
1.81817
1.81082
1.81816
1.82042
1.82284
1.8296
1.82899
1.82288
1.81805
1.84359
1.83894
1.84633
1.84306
1.82723
1.83617
1.83268
1.82765
1.831
1.83586
1.83103
1.83086
1.83067
1.84704
1.827
1.83715
1.82189
1.82701
1.83203
1.81338
1.8225
1.82357
1.82163
1.83348
1.82806
1.82895
1.80813
1.80917
1.81996
1.82804
1.82299
1.80663
1.82282
1.82881
1.81403
1.81738
1.82316
1.81872
1.80649
1.80029
1.8191

min element: 1.80029
max element: 1.84704
average: 1.82677
