1.83499
1.84316
1.84126
1.83449
1.83485
1.84392
1.84534
1.83371
1.8376
1.83566
1.83583
1.83093
1.83722
1.83534
1.82458
1.83264
1.83248
1.83776
1.83855
1.81921
1.82763
1.82607
1.82889
1.83095
1.83361
1.83103
1.83241
1.8475
1.84072
1.84648
1.84283
1.83615
1.83956
1.8351
1.8316
1.83386
1.84109
1.83633
1.83485
1.83286
1.84782
1.83377
1.83987
1.83286
1.836
1.8343
1.83002
1.8308
1.82743
1.83882
1.84318
1.83777
1.83945
1.83123
1.82474
1.8318
1.83908
1.84271
1.8177
1.83165
1.83682
1.82693
1.82737
1.83339
1.83181
1.82822
1.82026
1.84007

min element: 1.8177
max element: 1.84782
average: 1.83463
