1.81359
1.82178
1.83056
1.82828
1.82365
1.83077
1.8311
1.82366
1.82609
1.82554
1.824
1.76262
1.82174
1.82521
1.81425
1.82646
1.81879
1.6698
1.69663
1.81011
1.82268
1.81826
1.82184
1.82258
1.82257
1.82164
1.68966
1.80042
1.8148
1.81007
1.80879
1.79662
1.80848
1.81307
1.80594
1.80438
1.81853
1.7869
1.81725
1.80187
1.82476
1.81282
1.81532
1.77743
1.68956
1.79225
1.80908
1.80864
1.76447
1.81109
1.81762
1.80938
1.81862
1.80727
1.79414
1.81081
1.80743
1.81211
1.78583
1.80353
1.82323
1.80783
1.79592
1.80034
1.78405
1.80451
1.80398
1.66343

min element: 1.66343
max element: 1.8311
average: 1.80127
