-0.0942851
-0.0888871
-0.0907953
-0.0984673
-0.0971248
-0.0899013
-0.0855667
-0.0990697
-0.0974755
-0.100853
-0.0988152
-0.103792
-0.0945424
-0.098579
-0.108936
-0.0977563
-0.101972
-0.0991338
-0.0995854
-0.118007
-0.107845
-0.109158
-0.105244
-0.100611
-0.0987131
-0.102079
-0.101624
-0.0847291
-0.0912007
-0.0850753
-0.0868685
-0.100446
-0.0924947
-0.0972467
-0.10019
-0.0997663
-0.0941935
-0.0979752
-0.0961779
-0.0984282
-0.0832812
-0.0901778
-0.0925332
-0.101019
-0.0968675
-0.0977072
-0.105143
-0.101323
-0.104973
-0.0963336
-0.0884627
-0.0965572
-0.0959606
-0.111034
-0.110339
-0.101892
-0.094608
-0.0994508
-0.115554
-0.103409
-0.0997066
-0.11056
-0.107406
-0.101312
-0.102653
-0.109981
-0.11629
-0.0969314

min element: -0.118007
max element: -0.0832812
average: -0.0991923
