0.0196678
0.0176764
0.0190037
0.0246558
0.0422274
0.0243467
0.0154331
0.0247279
0.0252018
0.0372323
0.0305262
0.106731
0.0358365
0.0368318
0.0364448
0.0172327
0.0321078
0.129165
0.129567
0.0289867
0.0471204
0.0294559
0.040384
0.0265978
0.0193963
0.03789
0.105805
0.0168114
0.0247711
0.0197537
0.0250607
0.0438779
0.0245773
0.0246898
0.0338877
0.0293961
0.0319747
0.0489231
0.0258124
0.03899
0.0221272
0.0244547
0.0216732
0.0441791
0.0855793
0.0247095
0.0835267
0.0595696
0.0253947
0.0957181
0.0903994
0.0981082
0.0900504
0.0705109
0.0764864
0.0799355
0.0901619
0.0650144
0.0827069
0.0890827
0.0574219
0.0579121
0.103606
0.0905941
0.0818789
0.10256
0.093672
0.146438

min element: 0.0154331
max element: 0.146438
average: 0.0526801
