-0.0123482
-0.00700736
-0.00597261
0.00963081
0.00847659
-0.000532727
-0.0108825
0.00590265
0.00411711
0.00881681
0.000566275
0.00375609
0.0079032
0.0252049
0.012979
0.00874095
0.0101941
-0.00147468
0.0038902
0.0191197
0.0315879
0.0192626
0.0132029
0.00667964
0.00377333
0.0198349
0.0103112
-0.0117043
-0.0174027
-0.0153751
-0.00518085
-0.00127556
-0.0129777
0.00196887
-0.00899778
-0.012985
0.00412208
-0.0141827
-0.00122042
-0.011271
-0.0150396
-0.006856
-0.021021
-0.0168245
0.0214682
-0.0126222
0.0643323
0.0490321
-0.0240212
0.0699018
0.0518606
0.0399783
0.057749
0.0272674
0.0269325
0.0419161
0.0266309
0.0217204
0.0485973
0.0587691
0.0277111
0.0305192
0.0310502
0.0390378
0.04336
0.0845679
0.067808
-0.000452273

min element: -0.0240212
max element: 0.0845679
average: 0.013568
