1.83634
1.84426
1.83991
1.83105
1.83354
1.8391
1.84433
1.83232
1.83421
1.83123
1.83107
1.82264
1.83415
1.83036
1.82289
1.83264
1.83077
1.83159
1.82774
1.81225
1.82304
1.82251
1.82659
1.83048
1.83197
1.82386
1.82405
1.84535
1.83992
1.8475
1.84469
1.83173
1.83859
1.83276
1.83119
1.83373
1.83591
1.83337
1.83385
1.8324
1.8464
1.83103
1.83802
1.82743
1.83229
1.83205
1.81668
1.82649
1.82677
1.82754
1.83733
1.83257
1.83364
1.82205
1.81559
1.82433
1.83463
1.83111
1.81318
1.82503
1.83129
1.81925
1.82045
1.82458
1.82814
1.81494
1.80518
1.82913

min element: 1.80518
max element: 1.8475
average: 1.83019
