-0.11539
-0.10466
-0.10265
-0.09517
-0.08377
-0.1068
-0.09583
-0.1195
-0.10686
-0.0944
-0.12303
-0.08044
-0.11149
-0.14046
-0.10788
-0.11405
-0.10264
-0.11141
-0.13265
-0.12072
-0.08858
-0.09996
-0.10352
-0.087
-0.07132
-0.13604
-0.087
-0.08128
-0.09511
-0.09681
-0.12418
-0.09134
-0.08947
-0.11803
-0.12418
-0.10339
-0.13691
-0.10419
-0.1093
-0.11434
-0.11607
-0.09935
-0.09136
-0.11021
-0.09437
-0.12019
-0.09277
-0.10168
-0.10314
-0.11312
-0.07529
-0.09438
-0.09435
-0.09278
-0.14563
-0.11618
-0.08814
