-0.09483
-0.1008
-0.10939
-0.1214
-0.10366
-0.13551
-0.08292
-0.1273
-0.09526
-0.113
-0.10113
-0.10242
-0.11934
-0.11082
-0.11585
-0.0954
-0.12358
-0.09845
-0.10863
-0.10203
-0.11537
-0.13975
-0.11308
-0.1056
-0.09854
-0.08313
-0.116
-0.11687
-0.09854
-0.09855
-0.12006
-0.09042
-0.10376
-0.09526
-0.0907
-0.1
-0.09812
-0.14419
-0.08982
-0.12261
-0.07303
-0.10101
-0.10466
-0.12517
-0.09759
-0.09339
-0.08203
-0.09339
-0.10075
-0.10115
-0.10832
-0.1016
-0.09115
-0.11361
-0.10248
-0.11926
-0.10885
-0.08661
-0.09826
