-0.0211
-0.01417
0.00257
0.05008
-0.01102
-0.03754
-0.00586
0.04044
-0.00622
-0.03063
-0.01483
-0.04404
-0.00227
0.07212
-0.00668
-0.00515
0.03669
-0.03215
0.06389
0.00082
0.07931
-0.01419
0.02022
-0.06225
0.04156
-0.03005
-0.04073
0.01292
0.04771
-0.00807
-0.02579
0.00447
-0.01394
0.02418
-0.01269
-0.00717
-0.01823
0.10012
-0.04902
-0.04348
-0.02948
0.00857
-0.01962
-0.00777
-0.02563
-0.01799
-0.04243
-0.03394
-0.01497
-0.05791
0.00863
0.00861
-0.01204
-0.00386
-0.02731
-0.00932
0.01293
-0.00951
0.02666
-0.0074
