-0.08022
-0.08552
-0.10028
-0.08888
-0.09814
-0.10352
-0.09698
-0.08654
-0.08434
-0.07513
-0.09212
-0.08922
-0.09128
-0.07799
-0.09218
-0.08899
-0.09396
-0.1063
-0.07314
-0.06368
-0.07594
-0.08314
-0.08196
-0.08211
-0.07196
-0.09103
-0.09048
-0.08138
-0.07585
-0.08511
-0.08105
-0.09262
-0.10606
-0.08576
-0.10411
-0.05712
-0.10524
-0.08459
-0.08959
-0.08593
-0.11391
-0.08022
-0.09274
-0.11916
-0.07574
-0.08212
-0.07583
-0.08337
-0.08138
-0.10091
-0.08856
-0.07622
-0.08888
-0.10354
-0.08786
-0.0869
-0.08524
-0.11246
