0.00092
-0.05682
-0.02735
-0.02286
-0.08215
-0.03173
-0.00893
-0.00531
-0.00538
-0.03159
-0.01045
-0.00962
-0.01101
0.01978
-0.01179
-0.01261
-0.01155
-0.01212
0.01295
-0.01624
-0.04398
-0.0701
-0.05054
-0.03557
-0.02991
0.07965
-0.01423
-0.00766
-0.05011
-0.02498
-0.01999
-0.02339
-0.00264
-0.01216
-0.03641
-0.01831
-0.0384
0.01475
-0.00112
-0.056
-0.01859
-0.00668
-0.02814
-0.00216
-0.0019
0.01675
-0.01894
0.05528
-0.02025
-0.03783
-0.05736
-0.06357
-0.03828
-0.02179
-0.02817
-0.04605
0.03012
-0.0299
