-0.09757
-0.09113
-0.09725
-0.12544
-0.0905
-0.08577
-0.12042
-0.09387
-0.10869
-0.10858
-0.07364
-0.10654
-0.09267
-0.10908
-0.11917
-0.09915
-0.07099
-0.06677
-0.09478
-0.06717
-0.0949
-0.09637
-0.08266
-0.10608
-0.08763
-0.09509
-0.08948
-0.1055
-0.10191
-0.08317
-0.09363
-0.08547
-0.08481
-0.0748
-0.11731
-0.09664
-0.08489
-0.08932
-0.09606
-0.11366
-0.10885
-0.09565
-0.11711
-0.08476
-0.09997
-0.07585
-0.09012
-0.07978
-0.0978
-0.1037
-0.08211
-0.10341
-0.10187
-0.12427
-0.06759
-0.13542
-0.08966
-0.13813
