-0.12684
-0.09295
-0.10148
-0.09573
-0.10059
-0.14814
-0.10581
-0.10055
-0.07849
-0.09924
-0.10811
-0.07105
-0.10745
-0.10452
-0.12299
-0.09478
-0.11883
-0.07719
-0.12841
-0.08866
-0.10768
-0.08218
-0.08832
-0.09898
-0.12432
-0.12686
-0.10551
-0.10258
-0.10591
-0.10406
-0.10001
-0.10212
-0.09172
-0.08112
-0.11102
-0.13033
-0.11287
-0.10537
-0.09326
-0.08121
-0.11806
-0.11199
-0.11712
-0.05851
-0.08284
-0.08721
-0.1372
-0.09694
-0.11058
-0.11274
-0.11998
-0.13977
-0.09591
-0.12236
-0.08979
-0.06447
-0.08145
-0.09206
-0.08395
