0.03319
0.02487
0.02712
0.03079
0.00766
0.03126
0.02582
0.03725
0.0456
0.0081
0.00639
0.0091
0.01766
0.01057
0.10758
0.05009
0.02177
0.01675
0.0423
0.02949
0.05963
0.0235
0.05112
0.05793
0.03546
0.02887
0.02548
0.00344
0.03922
0.04201
0.0088
0.02221
0.04112
0.03761
0.02143
0.03048
0.01077
0.06397
0.05161
0.02421
0.01984
0.12775
0.03223
0.02749
0.00158
0.00974
0.07516
0.10841
0.01996
0.03023
0.02078
0.00061
0.02384
0.02825
0.01768
0.03988
0.03016
0.02978
0.03889
0.03714
0.04246
0.03349
0.09814
0.0789
0.01143
0.05671
0.02525
0.05847
0.01553
0.02843
0.01379
0.08388
0.02805
0.02781
0.03535
0.06163
0.04277
0.0266
0.04003
0.02096
