0.11069
0.04305
0.01839
0.0561
0.07871
0.02518
0.02483
0.03105
0.07185
0.05319
0.03832
0.05933
0.18319
0.15595
0.13472
0.01866
0.06087
0.03708
0.01864
0.00171
0.03758
0.06054
0.05896
0.00876
0.04471
0.0309
0.0211
0.00847
0.02977
0.01193
0.09139
0.0205
0.06971
0.0537
0.05022
0.02812
0.05451
0.11277
0.14165
0.03547
0.03696
0.02464
0.00514
0.06737
0.07924
0.02122
0.02977
0.04455
0.01791
0.06647
0.01434
0.03101
0.0725
0.09582
0.12237
0.15484
0.13396
0.02084
0.05495
0.04187
0.00598
0.02796
0.23845
0.07777
0.01928
0.07351
0.01077
0.06505
0.03643
0.02615
0.02159
0.06664
0.00855
0.02822
0.01946
0.17089
0.0662
0.07307
0.11055
0.02906
