0.10483
0.0191
0.02611
0.06221
0.11352
0.03641
0.05455
0.01349
0.02617
0.02493
0.04619
0.01787
0.06781
0.08557
0.12177
0.02785
0.07784
0.02143
0.04036
0.06386
0.02041
0.01542
0.05283
0.06815
0.0702
0.02343
0.00627
0.03258
0.02196
0.04783
0.0209
0.10448
0.03194
0.04431
0.03731
0.00753
0.07739
0.05497
0.0409
0.10264
0.00908
0.06651
0.1528
0.04008
0.02347
0.06976
0.051
0.09123
0.05686
0.02814
0.1577
0.0616
0.1036
0.07186
0.14784
0.03705
0.07065
0.08366
0.04398
0.0164
0.10306
0.071
0.00717
0.09496
0.0311
0.09964
0.02784
0.02595
0.02007
0.08552
0.00654
0.02164
0.04783
0.08374
0.09175
0.1101
0.16217
0.04755
