0.06384
0.0995
0.0832
0.08249
0.11862
0.07296
0.10065
0.09098
0.08213
0.08147
0.09974
0.06776
0.09148
0.10919
0.07553
0.10778
0.08646
0.07221
0.08973
0.09299
0.06581
0.08187
0.06988
0.10252
0.10035
0.08313
0.08322
0.08458
0.10098
0.07614
0.08412
0.08345
0.12879
0.07986
0.07239
0.09677
0.1052
0.07648
0.08286
0.07658
0.09248
0.11954
0.08941
0.09489
0.10399
0.08394
0.08575
0.10002
0.08416
0.11332
0.08389
0.0704
0.09609
0.095
0.11087
0.12577
0.0773
0.07773
0.08893
0.11521
0.09658
0.08492
0.10533
0.08449
0.08355
0.08385
0.07246
0.07872
0.10877
0.06908
0.06016
0.07709
0.07965
0.07392
0.10124
0.06291
0.06614
0.07854
0.08619
0.09184
