0.06936
0.03328
-0.01701
0.0161
-0.00274
-0.03609
0.00224
-0.00406
0.04118
0.03215
0.0083
0.0134
0.16616
0.0788
0.14092
0.00751
0.04013
0.00416
-0.01242
-0.01376
-0.00174
-0.00754
0.02317
-0.00645
-0.00584
0.00053
-0.027
-0.01006
-0.00703
-0.00836
0.06812
0.0071
0.02367
0.01443
-0.00295
0.01207
0.00832
0.05492
0.05366
0.00162
0.03174
-0.03166
-0.03487
0.03678
0.08468
0.00214
0.05561
0.00525
-8e-05
0.02711
-0.00642
0.02769
0.03106
0.05811
0.08681
0.12954
0.11689
-0.02535
0.03882
0.00257
-0.00205
-0.0169
0.18592
-0.00899
0.00676
-0.03153
-0.0243
0.03045
0.01052
-0.0347
-0.05831
-0.0367
-0.00164
-0.00059
-0.02209
0.08442
0.00432
0.0407
0.05037
-0.01449
