-0.0623
-0.09386
-0.0914
-0.08569
-0.09832
-0.07696
-0.09615
-0.098
-0.08306
-0.07954
-0.09129
-0.06511
-0.11329
-0.08302
-0.08518
-0.10143
-0.07973
-0.08199
-0.08793
-0.07556
-0.06658
-0.07244
-0.07439
-0.09234
-0.09089
-0.07816
-0.0832
-0.08705
-0.09251
-0.07979
-0.08064
-0.07463
-0.10428
-0.07479
-0.05776
-0.09142
-0.08519
-0.07431
-0.07868
-0.07743
-0.08297
-0.09023
-0.07483
-0.0989
-0.10624
-0.07744
-0.09201
-0.09778
-0.07846
-0.104
-0.07591
-0.07382
-0.09465
-0.07831
-0.11373
-0.10065
-0.0787
-0.08438
-0.08531
-0.11017
-0.09955
-0.08812
-0.11309
-0.07577
-0.08207
-0.06851
-0.07921
-0.06918
-0.11199
-0.07434
-0.08248
-0.06174
-0.07665
-0.06954
-0.0896
-0.06155
-0.07233
-0.07736
-0.08423
-0.07456
