0.04133
0.00977
0.0354
0.04
0.08145
0.06127
0.02259
0.03511
0.03067
0.02104
0.03002
0.04593
0.01703
0.07715
-0.0062
0.01115
0.02074
0.03292
0.03106
0.01547
0.03932
0.06808
0.03579
0.01521
0.05055
0.03037
0.0481
0.01853
0.0368
0.02029
0.02327
0.0134
0.04604
0.03927
0.05317
0.01605
0.04619
0.05785
0.08799
0.03385
0.00522
0.0563
0.04001
0.03059
-0.00544
0.01908
-0.02584
0.0393
0.01799
0.03936
0.02076
0.00332
0.04144
0.03771
0.03556
0.0253
0.01707
0.04619
0.01613
0.0393
0.00803
0.04486
0.05253
0.08676
0.01252
0.10504
0.03507
0.0346
0.02591
0.06085
0.0799
0.10334
0.01019
0.02881
0.04155
0.08647
0.06188
0.03237
0.06018
0.04355
