0.00154
0.00564
-0.0082
-0.0032
0.0203
-0.004
0.0045
-0.00702
-0.00093
0.00193
0.00845
0.00265
-0.02181
0.02617
-0.00965
0.00635
0.00673
-0.00978
0.0018
0.01743
-0.00077
0.00943
-0.00451
0.01018
0.00946
0.00497
2e-05
-0.00247
0.00847
-0.00365
0.00348
0.00882
0.02451
0.00507
0.01463
0.00535
0.02001
0.00217
0.00418
-0.00085
0.00951
0.02931
0.01458
-0.00401
-0.00225
0.0065
-0.00626
0.00224
0.0057
0.00932
0.00798
-0.00342
0.00144
0.01669
-0.00286
0.02512
-0.0014
-0.00665
0.00362
0.00504
-0.00297
-0.0032
-0.00776
0.00872
0.00148
0.01534
-0.00675
0.00954
-0.00322
-0.00526
-0.02232
0.01535
0.003
0.00438
0.01164
0.00136
-0.00619
0.00118
0.00196
0.01728
