0.07164
-0.00577
-0.00101
0.03142
0.10586
0.00515
0.02873
-0.02376
0.01807
0.01854
0.03709
0.00021
0.05724
-0.02201
0.07168
0.00608
0.06109
-0.02087
0.01087
0.00423
-0.00309
-0.0357
-0.0051
0.03269
0.04133
-0.00205
0.00283
-0.00664
-0.02005
0.03903
-0.00131
0.06336
-0.00567
0.02288
0.00683
-0.00324
0.01342
0.03076
0.02106
-0.02511
-0.02315
0.03902
0.15122
0.03034
-0.05169
-0.03865
0.03104
0.061
0.03608
0.02753
0.13386
0.03335
0.08592
0.03198
0.11768
0.00727
0.03176
0.04652
0.00152
-0.01709
0.00492
-0.0079
-0.00426
0.03825
0.00585
0.04117
0.01231
-0.00248
0.00628
0.00164
-0.02151
-0.00617
0.01248
0.02211
0.04898
0.0835
0.12214
0.02659
