0.00465
-0.00073
0.00317
0.00423
-0.00144
0.00192
-0.00149
0.01113
0.00717
0.00313
-0.00542
0.09766
0.01409
-0.00049
-0.00634
0.00424
-0.00071
-0.00374
0.00718
0.013
0.00943
0.00353
-0.00034
0.00316
-0.00687
-0.01135
0.0023
0.00796
-0.00108
0.0025
0.00286
0.00766
-0.00347
0.02159
0.00307
-0.00302
-0.00772
-0.00911
-0.00446
0.00546
0.01086
-0.00688
0.02331
-0.00592
0.04217
0.00188
0.00779
0.00191
0.00293
0.0001
-0.00729
-0.0074
-0.01354
-0.00297
-0.00324
-0.0028
-0.02537
0.00671
-0.00013
-0.01156
