-0.0792
-0.08726
-0.0801
-0.05861
-0.06417
-0.0996
-0.08487
-0.07206
-0.08078
-0.08604
-0.07498
-0.08822
-0.06902
-0.07993
-0.09283
-0.07895
-0.07607
-0.07865
-0.0775
-0.0867
-0.07381
-0.06767
-0.08553
-0.07376
-0.08287
-0.10956
-0.07409
-0.07078
-0.08126
-0.08233
-0.09854
-0.08342
-0.08041
-0.07581
-0.06602
-0.08339
-0.08437
-0.07595
-0.10938
-0.07985
-0.08389
-0.08418
-0.08933
-0.08887
-0.07661
-0.099
-0.09441
-0.08105
-0.07991
-0.08543
-0.08222
-0.09841
-0.08531
-0.10209
-0.09536
-0.07747
-0.11418
-0.08246
-0.07949
-0.08217
