0.05704
0.0093
0.00723
0.03056
0.03243
0.0113
-0.01145
0.00398
0.02668
-0.02062
0.01785
0.00477
-0.00949
0.07697
0.09831
0.04478
0.05651
-0.01994
0.12253
-0.00512
0.01455
-0.0154
0.06889
0.03505
0.05636
0.09303
0.06875
0.06672
0.01994
-0.00454
0.00165
0.03062
-0.03811
-0.1014
0.02818
0.03409
-0.01161
-0.01199
-0.00706
0.03036
0.03621
0.03509
-0.01639
0.03884
0.01973
-0.01216
0.02503
0.04851
-0.00333
-0.01551
0.0045
0.00473
0.01156
0.00282
-0.00731
0.00794
0.01958
-0.03673
0.03992
0.05273
0.02438
