0.01616
0.02555
0.10623
-0.00616
0.08476
0.01437
-0.00267
-0.01132
0.08606
-0.00929
-0.00422
0.01408
0.01189
-0.02382
0.03021
0.04572
-0.00039
0.04572
0.0086
-0.04812
-0.0135
0.04122
0.01313
-0.00903
-0.00157
-0.02521
0.02497
0.07476
0.02033
0.02163
0.04171
0.06055
-0.01461
0.00829
0.02913
0.04247
0.00289
0.00586
0.00313
-0.00294
-0.00137
-0.00924
0.0555
-0.00627
-0.00284
0.04652
-0.02206
0.01724
0.06037
0.00864
0.03894
0.01856
0.01882
-0.00382
0.08017
-0.00946
-0.01062
-0.00797
0.00832
0.00927
0.01635
0.02409
-0.01849
0.04104
-0.00459
0.00304
0.0315
