0.08099
0.10064
0.068
0.08809
0.10258
0.07994
0.0891
0.08056
0.09248
0.1026
0.1077
0.06241
0.09632
0.09593
0.08773
0.09593
0.08936
0.0714
0.07164
0.06983
0.12668
0.09459
0.08058
0.0782
0.07138
0.07461
0.09646
0.09431
0.11839
0.08095
0.08621
0.05833
0.06415
0.07801
0.08497
0.07817
0.08247
0.0818
0.08757
0.09743
0.0862
0.08725
0.07532
0.10608
0.07935
0.06737
0.0704
0.0908
0.06246
0.09617
0.12868
0.07582
0.08579
0.09516
0.10757
0.06899
0.09015
0.08227
0.10161
0.1175
0.08943
0.07658
0.09901
0.08388
0.07797
0.08993
0.10851
