0.03892
0.02882
0.13443
0.01945
0.15602
0.08953
0.03168
0.00326
0.10429
0.05983
0.03757
0.04552
0.0234
0.03377
0.03159
0.04161
0.03042
0.04161
0.04184
-0.00099
0.05406
0.12832
0.02834
0.0388
0.0333
0.00895
0.05645
0.13438
0.04587
0.05837
0.06656
0.09753
0.0116
0.0931
0.11969
0.07321
0.04999
0.01814
0.02046
0.02174
0.02833
0.03062
0.09935
0.04154
0.01054
0.07628
0.01613
0.03377
0.20003
0.00444
0.07976
0.04054
0.03287
0.01731
0.0904
0.00865
0.05348
0.11202
0.01704
0.009
0.02593
0.04763
0.0211
0.07428
0.02566
0.04213
0.06698
