0.00011
0.03386
0.0463
0.00907
0.07651
0.01493
0.00684
-0.00742
0.12267
-0.0186
0.03379
0.00955
0.00424
0.03619
0.01025
0.03619
0.08153
2e-05
0.0525
-0.03073
-0.00256
-0.01435
-0.00883
-0.02622
0.00518
-0.00138
-0.00132
0.0437
0.02507
0.0209
0.00543
0.00681
-0.02386
0.0147
-0.01719
0.00469
0.02156
-0.01547
-0.02321
-0.01535
-0.01923
0.00653
0.02366
0.02331
0.00068
-0.02567
-0.00719
-0.02404
-0.01491
0.02676
0.0146
0.00358
-0.00387
-0.01214
0.06186
0.00291
0.0064
0.01065
0.0052
0.0068
0.00704
0.02192
0.00493
0.06829
0.01119
0.00462
-0.02873
