0.00916
0.01633
-0.00589
0.01482
-0.00186
0.00331
-0.00146
-0.0046
0.00148
-0.00727
0.01914
0.00111
0.00559
0.0023
-0.00187
0.0023
-0.00659
-0.0038
-0.00175
-0.00482
-0.00594
0.00544
-0.00516
0.00465
-0.00138
-0.00407
-0.00435
0.00813
0.00703
-0.00177
0.00544
-0.01654
-0.01165
-0.00464
-0.00756
0.00202
0.00466
0.00296
-0.00097
0.0039
-0.00171
-0.01272
0.00494
-0.00012
-0.00376
-0.00948
0.00071
0.00252
-0.00156
0.00634
0.01068
-0.0028
0.00145
0.00519
0.00408
-0.00185
0.00393
0.02408
0.00422
0.00549
0.01246
0.00817
0.01388
0.00575
0.00758
0.00242
0.00865
