-0.07183
-0.08431
-0.07389
-0.07327
-0.10444
-0.07663
-0.09056
-0.08516
-0.091
-0.10987
-0.08856
-0.0613
-0.09073
-0.09363
-0.0896
-0.09363
-0.09595
-0.0752
-0.07339
-0.07465
-0.13262
-0.08915
-0.08574
-0.07355
-0.07276
-0.07868
-0.10081
-0.08618
-0.11136
-0.08272
-0.08077
-0.07487
-0.0758
-0.08265
-0.09253
-0.07615
-0.07781
-0.07884
-0.08854
-0.09353
-0.08791
-0.09997
-0.07038
-0.1062
-0.08311
-0.07685
-0.06969
-0.08828
-0.06402
-0.08983
-0.118
-0.07862
-0.08434
-0.08997
-0.10349
-0.07084
-0.08622
-0.05819
-0.09739
-0.11201
-0.07697
-0.06841
-0.08513
-0.07813
-0.07039
-0.08751
-0.09986
