0.02276
0.00327
0.0282
0.02561
0.07126
0.07516
0.03435
0.01458
0.01823
0.06912
0.04179
0.03144
0.01151
0.05759
0.00138
-0.00411
0.03081
-0.00411
0.03324
0.04713
0.06756
0.0871
0.01521
0.04783
0.03487
0.03416
0.03148
0.05962
0.02554
0.03674
0.02485
0.03698
0.02621
0.08481
0.09056
0.03074
0.0471
0.01228
0.01733
0.02468
0.0297
0.03986
0.04385
0.04781
0.01338
0.02976
0.03819
0.01653
0.13966
-0.0042
0.04082
0.02198
0.01405
0.02113
0.01023
0.01811
0.0641
0.11999
0.00872
-0.00027
0.00958
0.02354
0.03959
0.03324
0.03025
0.03909
0.03548
