0.0262
0.02156
0.08353
0.03992
0.12788
0.04965
0.01963
0.00397
0.13282
0.01408
0.06501
0.0314
0.01064
0.04924
0.02938
0.04924
0.09594
0.03909
0.11081
0.0262
0.03945
0.00127
0.07428
0.02795
0.03301
0.03251
0.02667
0.10331
0.15007
0.03773
0.02799
0.0601
0.02026
0.03278
0.01644
0.03138
0.04349
0.00984
0.02996
0.00971
0.00186
0.04056
0.05411
0.0614
0.01188
0.02783
0.02225
0.01508
0.09782
0.02307
0.08048
0.05045
0.01791
0.01799
0.12665
0.01269
0.05879
0.09497
0.02335
0.0042
0.03475
0.05619
0.01384
0.09237
0.06288
0.01663
0.02271
