0.02609
-0.0123
0.03723
0.03085
0.05137
0.03472
0.01279
0.01139
0.01015
0.03268
0.03122
0.02185
0.0064
0.01305
0.01913
0.01305
0.01441
0.03907
0.05831
0.05693
0.04201
0.01562
0.08311
0.05417
0.02783
0.03389
0.02799
0.05961
0.125
0.01683
0.02256
0.05329
0.04412
0.01808
0.03363
0.02669
0.02193
0.02531
0.05317
0.02506
0.02109
0.03403
0.03045
0.03809
0.0112
0.0535
0.02944
0.03912
0.11273
-0.00369
0.06588
0.04687
0.02178
0.03013
0.06479
0.00978
0.05239
0.08432
0.01815
-0.0026
0.02771
0.03427
0.00891
0.02408
0.05169
0.01201
0.05144
