1.78975 1.84383 1.82184 1.8149 1.82847 1.74785 1.84361 1.8127 1.81533 1.8084 1.75308 1.84223 1.80166 1.8076 1.79668 1.79221 1.79528 1.82593 1.80903 1.84979 1.80682 1.74179 1.81198 1.83532
1.80055 1.82635 1.80373 1.82389 1.82936 1.83107 1.80592 1.84101 1.79591 1.83279 1.83992 1.8316 1.79558 1.81215 1.83319 1.80973 1.80092 1.83155 1.84404 1.84855 1.83223 1.82333 1.83543 1.84164 1.84174 1.84554 1.82109 1.7975 1.82512 1.82652 1.8375 1.82331 1.84575 1.83423 1.82653 1.84479 1.84588 1.81464 1.83771 1.82104 1.82028 1.79325 1.82182 1.83728 1.82145 1.80372 1.82145 1.83078 1.85953 1.83966 1.84754 1.83249 1.83331 1.80183 1.83886
1.80457 1.81167 1.82079 1.8403 1.84207 1.84391 1.84201 1.8146 1.84258 1.82257 1.83184 1.83801 1.83246 1.83484 1.82445 1.82333 1.82859 1.84321 1.81985 1.82914 1.84363 1.84646 1.84433 1.84363 1.80735 1.82275 1.80732 1.81524 1.8356 1.82792 1.82726 1.83251 1.73589 1.81095 1.82227 1.77021 1.84317 1.81539 1.804 1.81338 1.8052 1.81019 1.79629 1.78183 1.8146 1.83903 1.85161 1.83722
1.7729 1.80942 1.83457 1.78094 1.81522 1.77659 1.82297 1.78409 1.7334 1.79777 1.78271 1.80832 1.80965 1.83697 1.84661 1.82581 1.84094 1.81939 1.80882 1.84153 1.81932 1.76093 1.81175 1.80472 1.79256 1.83235 1.81019 1.82111 1.83202 1.7903 1.78059 1.79155 1.82433 1.79022 1.79496 1.72942 1.79003 1.77937 1.76504 1.85179 1.80607 1.85693 1.79287 1.83048 1.78029 1.77739 1.81114 1.8027 1.77694 1.83631
1.83165 1.85218 1.82373 1.81387 1.84122 1.83073 1.84899 1.84657 1.84282 1.85543 1.83779 1.83895 1.82993 1.84888 1.86036 1.84822 1.85604 1.81969 1.84922 1.81632 1.83924 1.79112 1.8202 1.81101 1.84229 1.82748 1.81545 1.80935 1.8408 1.81964 1.78892 1.8028 1.84656 1.82715 1.80522 1.83905 1.81645
1.82431 1.82719 1.8409 1.81201 1.75806 1.82568 1.82698 1.75393 1.78512 1.83271 1.74551 1.81638 1.78209 1.83298 1.83136 1.84629 1.81625 1.81053 1.8498 1.83302 1.84249 1.80039 1.807 1.80714 1.77396 1.73625 1.81322 1.84055 1.82623 1.82229 1.80771 1.83741 1.82073 1.85035 1.82398 1.77266 1.79653 1.79587 1.79542 1.84237
1.80966 1.80025 1.80453 1.79553 1.75843 1.79027 1.8279 1.78998 1.78524 1.826 1.78275 1.77696 1.80849 1.76457 1.82038 1.82566 1.83496 1.81206 1.84676 1.76842 1.80483 1.79069 1.84073 1.70456 1.80566 1.83525 1.85106 1.82734 1.83935 1.78854 1.76105 1.82316 1.8132 1.78527 1.82075 1.80231 1.80912 1.8332 1.81868 1.8186 1.81698 1.77498 1.77334 1.80163 1.77617 1.77334 1.75801 1.81882 1.8077 1.78718 1.77242 1.76207 1.84625 1.83199 1.7085 1.79178 1.84267 1.83115 1.8258
1.80479 1.82244 1.73279 1.84606 1.79303 1.79566 1.7344 1.81612 1.82385 1.79374 1.78213 1.79905 1.79073 1.78213 1.84871 1.84312 1.85799 1.82325 1.78478 1.81054 1.82644 1.81175 1.81712 1.82557 1.78968 1.77802 1.72945 1.7659 1.81831 1.83284 1.83172 1.84189 1.82554 1.82627 1.79454 1.79603 1.73183 1.76927 1.79806 1.74163 1.71027 1.80236 1.76303
1.84863 1.81819 1.80786 1.83305 1.84247 1.86051 1.81702 1.81104 1.82658 1.8334 1.82305 1.84257 1.82955 1.8494 1.80951 1.81611 1.78984 1.82589 1.78235 1.83973 1.8087 1.83467 1.81796 1.81145 1.82747 1.81122 1.80111 1.79777 1.82065 1.81108 1.83437 1.82949 1.83494 1.81613 1.75255 1.81775 1.81407 1.83276 1.82872 1.80681 1.83863 1.84359 1.83531 1.79864 1.79725 1.83968 1.83865 1.78964 1.83705 1.85394 1.83705 1.82022 1.84836 1.86294 1.83444 1.85045
1.84269 1.82179 1.79682 1.79106 1.83348 1.79829 1.84408 1.81222 1.81525 1.84935 1.80982 1.84683 1.84606 1.83093 1.83588 1.84408 1.78092 1.85501 1.84682 1.83788 1.78845 1.82297 1.80527 1.83635 1.79995 1.80809 1.87075 1.81788 1.83737 1.83724 1.82408 1.85411 1.83709 1.85923 1.88219 1.81789 1.82315 1.79332 1.8299 1.8213 1.52798 1.82188 1.82168 1.85475 1.79435 1.75769 1.81981 1.801 1.81358 1.81901 1.78951 1.78244 1.79795 1.81822 1.80795 1.81869 1.81162
1.84423 1.86197 1.85672 1.83787 1.83208 1.83358 1.86666 1.78657 1.8618 1.85577 1.78968 1.83784 1.83499 1.85565 1.84596 1.85787 1.85701 1.84139 1.84019 1.83195 1.82409 1.8421 1.83594 1.82513 1.8581 1.8429 1.84899 1.83104 1.84415 1.82434 1.86145 1.82808 1.82287 1.84392 1.85353 1.84362 1.80959 1.8082 1.85737 1.81309 1.85021 1.83456 1.82767 1.85425 1.83671
1.82537 1.85045 1.84123 1.85329 1.83073 1.85177 1.83097 1.83457 1.8368 1.83951 1.84549 1.79903 1.86483 1.85749 1.85327 1.83769 1.85264 1.85589 1.84122 1.77521 1.8223 1.85518 1.84451 1.8245 1.8333 1.8388 1.86081 1.83994 1.85192 1.84216 1.83127 1.8265 1.8335 1.84255 1.83174 1.83946 1.82606 1.84995 1.82895 1.82392 1.83386 1.84127 1.85881 1.85484 1.86136 1.83009 1.82173 1.82883 1.83572 1.84022 1.84778 1.84485 1.83399 1.84037 1.83895 1.8475 1.85035 1.85091
1.84854 1.84289 1.83226 1.81734 1.8527 1.85016 1.81833 1.84897 1.82446 1.84918 1.79482 1.78863 1.83056 1.82523 1.84832 1.83324 1.8439 1.77238 1.83311 1.80774 1.82691 1.79988 1.81261 1.80567 1.82931 1.82792 1.84477 1.77988 1.8292 1.84322 1.84759 1.81428 1.82047 1.83287 1.81759 1.84581 1.83764 1.77445 1.82538 1.83328 1.83818 1.79947 1.83883 1.8015 1.83051 1.84907 1.82246 1.82548 1.82475 1.80958
1.81838 1.82225 1.81865 1.81798 1.82322 1.83247 1.83998 1.82348 1.83571 1.8276 1.8185 1.82025 1.80233 1.79768 1.75142 1.79989 1.76817 1.73734 1.82028 1.80938 1.80669 1.81896 1.84197 1.83473 1.83709 1.82246 1.8306 1.79315 1.80039 1.83136 1.84574 1.83861 1.84345 1.82882 1.79633 1.82135 1.84753 1.83244 1.84314 1.8292 1.79668 1.80838 1.85221 1.82939 1.85128 1.83086 1.8014 1.82751 1.84486 1.82419 1.8439 1.80889 1.81472 1.83407 1.84402 1.81777 1.83696 1.82638 1.80958 1.81909 1.79068 1.82537 1.81713 1.82924
1.79164 1.82636 1.77589 1.84401 1.75077 1.81934 1.8323 1.84746 1.81392 1.8187 1.82452 1.70867 1.72585 1.81563 1.80562 1.73466 1.70658 1.82158 1.83625 1.84047 1.81677 1.83559 1.83225 1.80578 1.82438 1.73625 1.81714 1.79979 1.80816 1.78833 1.85576 1.80506 1.71321 1.8212 1.71868 1.77313 1.72169 1.79631 1.83968 1.8143 1.75716 1.82994 1.83183 1.82934 1.74814 1.82572 1.665 1.75155 1.83257 1.77743
1.81449 1.85198 1.83439 1.8581 1.85693 1.84202 1.83857 1.83245 1.85338 1.84658 1.84848 1.84889 1.85013 1.84992 1.85904 1.82168 1.84543 1.82406 1.82236 1.84303 1.82242 1.84733 1.86399 1.83252 1.83625 1.85153 1.83969 1.79372 1.83222 1.84016 1.85153 1.82342 1.85825 1.83438 1.83297 1.84201 1.848 1.84154 1.85431 1.83708 1.84924 1.85277 1.8491 1.85556 1.85927 1.8525 1.83271 1.83194 1.84635 1.82552 1.85505 1.84857 1.8543 1.83842 1.82306 1.85166 1.79286 1.81422 1.81614
1.84 1.81872 1.8152 1.81035 1.80948 1.81413 1.8015 1.82161 1.79839 1.80022 1.81147 1.81017 1.8106 1.83636 1.7985 1.8449 1.84128 1.8148 1.82694 1.824 1.82473 1.80058 1.85334 1.83453 1.83515 1.83395 1.78936 1.83951 1.84721 1.83967 1.83905 1.82468 1.83466 1.82 1.83925 1.8277 1.77488 1.79544 1.82463 1.81677 1.80322 1.83586 1.8193 1.82529 1.82121 1.7733 1.7955 1.83283 1.78192 1.83246
1.79783 1.83799 1.82219 1.78667 1.83242 1.84947 1.8231 1.84738 1.8118 1.82057 1.8085 1.84276 1.83326 1.8112 1.83589 1.84305 1.85541 1.82943 1.81934 1.84562 1.86032 1.84505 1.82541 1.82792 1.82397 1.80215 1.85711 1.85448 1.83852 1.84296 1.81425 1.84445 1.8472 1.8023 1.81421 1.84951 1.82778 1.82605 1.81948 1.80818 1.82633 1.82139
1.78334 1.81942 1.81877 1.80275 1.85103 1.83418 1.82993 1.83522 1.76767 1.78665 1.83297 1.85001 1.80225 1.82923 1.77285 1.81157 1.8112 1.8237 1.79953 1.82413 1.85156 1.8296 1.84323 1.83686 1.82607 1.82418 1.8357 1.82493 1.82188 1.81535 1.82656 1.81056 1.81761 1.79558 1.78702 1.80448 1.82161 1.7898 1.82024 1.79094 1.81468 1.81672 1.83108 1.84964 1.73635 1.82254 1.84979 1.8485
1.80055 1.80685 1.76534 1.84038 1.81498 1.81194 1.81663 1.81196 1.86094 1.79097 1.85887 1.79778 1.83225 1.80486 1.8457 1.84932 1.86736 1.8039 1.79707 1.82072 1.844 1.86788 1.76981 1.84533 1.85019 1.83538 1.80008 1.81078 1.84467 1.81661 1.80662 1.83078 1.80616 1.84959 1.81155 1.82699 1.83729 1.82207 1.85915 1.7905 1.84343 1.85169 1.84031 1.86368 1.86332 1.83131 1.82654 1.78076 1.82334 1.83212 1.85899
1.79037 1.77709 1.80753 1.80017 1.79593 1.79321 1.81254 1.85098 1.80027 1.81707 1.81504 1.84859 1.79632 1.81203 1.82386 1.77709 1.82637 1.82754 1.76094 1.79019 1.8123 1.83668 1.8006 1.83495 1.79568 1.80246 1.81589
1.80648 1.85991 1.83417 1.83637 1.85406 1.84872 1.81223 1.8341 1.83212 1.85515 1.83668 1.85662 1.84241 1.84035 1.842 1.83489 1.84754 1.85448 1.82091 1.82598 1.82668 1.83709 1.82481 1.84691 1.85108 1.83569 1.83569 1.83011 1.84137 1.83889 1.84263 1.81592 1.83893 1.85462 1.8307 1.84532 1.835 1.87254 1.84731 1.83773 1.82041 1.85628 1.84546 1.86488 1.83216 1.85519 1.85035 1.83592 1.82402 1.84502 1.86435 1.80209 1.84006 1.84596 1.84774 1.84111 1.83058 1.83369 1.83266 1.826 1.82832 1.82052 1.85886 1.84134 1.85696
1.85683 1.832 1.85128 1.84606 1.81816 1.81605 1.84281 1.83219 1.81502 1.79044 1.84315 1.80975 1.82024 1.8434 1.82493 1.79036 1.81739 1.85869 1.815 1.84804 1.83222 1.78768 1.82715 1.825 1.8331 1.84187 1.84058 1.82045 1.81045 1.83543 1.82271 1.8346 1.84657 1.82374 1.84688 1.74991 1.83986 1.81559 1.81093 1.82436 1.81148 1.82792 1.83971 1.82665 1.81799 1.80878
1.80677 1.79026 1.81521 1.81191 1.8238 1.81894 1.82214 1.84772 1.83763 1.81594 1.80215 1.8366 1.81927 1.78101 1.83401 1.82518 1.82485 1.80547 1.81397 1.77935 1.75668 1.83191 1.83491 1.77136 1.78729 1.83166 1.83788 1.80645 1.79855 1.80547 1.78848 1.79272 1.78573 1.80464 1.8082 1.80239 1.82688 1.7856 1.81277 1.72674 1.8452 1.799 1.78633 1.82719 1.83025 1.8244
1.80148 1.80056 1.82977 1.84423 1.82402 1.84676 1.83723 1.82945 1.83314 1.84696 1.80492 1.83525 1.80296 1.79443 1.84327 1.85081 1.84253 1.83011 1.82141 1.84905 1.82506 1.82891 1.83894 1.81975 1.80824 1.82121 1.85123 1.80373 1.82702 1.84275 1.82952 1.79944 1.75826 1.79471 1.83328 1.83805 1.83636 1.83207 1.84915 1.82929 1.83947 1.84382 1.84397 1.80609 1.84674 1.82421 1.85626 1.81917 1.79859 1.83005 1.84702 1.82487 1.8581 1.83265
1.78246 1.72153 1.84516 1.83312 1.81338 1.74769 1.80956 1.80608 1.81974 1.81835 1.83887 1.81985 1.80857 1.75468 1.83093 1.83492 1.82227 1.81713 1.82677 1.82597 1.8156 1.81629 1.83683 1.78947 1.795 1.83414 1.78215 1.82289 1.83092 1.82738 1.82375 1.84725 1.83161 1.83577 1.85335 1.82625 1.80534 1.81905 1.8105 1.85763 1.76293 1.83414 1.85879 1.85586 1.80953 1.8259 1.83243
1.85964 1.84213 1.82235 1.84322 1.82995 1.83393 1.85049 1.83767 1.82688 1.82268 1.84583 1.80305 1.80965 1.83037 1.82332 1.85218 1.83946 1.82854 1.83463 1.84553 1.83145 1.79226 1.84752 1.82625 1.82774 1.83424 1.79789 1.80931 1.85 1.82754 1.78113 1.85002 1.82148 1.85328 1.81859 1.84068 1.83687 1.81706 1.84914 1.85431 1.83776 1.80622 1.8246 1.84689 1.83778 1.79241 1.8008 1.83879 1.81005
1.84092 1.81431 1.83127 1.81985 1.83455 1.79118 1.82825 1.84118 1.81569 1.83547 1.83833 1.8363 1.78807 1.84616 1.83396 1.80991 1.82048 1.81956 1.80516 1.82602 1.83374 1.83537 1.80681 1.81435 1.81603 1.80922 1.82879 1.83471 1.80808 1.70832 1.8125 1.83345 1.78902 1.82782 1.8135 1.82952 1.83049 1.85811 1.79536 1.83314 1.83184 1.84996 1.82869 1.83401 1.81127 1.78943 1.80687 1.83364 1.82632 1.83965 1.83266 1.82238
1.83586 1.83427 1.85583 1.8546 1.7644 1.79248 1.8338 1.80969 1.8328 1.82984 1.83266 1.82306 1.83324 1.8323 1.82197 1.83712 1.84964 1.86563 1.81814 1.82293 1.83314 1.83209 1.8291 1.84654 1.81966 1.82802 1.84967 1.84297 1.79301 1.73124 1.78779 1.8074 1.8192 1.80091 1.82031 1.80189 1.85005 1.82478 1.83671 1.78766 1.83097 1.81075 1.82873 1.81439 1.85039 1.83419 1.84497 1.8277 1.85352 1.80344
1.83197 1.81549 1.83578 1.70055 1.78851 1.82172 1.79644 1.81233 1.80746 1.80534 1.83366 1.82796 1.82154 1.82856 1.8463 1.82706 1.76631 1.81695 1.81751 1.83045 1.82616 1.84173 1.81798 1.80753 1.80456 1.80828 1.82412 1.83238 1.79562 1.85769 1.83596 1.79941 1.83098 1.8301 1.82663 1.83787 1.83757 1.84513 1.82299 1.82673 1.83581 1.7984 1.78752 1.83129 1.82417 1.85805 1.83708 1.82337 1.8032 1.82952
1.84288 1.78889 1.85542 1.82635 1.84231 1.84732 1.85675 1.81399 1.84299 1.82222 1.85312 1.83594 1.83979 1.81246 1.84738 1.81994 1.83285 1.85158 1.85382 1.84705 1.83957 1.84627 1.86772 1.85054 1.84589 1.856 1.81269 1.84768 1.83697 1.82684 1.85948 1.84843 1.84696 1.85199 1.83814 1.83631 1.84358 1.84689 1.85198 1.84813 1.82403 1.81368 1.84323 1.84705 1.8538 1.8193 1.8546 1.83723 1.83933 1.84427 1.85083 1.81272 1.84484 1.84443 1.84943 1.82291 1.81876 1.84085 1.84072 1.8456 1.85016 1.83077 1.83356 1.83871 1.83895 1.86484 1.83112 1.81356 1.81749 1.8376 1.84054 1.82621
1.83761 1.81877 1.84976 1.83161 1.83499 1.80166 1.80801 1.80231 1.80842 1.81878 1.83659 1.81343 1.82357 1.83384 1.81546 1.79263 1.82178 1.80025 1.81828 1.8297 1.83133 1.83048 1.84421 1.83981 1.81574 1.81332 1.78046 1.82404 1.8284 1.81879 1.82659 1.79295 1.79168 1.81695 1.85037 1.84142 1.8407 1.83591 1.80118 1.84311 1.8143 1.83537 1.80269 1.84363 1.806 1.82401 1.83359 1.83606 1.82263 1.82458 1.83034 1.81404 1.84257 1.83586 1.83656
1.80234 1.80399 1.80658 1.79328 1.82389 1.81936 1.83381 1.83427 1.8483 1.77887 1.80001 1.81512 1.79402 1.82218 1.79169 1.7903 1.80295 1.80528 1.82588 1.79522 1.79034 1.79171 1.79189 1.81897 1.80833 1.83742 1.7849 1.80983 1.83217 1.84203 1.81856 1.82314 1.8076 1.836 1.83373 1.79171 1.80842 1.80162 1.82004 1.84073 1.79031 1.83451 1.81471 1.83711 1.80675 1.84658 1.77768 1.82083 1.84328 1.81608 1.80823 1.80955 1.83548 1.83812 1.81768 1.79649 1.84148 1.80937 1.81681 1.83184 1.81033 1.81499 1.83184 1.81744 1.84422 1.79852 1.82912 1.83432 1.82891 1.8322 1.84696 1.809 1.8211 1.81264 1.79845 1.8464 1.81761 1.83358 1.84871 1.79687
1.82615 1.83376 1.81365 1.78647 1.78827 1.8203 1.82186 1.83132 1.79532 1.84285 1.78412 1.83872 1.82187 1.85092 1.82898 1.83816 1.84358 1.76436 1.82986 1.81254 1.85131 1.81408 1.8491 1.80024 1.78094 1.82725 1.80656 1.8095 1.81465 1.811 1.84196 1.87949 1.84972 1.80098 1.83677 1.84222 1.84228 1.81735 1.85578 1.84497 1.82936 1.82928 1.83407 1.85094 1.85261 1.8425 1.86226 1.83751 1.82494 1.85289 1.84486 1.83633
1.83511 1.83663 1.81829 1.80443 1.8408 1.85402 1.78521 1.76947 1.84691 1.82856 1.79949 1.83321 1.83404 1.82276 1.83921 1.83755 1.84118 1.81015 1.86026 1.84763 1.8181 1.85705 1.82863 1.8278 1.81584 1.83113 1.81683 1.8482 1.82804 1.83349 1.809 1.8096 1.83802 1.85742 1.8409 1.83544 1.83912 1.83048 1.84921 1.8525 1.82716 1.85221 1.83163 1.82519 1.75931 1.84216 1.83665 1.8559 1.85116 1.84442 1.84259 1.8388 1.83951 1.79227 1.83673 1.81861 1.81964 1.83877 1.83305 1.82811 1.85013 1.83963 1.85232 1.84802 1.843
1.84452 1.79415 1.81279 1.82948 1.82719 1.80678 1.78155 1.82746 1.81584 1.80743 1.81603 1.83263 1.83901 1.82049 1.80236 1.81012 1.86464 1.76546 1.82321 1.82359 1.81803 1.82506 1.83875 1.8278 1.82355 1.84074 1.78644 1.78434 1.8409 1.81631 1.83976 1.85438 1.84005 1.80043 1.85458 1.78915 1.8208 1.68202 1.78694 1.79579 1.81217 1.76334 1.83064 1.84518
1.8219 1.83528 1.82338 1.85342 1.83299 1.83075 1.80456 1.83852 1.85206 1.82827 1.83001 1.82456 1.78841 1.81811 1.81591 1.81883 1.81561 1.79103 1.78223 1.83834 1.82805 1.82874 1.81457 1.83527 1.81427 1.81867 1.75406 1.81867 1.82239 1.83347 1.83319 1.82571 1.79774 1.83704 1.8457 1.82422 1.84027 1.85053 1.83689 1.84542 1.81035 1.79753 1.81596 1.78491
1.82102 1.81774 1.82957 1.83231 1.80006 1.7835 1.82151 1.82987 1.81295 1.80624 1.85763 1.84367 1.86208 1.82062 1.83118 1.83874 1.84082 1.79199 1.77716 1.81537 1.84334 1.83899 1.85218 1.8039 1.77283 1.80541 1.8451 1.83705 1.78856 1.83513 1.79909 1.81652 1.80132 1.83471 1.8184 1.87645 1.82685 1.81984 1.84239 1.83688 1.81237 1.80098 1.7719 1.80348 1.80432 1.82645 1.82668 1.83559 1.78813 1.83666 1.82641 1.80923 1.83739
1.85872 1.84817 1.85026 1.81414 1.85106 1.85508 1.85235 1.82178 1.79655 1.85895 1.82812 1.84925 1.85121 1.85457 1.83855 1.8565 1.82613 1.82239 1.81797 1.79423 1.82766 1.80804 1.81056 1.83202 1.85329 1.82169 1.85042 1.83743 1.85017 1.85021 1.84966 1.85452 1.84343 1.84842 1.85905 1.82008 1.83565 1.85758 1.85391 1.84667 1.82152 1.85866 1.83813 1.84723 1.84216 1.82486 1.85251 1.84127 1.8356 1.84251 1.83293
1.83925 1.78977 1.80233 1.84053 1.82135 1.83807 1.8157 1.808 1.81541 1.83353 1.82464 1.8439 1.80596 1.84324 1.83074 1.80847 1.80645 1.82869 1.77284 1.80974 1.83047 1.81002 1.80542 1.81879 1.73475 1.84922 1.84735 1.83768 1.84602 1.82454 1.8453 1.8542 1.7446 1.82456 1.79921 1.84024 1.84396 1.83985 1.81466 1.8314 1.83843 1.82962 1.83203 1.74143 1.82962 1.84317
1.77955 1.73986 1.80619 1.83805 1.78153 1.80459 1.81588 1.82626 1.82073 1.82107 1.8475 1.80849 1.81 1.82769 1.82725 1.80715 1.82263 1.80851 1.84118 1.82287 1.82575 1.83106 1.75299 1.79958 1.77872 1.82355 1.77957 1.81803 1.80885 1.80937 1.764 1.829 1.78888 1.75258 1.83533 1.81673 1.7894 1.83147 1.81701 1.83338 1.7996 1.807 1.81953 1.77316 1.84199 1.76809 1.82885 1.79817 1.79415 1.81449 1.84919 1.80222 1.81852 1.8026 1.82127 1.79976 1.83591 1.8335 1.84752 1.78477 1.77283
1.82669 1.816 1.83667 1.81798 1.80155 1.8348 1.81973 1.82014 1.83697 1.79134 1.80452 1.82932 1.76987 1.80916 1.80088 1.82967 1.825 1.83066 1.80545 1.81385 1.77511 1.81217 1.83813 1.81873 1.82205 1.82435 1.84795 1.80093 1.80918 1.80585 1.82291 1.81536 1.83611 1.78515 1.85332 1.81712 1.81308 1.83847 1.7884 1.82954 1.82354 1.81264 1.83714
1.81699 1.82309 1.81789 1.79105 1.81482 1.82774 1.75637 1.75779 1.81642 1.8429 1.8586 1.81286 1.84046 1.85105 1.83071 1.82612 1.81467 1.79024 1.83452 1.86051 1.82991 1.8066 1.83954 1.84258 1.84234 1.83604 1.85342 1.85532 1.83839 1.81238 1.84295 1.81017 1.82321 1.80009 1.83796 1.86677 1.78653 1.85255 1.78499 1.8123 1.80358 1.84879 1.8256 1.7998 1.84062 1.81947 1.8249 1.84627 1.86177 1.79046 1.83746
1.84885 1.82427 1.8379 1.84884 1.84269 1.85758 1.84087 1.83508 1.81289 1.81767 1.80759 1.82772 1.84826 1.83256 1.82788 1.83568 1.82652 1.83719 1.82697 1.83296 1.84803 1.86473 1.82553 1.82022 1.83303 1.81317 1.83455 1.83143 1.84793 1.83611 1.83025 1.80955 1.8531 1.84426 1.86375 1.81279 1.84206 1.79556 1.85506 1.8282 1.81452 1.84972 1.81984 1.83273 1.8386 1.8282 1.82562 1.81933 1.80974 1.83173 1.8564 1.83231 1.83845 1.84826 1.84654 1.83787
1.85235 1.81908 1.84189 1.84374 1.81443 1.82416 1.82038 1.83866 1.84081 1.8319 1.82749 1.81612 1.82318 1.81383 1.81611 1.84249 1.83558 1.79723 1.80183 1.82123 1.82716 1.83573 1.83709 1.80691 1.81493 1.8056 1.7977 1.80229 1.81191 1.78099 1.79576 1.81931 1.79729 1.8572 1.79571 1.81264 1.7967 1.8333 1.81019 1.80131 1.83262 1.80594 1.83103 1.81523 1.84869 1.83554 1.72419 1.76582 1.80589 1.8228 1.84853 1.80505 1.82299 1.82713 1.8346 1.82565 1.82421 1.79709
1.80496 1.81313 1.81151 1.82242 1.83955 1.79662 1.82459 1.81727 1.81261 1.81466 1.78472 1.81762 1.84176 1.80081 1.84126 1.83049 1.82068 1.82634 1.81427 1.81258 1.79847 1.81895 1.81747 1.79074 1.8293 1.83129 1.82286 1.81674 1.83103 1.81544 1.75069 1.80649 1.81421 1.84017 1.81114 1.81918 1.83619 1.82416 1.82549 1.81044 1.81935 1.77355 1.83453 1.83521 1.8171 1.8043 1.81565 1.77879 1.82714 1.79242
1.81496 1.8114 1.74662 1.79997 1.81519 1.76617 1.8075 1.71879 1.84936 1.82129 1.80283 1.82568 1.78719 1.8008 1.81752 1.79952 1.79916 1.8034 1.82198 1.82151 1.82975 1.81891 1.78753 1.81847 1.83218 1.84597 1.82209 1.82286 1.75409 1.84184 1.82788 1.8013 1.83663 1.83189 1.82482 1.82445 1.79607 1.7883 1.82551 1.80996 1.81599 1.82793 1.71856 1.79832 1.76676 1.81231 1.82873 1.79898 1.83869 1.81713 1.81866 1.68092 1.84133 1.8006 1.85639 1.78635 1.79772 1.80746 1.80176 1.82278 1.81147
1.85368 1.84485 1.78827 1.82272 1.85393 1.77772 1.81348 1.83411 1.72319 1.83227 1.82481 1.79639 1.78866 1.80087 1.7983 1.82013 1.81603 1.80926 1.81933 1.80866 1.83285 1.81239 1.80061 1.80471 1.79906 1.83815 1.85286 1.81749 1.85159 1.78138 1.82926 1.84184 1.82968 1.8239 1.8336 1.84237 1.83876 1.82658 1.76303 1.79984 1.79256 1.84207 1.81914 1.82554 1.79614 1.82023 1.81639 1.79769 1.81703 1.84334 1.79794 1.82592 1.8153
1.83779 1.82853 1.85179 1.85775 1.80233 1.78151 1.78751 1.81545 1.78952 1.83266 1.83524 1.82258 1.80113 1.839 1.81211 1.81807 1.81232 1.76797 1.82773 1.7993 1.8411 1.82433 1.82315 1.80471 1.77624 1.8073 1.82535 1.82933 1.82536 1.80077 1.78652 1.84447 1.78993 1.81568 1.83587 1.83113 1.82824 1.84519 1.82576 1.80179 1.84193 1.85472 1.8371 1.84137
1.83038 1.84521 1.83123 1.8182 1.80663 1.80826 1.84879 1.82179 1.8311 1.8169 1.83375 1.82128 1.81559 1.82251 1.83614 1.81675 1.79315 1.79351 1.82923 1.78906 1.83652 1.82572 1.82958 1.79524 1.84164 1.8109 1.80304
1.83677 1.8291 1.82622 1.83992 1.79699 1.84339 1.83242 1.85081 1.83526 1.81715 1.83359 1.79764 1.80092 1.83217 1.82427 1.83049 1.81021 1.82453 1.82382 1.81389 1.82473 1.82386 1.82901 1.83537 1.82761 1.84737 1.82485 1.81443 1.84454 1.80937 1.81097 1.79897 1.83211 1.83528 1.80556 1.85423 1.82349 1.78716 1.82729 1.84597 1.8155 1.83736 1.85019 1.83915 1.81402 1.81638 1.79879 1.84814 1.82826 1.83195 1.82219 1.82733 1.77997 1.8037
1.82151 1.8213 1.83998 1.77936 1.8089 1.85884 1.85687 1.84207 1.82897 1.82766 1.84036 1.85079 1.80365 1.83866 1.81438 1.82974 1.82532 1.84556 1.82774 1.81607 1.83863 1.81219 1.85069 1.83001 1.8464 1.80176 1.84826 1.84431 1.8288 1.80773 1.83143 1.82006 1.83013 1.84336 1.83807 1.83742 1.81833 1.84262
1.76932 1.77323 1.79355 1.77488 1.7928 1.7978 1.80645 1.81819 1.83119 1.81007 1.75554 1.7719 1.78021 1.83773 1.79937 1.82144 1.78773 1.82457 1.79758 1.74669 1.80493 1.83694 1.8103 1.81024 1.80165 1.78344 1.80635 1.82599 1.8286 1.80903 1.79931 1.81795 1.78522 1.81661 1.81477 1.82601 1.78835 1.83266 1.82358 1.83419 1.81725 1.79365 1.78355 1.79306 1.72889 1.76678 1.79652 1.76422 1.76526 1.74033 1.79313 1.82552 1.77475 1.78234
1.79631 1.7891 1.82419 1.83818 1.8064 1.84003 1.80871 1.84058 1.82005 1.83807 1.84798 1.83829 1.84421 1.84337 1.83824 1.84317 1.83099 1.82189 1.84784 1.84926 1.81363 1.83905 1.83771 1.85117 1.83406 1.81678 1.79054
1.8292 1.823 1.81872 1.83564 1.84528 1.83945 1.8279 1.8439 1.84679 1.84128 1.84672 1.81711 1.8488 1.83226 1.85177 1.85522 1.83025 1.85572 1.75262 1.85124 1.8411 1.84204 1.83581 1.82291 1.81915 1.80377 1.82107 1.83935 1.8418 1.85865 1.83247 1.84798 1.85967 1.83432 1.83882 1.84038 1.85072 1.8212 1.84321 1.81557 1.83476 1.83577 1.8469 1.84013 1.8451 1.82675
1.85441 1.83998 1.84873 1.84101 1.82463 1.86173 1.84244 1.83953 1.84887 1.81782 1.81969 1.84912 1.84242 1.80905 1.84444 1.83997 1.8163 1.83465 1.82687 1.82159 1.83976 1.81033 1.84012 1.84715 1.85082 1.82287 1.80605 1.83605 1.80927 1.83308 1.80453 1.82384 1.84096 1.81767 1.80979 1.8288 1.81395 1.81464 1.82979 1.80492 1.8314 1.82687
1.82817 1.79466 1.79411 1.76996 1.79808 1.68957 1.83753 1.83682 1.82744 1.83932 1.79362 1.7967 1.74068 1.79714 1.79688 1.81494 1.81595 1.77945 1.78646 1.81422 1.82868 1.79674 1.7658 1.85171 1.79772 1.78566 1.78636 1.7738 1.82008 1.80881 1.76495 1.83837 1.83407 1.78897 1.81425
1.83652 1.80858 1.83615 1.80535 1.81173 1.83707 1.8019 1.83435 1.83746 1.8372 1.85616 1.83702 1.78608 1.84976 1.83209 1.82666 1.84527 1.83808 1.83011 1.81446 1.83796 1.85431 1.83796 1.81538 1.8356 1.80584 1.84751 1.80104 1.81462 1.81116 1.84811 1.82535 1.83376 1.83984 1.82112 1.83978 1.83324 1.8322 1.81589 1.82903 1.84875 1.78966 1.82436 1.83349 1.83302 1.77967 1.76174 1.84642 1.78909
1.86114 1.80633 1.80056 1.82906 1.85308 1.84148 1.82599 1.83683 1.82893 1.81937 1.85575 1.82818 1.84105 1.84322 1.83037 1.8048 1.83391 1.80247 1.83468 1.82778 1.82231 1.81044 1.82322 1.83528 1.85504 1.83499 1.82231 1.84979 1.8314 1.7949 1.84562 1.81283 1.81978 1.80503
1.81197 1.80395 1.84261 1.8086 1.80772 1.83299 1.81946 1.8255 1.81863 1.82589 1.83753 1.82519 1.80134 1.81972 1.78595 1.79838 1.81253 1.7769 1.81489 1.77396 1.79708 1.83113 1.74341 1.8248 1.82069 1.82992 1.82939 1.82884 1.79571 1.81056 1.82244 1.81853 1.81591 1.81483 1.797 1.79328
1.81724 1.83029 1.81798 1.84552 1.83519 1.80444 1.75333 1.82894 1.83536 1.80061 1.80406 1.80195 1.83967 1.81643 1.8398 1.83013 1.80895 1.82759 1.82532 1.85432 1.84625 1.82138 1.80846 1.82883 1.80256 1.84492 1.84678 1.83355 1.83441 1.85039 1.83253 1.82507 1.83786 1.8335 1.84649 1.81115 1.83953 1.81778 1.82076 1.80452 1.82499 1.79553 1.82765 1.81783 1.83139 1.80631 1.79222 1.81106 1.81351 1.8345 1.84263 1.80954 1.81999 1.8244 1.8355
1.81477 1.78451 1.80893 1.85111 1.82566 1.82785 1.79088 1.84636 1.82827 1.78496 1.82217 1.78433 1.8073 1.80937 1.80447 1.80054 1.77691 1.82091 1.8036 1.76956 1.80563 1.83163 1.84602 1.8176 1.8221 1.81076 1.82586 1.79166 1.81036 1.82557 1.82223 1.77665 1.79392 1.78786 1.75257 1.84333 1.79214 1.77574 1.77401 1.83309 1.79892 1.82504 1.81127 1.81503 1.8059 1.8148 1.81731 1.81206 1.80208 1.8115 1.75975 1.82239 1.80038 1.79583 1.78246 1.80714 1.80904
1.82919 1.83544 1.78394 1.84542 1.81216 1.85933 1.82382 1.82811 1.82247 1.83959 1.80045 1.84769 1.78507 1.83576 1.8635 1.84239 1.80914 1.83649 1.81976 1.84635 1.82129 1.86844 1.84114 1.81386 1.85046 1.83795 1.82993 1.83424 1.79799 1.80183 1.8455 1.83057 1.83236 1.8376 1.81782 1.83775 1.85455 1.83347 1.82986 1.79516 1.80993 1.80951 1.81017 1.81579 1.84635 1.81925 1.80794 1.82219 1.84078 1.83339 1.82432 1.83259
1.83807 1.85843 1.83586 1.82297 1.83198 1.81801 1.82931 1.83516 1.81841 1.82337 1.84133 1.79628 1.84223 1.80846 1.8228 1.85467 1.83446 1.82232 1.83038 1.85767 1.82616 1.77573 1.76968 1.83585 1.85074 1.7822 1.83535 1.83014 1.82034 1.81873 1.82457 1.82866 1.8501 1.82918 1.82473 1.8384 1.8321 1.80119 1.85892 1.84507 1.80955 1.84022 1.82899 1.79706 1.79282 1.82454 1.81638 1.84859 1.84123 1.86014 1.81126 1.82564 1.83661 1.846
1.84537 1.81908 1.83623 1.81946 1.82773 1.84437 1.85277 1.8319 1.81757 1.85322 1.86297 1.84311 1.8319 1.84034 1.83468 1.8246 1.86203 1.83468 1.82904 1.8268 1.83114 1.85733 1.83142 1.84881 1.85359 1.81577 1.84288 1.82351 1.82348 1.84895 1.83333 1.83404 1.84304 1.85332 1.84129 1.85727 1.84565 1.83767 1.83737 1.84113 1.82937 1.82668 1.85263 1.80887 1.83913 1.82067 1.84774 1.84331 1.84548 1.84509 1.81583 1.86195 1.81216 1.79499 1.81254 1.84745 1.84332 1.84872 1.81739 1.8375
1.80584 1.8171 1.83905 1.84143 1.8257 1.82338 1.83694 1.84948 1.79318 1.79065 1.83218 1.83893 1.82054 1.84063 1.78983 1.80858 1.81406 1.85169 1.79817 1.80414 1.82218 1.82567 1.8042 1.82831 1.81502 1.74887 1.80499 1.82977 1.75956 1.80717 1.8274 1.8302 1.79979 1.8392 1.79626 1.83337 1.84161 1.8349 1.79147 1.82283 1.80077 1.83181 1.84315 1.82063 1.82862 1.8084 1.81552 1.79417 1.81658 1.80465
1.80912 1.82499 1.82153 1.86275 1.82577 1.83835 1.81307 1.82577 1.84033 1.85073 1.81514 1.89696 1.81276 1.76912 1.80745 1.8526 1.74231 1.81198 1.8644 1.82044 1.83521 1.81225 1.83588 1.8188 1.84539 1.80121 1.80552 1.81413 1.80397 1.81356 1.794 1.8472 1.82978 1.78483 1.77744 1.83059 1.85319 1.83035 1.84363 1.78186 1.76496 1.81433 1.84485 1.79713 1.80086 1.80903 1.79557
1.79698 1.82654 1.78549 1.8197 1.84379 1.82974 1.7984 1.81879 1.82037 1.84917 1.81348 1.82186 1.82373 1.79743 1.84101 1.82338 1.7928 1.8232 1.85643 1.86025 1.85077 1.81841 1.82748 1.7971 1.83182 1.82898 1.84692 1.80334 1.79864 1.85822 1.84301 1.81431 1.84715 1.83573 1.81166 1.82443 1.80829 1.84614 1.8488 1.77857 1.82048 1.8414 1.83767 1.82947 1.82934 1.80148 1.8298 1.84802 1.83457 1.85207 1.83322
