1.81028 1.83474 1.81411 1.83094 1.83957 1.81751 1.81545 1.83415 1.81942 1.81642 1.81213 1.80049 1.79895 1.82437 1.79583 1.82316 1.81431 1.8433 1.8212 1.82061 1.81964 1.79338 1.82257 1.82713 1.83362 1.82985 1.83479 1.84103 1.82077 1.84018 1.8367 1.819 1.82424 1.80181 1.81793 1.82635 1.82976 1.81652 1.82975 1.79168 1.83968 1.83289 1.83631 1.83902 1.81404 1.81013 1.83367 1.82895 1.7994 1.81686 1.72188 1.8246 1.82099 1.84367
1.79447 1.78755 1.8049 1.81042 1.7943 1.81818 1.7883 1.80135 1.82624 1.80966 1.83228 1.82076 1.7878 1.81167 1.81079 1.76671 1.79386 1.80552 1.80489 1.8444 1.83576 1.80965 1.82634 1.83031 1.80408 1.77753 1.82525 1.84219 1.82094 1.82737 1.80482 1.81794 1.8307 1.84084 1.74671 1.8499 1.84467 1.84481 1.81248 1.8223 1.81598 1.80641 1.79918 1.82546 1.80558 1.80585 1.84015 1.81913 1.82213
1.84088 1.80844 1.82048 1.79602 1.82021 1.79976 1.84224 1.81988 1.84567 1.81225 1.83631 1.84036 1.82515 1.81431 1.81038 1.84804 1.82345 1.83948 1.83909 1.84445 1.808 1.83189 1.83981 1.84627 1.8326 1.84471 1.80963 1.81532 1.80983 1.85488 1.84484 1.80717 1.82596 1.83263 1.85485 1.83756 1.82429 1.81773 1.84294 1.84434 1.82481 1.84071 1.78569 1.83394 1.83145 1.83548 1.82122 1.82964 1.83383 1.82687 1.84084 1.82637 1.82481 1.80908 1.83934 1.83633 1.80252
1.82889 1.80207 1.80072 1.83799 1.83135 1.82124 1.7966 1.82361 1.80969 1.83176 1.83563 1.82121 1.82756 1.80746 1.84408 1.83582 1.79431 1.80839 1.83679 1.818 1.8388 1.85231 1.8414 1.83729 1.8279 1.81689 1.82954 1.81388 1.86052 1.85038 1.82048 1.81141 1.81039 1.7724 1.8562 1.85208 1.8382 1.81539 1.83104 1.82845 1.83277 1.83095 1.80179 1.81075 1.78924 1.82271 1.81688 1.79832 1.80331 1.85202 1.83515
1.80619 1.84586 1.81707 1.82683 1.853 1.80185 1.87674 1.83653 1.84704 1.84907 1.83032 1.83194 1.83782 1.8411 1.81005 1.86675 1.87099 1.84562 1.84342 1.85582 1.83868 1.82154 1.79786 1.84936 1.84948 1.86283 1.8412 1.80239 1.82241 1.76527 1.84419 1.84183 1.8733 1.85016 1.85816 1.87286 1.85207 1.84248 1.83336 1.84787 1.88093 1.82069 1.84544 1.83655 1.83907
1.80674 1.83092 1.74945 1.84842 1.82475 1.81527 1.81301 1.82825 1.80956 1.81212 1.80179 1.81065 1.79963 1.81313 1.8113 1.83966 1.81419 1.70604 1.84537 1.82853 1.82443 1.78671 1.79727 1.82799 1.75663 1.78477 1.8311 1.77636 1.82929 1.83602 1.83141 1.79005 1.77767 1.83213 1.86103 1.83664 1.82218 1.77616 1.84916 1.77826 1.82167 1.84479 1.79876 1.84832 1.79379 1.82077 1.84132 1.83037 1.83055 1.76571 1.80356
1.80394 1.82622 1.83586 1.84166 1.84292 1.83458 1.81162 1.80679 1.83283 1.8302 1.83732 1.82225 1.77849 1.8295 1.83512 1.81834 1.82897 1.79864 1.82813 1.83157 1.81305 1.84543 1.84943 1.83539 1.84603 1.82119 1.82516 1.81221 1.80972 1.82626 1.80597 1.83714 1.83266 1.83535 1.8515 1.81205 1.83953 1.83938 1.7834 1.82135 1.83431 1.85057 1.84542 1.83024 1.83963 1.80851 1.80932 1.8197
1.83413 1.81546 1.83348 1.7846 1.83618 1.84511 1.82682 1.83747 1.81389 1.80383 1.81158 1.83589 1.84277 1.8021 1.81674 1.83632 1.81829 1.82274 1.82605 1.81564 1.85178 1.85158 1.81644 1.86535 1.83382 1.81792 1.84122 1.81272 1.81763 1.82934 1.82544 1.82752 1.83438 1.79302 1.83429 1.84794 1.83139 1.85315 1.80525 1.82889 1.82265 1.81139 1.81359 1.8418 1.82535 1.83416 1.82756 1.83317 1.81475 1.80494 1.82559 1.82076 1.8115 1.80048 1.84362 1.77751 1.81058 1.81658
1.84462 1.80754 1.78896 1.82521 1.82121 1.82311 1.83564 1.7969 1.85496 1.83493 1.81352 1.79491 1.8495 1.83666 1.79719 1.82615 1.79336 1.83698 1.83089 1.81626 1.82656 1.80516 1.82645 1.8326 1.82526 1.80381 1.84351 1.81649 1.82097 1.85335 1.82788 1.8075 1.79968 1.82215 1.79239 1.82921 1.82822 1.82253 1.84117
1.81243 1.82178 1.81098 1.81082 1.83555 1.82928 1.83221 1.83424 1.81732 1.82628 1.80518 1.79161 1.79572 1.84899 1.82612 1.81123 1.83981 1.82756 1.79852 1.74739 1.83144 1.82053 1.78046 1.77777 1.77407 1.82683 1.80409 1.83802 1.84569 1.79455 1.84008 1.84973 1.83961 1.86076 1.8284 1.84507 1.79956 1.81615 1.8344 1.74175 1.82124 1.81915 1.85134 1.83119 1.82143 1.85343 1.81664 1.84023 1.79662 1.83368
1.81013 1.79217 1.81648 1.8122 1.8472 1.80973 1.72598 1.81125 1.83483 1.85084 1.81722 1.82528 1.82648 1.81003 1.78941 1.83945 1.80627 1.8127 1.83642 1.83086 1.81866 1.81972 1.81128 1.83761 1.80541 1.83569 1.83128 1.87367 1.80977 1.82685 1.82809 1.80887 1.83382 1.80873 1.80914 1.80823 1.79863 1.80655 1.84322 1.79928 1.82587 1.79857 1.83803 1.8254 1.81938 1.81533 1.84041 1.82185 1.85822 1.81733 1.83939 1.79203 1.84792
1.86013 1.8286 1.85161 1.85722 1.8372 1.8286 1.83764 1.83338 1.83701 1.84795 1.83196 1.85336 1.83681 1.82681 1.84297 1.84886 1.82585 1.84977 1.82468 1.84779 1.83678 1.86014 1.85634 1.8539 1.85639 1.84291 1.84926 1.8469 1.83112 1.84863 1.85991 1.84628 1.80537 1.84866 1.84254 1.83615 1.81758 1.8469 1.82906 1.86147 1.8364 1.83945 1.85336 1.828 1.83484 1.84751 1.82543 1.82947 1.84595 1.81411 1.85431 1.84965 1.83814 1.83673 1.83134 1.84247 1.8427 1.8482 1.8393 1.8196 1.83629 1.83898 1.8477 1.82794 1.84497 1.83497 1.85955 1.85096 1.82058 1.84705 1.85291 1.87519 1.85991 1.85306 1.83874 1.86686 1.86298 1.84977 1.8138 1.84265
1.80131 1.79893 1.82717 1.84153 1.79228 1.75521 1.74401 1.79893 1.84051 1.79616 1.84457 1.8621 1.85299 1.82426 1.8345 1.84421 1.82636 1.84646 1.85688 1.73879 1.83879 1.80521 1.83336 1.7937 1.84664 1.84922 1.75179 1.80891 1.84058 1.84013 1.84877 1.82556 1.85033 1.82628 1.80834 1.81714 1.84293 1.83114 1.82505 1.83834 1.81565 1.82088 1.81979 1.82412 1.82505
1.79421 1.81947 1.84128 1.81551 1.79055 1.82202 1.81282 1.82883 1.73759 1.834 1.80361 1.82834 1.83717 1.82683 1.81923 1.83505 1.81128 1.83659 1.7891 1.83837 1.80187 1.844 1.8249 1.82461 1.82944 1.80472 1.83 1.79788 1.84026 1.82859 1.80607 1.84923 1.80937 1.82454 1.83397 1.81881 1.80163 1.83235 1.8217 1.79202 1.74723 1.81862 1.81288 1.80537 1.75099 1.82547 1.77307 1.83204 1.83783 1.8365 1.8243 1.83696
1.85708 1.84354 1.80931 1.81941 1.83095 1.84986 1.81798 1.83614 1.83363 1.83353 1.83969 1.82599 1.84131 1.8388 1.82658 1.85009 1.8395 1.83047 1.83114 1.82995 1.83746 1.82361 1.85055 1.84436 1.85026 1.84391 1.82578 1.83773 1.82511 1.82689 1.83333 1.81587 1.81824 1.8325 1.83265 1.85538 1.85489 1.78089 1.84136 1.83702 1.83364 1.79835 1.84669 1.83031 1.80548 1.82629 1.84381 1.83038 1.84456 1.81148 1.85167 1.84366 1.83743 1.79434 1.8276 1.82006 1.82163 1.81176
1.82422 1.84404 1.84029 1.84571 1.85374 1.85355 1.83433 1.8439 1.85206 1.84247 1.83847 1.83141 1.84924 1.86721 1.8233 1.85203 1.84657 1.84056 1.85148 1.84705 1.85576 1.84005 1.8362 1.85338 1.84966 1.8282 1.85925 1.85142 1.82404 1.84894 1.84395 1.84328 1.82952 1.66139 1.79623 1.83096 1.84668 1.84202 1.85772 1.81606 1.83704 1.84258 1.84872 1.81048 1.83672 1.80364 1.83409 1.84019 1.83815 1.82617 1.83681 1.85166 1.8332 1.82982 1.8229 1.83293 1.84893 1.83333 1.84517 1.85319 1.8527
1.83793 1.8557 1.77493 1.84328 1.84025 1.86254 1.81564 1.84662 1.80093 1.82525 1.83206 1.83651 1.83753 1.83244 1.80872 1.83274 1.795 1.79224 1.85585 1.8488 1.83147 1.80814 1.84176 1.81952 1.79713 1.84806 1.85389 1.8508 1.86666 1.83326 1.83016 1.81983 1.83909 1.83401 1.84153 1.8475 1.81025 1.82794 1.85616 1.84309 1.82017 1.83676 1.85645 1.85476 1.83299 1.81613 1.83596 1.83012 1.81298 1.84467 1.82646 1.85817 1.83321
1.8327 1.74705 1.81681 1.7994 1.74293 1.83192 1.76483 1.82226 1.78267 1.80192 1.82576 1.8012 1.80575 1.82959 1.79049 1.76421 1.82115 1.77905 1.82777 1.78005 1.77535 1.80341 1.83889 1.82986 1.82906 1.7897 1.815 1.80305 1.78176 1.82761 1.80179 1.82926 1.82449 1.77786 1.83589 1.84996 1.76415 1.80922 1.79913 1.82952 1.77941 1.81088 1.76736 1.77859 1.81197 1.78161 1.7533 1.82741 1.76269
1.79585 1.82563 1.82392 1.83679 1.83861 1.81344 1.81707 1.80676 1.81263 1.83769 1.82576 1.85478 1.81486 1.81442 1.79898 1.82056 1.79607 1.79607 1.85263 1.78927 1.82483 1.78352 1.82269 1.78934 1.77631 1.81121 1.83043 1.79511 1.82632 1.80834 1.83717 1.82617 1.83956 1.83271 1.83292 1.82517 1.83478 1.82278 1.83838 1.80603 1.82103 1.80271 1.85095 1.83348 1.81109
1.84169 1.79832 1.80574 1.82249 1.80924 1.83342 1.80935 1.8165 1.82726 1.84181 1.80549 1.81477 1.84983 1.82262 1.8417 1.82689 1.83288 1.82345 1.80402 1.84865 1.81796 1.83883 1.83281 1.84125 1.83322 1.80315 1.82162 1.81842 1.799 1.80242 1.81956 1.85424 1.83347 1.8216 1.85844 1.82177 1.82908 1.81643 1.83241 1.83508 1.81253 1.85813 1.82497 1.8057 1.8382 1.84134 1.83573 1.84332 1.82316 1.82519 1.85282 1.81654 1.82477 1.82154
1.79506 1.83645 1.83103 1.80014 1.802 1.82554 1.82909 1.84122 1.84243 1.84523 1.81197 1.85034 1.8523 1.83294 1.82287 1.8179 1.8504 1.84104 1.80565 1.82947 1.78604 1.80739 1.78132 1.831 1.83658 1.83083 1.80739 1.82949 1.83495 1.85492 1.83218 1.79436 1.81453 1.81486 1.80751 1.7927 1.8316 1.80246 1.83192 1.79586 1.8191 1.8211 1.8034 1.841 1.8298 1.81757 1.82697 1.77258 1.84108 1.83262 1.83644 1.78628 1.80156 1.82074
