1.79545 1.82766 1.81245 1.77458 1.81149 1.79041 1.83501 1.83242 1.81731 1.83659 1.85202 1.82398 1.81506 1.818 1.8193 1.82774 1.82206 1.80359 1.83135 1.8022 1.84857 1.81205 1.83149 1.81425 1.83097 1.79133 1.81763 1.79744 1.81541 1.84064 1.72576 1.81765 1.79944 1.81974 1.82702 1.8322 1.76744 1.83065 1.81504 1.78961 1.78504 1.8103 1.84548 1.82184 1.81929 1.79833 1.7791 1.76472 1.81831 1.83339 1.80639 1.8042 1.80462 1.83733 1.81815 1.83719 1.84449 1.80443 1.82113 1.8224
1.82214 1.81863 1.81093 1.83096 1.7804 1.81594 1.81947 1.77448 1.82709 1.79668 1.82329 1.81951 1.81642 1.82835 1.82508 1.83958 1.82635 1.83782 1.84224 1.80167 1.80887 1.81343 1.81059 1.81961 1.84361 1.83046 1.79992 1.66217 1.80607 1.78224 1.82717 1.8267 1.82833 1.77568 1.81645 1.79328 1.79087 1.77678 1.82348 1.81004
1.84314 1.85307 1.81856 1.81845 1.78333 1.8419 1.83494 1.85346 1.83883 1.82991 1.83123 1.81848 1.82386 1.78703 1.82451 1.81109 1.77745 1.80636 1.83003 1.82069 1.82215 1.82036 1.85367 1.8252 1.84911 1.83482 1.82926 1.8158 1.80308 1.82629 1.8046 1.83474 1.81749 1.8431 1.79104 1.84022 1.75768 1.8146 1.80806 1.82636 1.83719 1.83482 1.8202 1.82747 1.83162 1.83978 1.82632 1.8181 1.84803 1.83594 1.82777
1.75324 1.76909 1.76716 1.74931 1.80603 1.72054 1.81769 1.80526 1.80152 1.78204 1.81726 1.76089 1.73134 1.80295 1.80544 1.79988 1.8178 1.79268 1.79377 1.81598 1.7094 1.78064 1.74537 1.80874 1.73909 1.62453 1.78049 1.78957 1.79768 1.65531 1.77165 1.81296 1.81649 1.82214 1.80173 1.72585 1.80221 1.67451 1.81141 1.76274 1.82251 1.7464 1.77115 1.80542
1.84259 1.81189 1.83964 1.7787 1.79574 1.75304 1.80115 1.8432 1.82666 1.78912 1.80593 1.82855 1.82601 1.76595 1.80773 1.81714 1.83819 1.80336 1.80268 1.81675 1.80268 1.82708 1.81497 1.81818 1.83401 1.82024 1.8522 1.83179 1.80243 1.83184 1.84118 1.8302 1.8187 1.83011 1.81463 1.81197 1.82189 1.80418 1.84202 1.79576 1.83796 1.81834 1.84 1.79967 1.85299 1.82251 1.83464 1.79615 1.86411 1.85023
1.81689 1.82611 1.82574 1.81571 1.81353 1.83879 1.78828 1.82752 1.81865 1.8381 1.81121 1.83021 1.8044 1.80464 1.8004 1.83293 1.84197 1.81369 1.83738 1.83247 1.82243 1.81033 1.80868 1.82375 1.80719 1.82394 1.83236 1.83147 1.84618 1.84373 1.8463 1.81634 1.81808 1.80375 1.8119 1.84012 1.75153 1.83884 1.84003 1.82751 1.803 1.78743 1.8068 1.82943 1.80317 1.82714 1.8256 1.83684 1.83277 1.83767 1.82168 1.78921 1.82017 1.80274 1.83671 1.84427 1.84471 1.83423 1.81211 1.80666 1.8364 1.82016 1.83654
1.83727 1.84651 1.83987 1.82243 1.7948 1.82225 1.83987 1.81155 1.83205 1.81113 1.82125 1.82775 1.81793 1.82237 1.82626 1.84804 1.70292 1.84649 1.82946 1.77855 1.83524 1.84152 1.80192 1.82365 1.85414 1.80946 1.83511 1.84993 1.84572 1.82013 1.8346 1.79886 1.83971 1.82408 1.8449 1.85418 1.83431 1.82497 1.79448 1.77264 1.77796 1.80558 1.83285 1.81669 1.84528 1.80302 1.8294 1.81492 1.81412 1.82165 1.81399 1.84739 1.81734 1.83383 1.82906 1.79487 1.81347 1.79703 1.80959 1.81201 1.80616 1.83198 1.84805 1.78997 1.81168 1.80125
1.82029 1.79323 1.82133 1.82633 1.82245 1.83801 1.81293 1.83301 1.81658 1.83342 1.83247 1.79039 1.82102 1.79341 1.83416 1.83865 1.80443 1.85072 1.82214 1.83705 1.80375 1.79416 1.82897 1.81034 1.83684 1.81405 1.8107 1.819 1.80259 1.78918 1.81441 1.81852 1.80099 1.77417 1.78539 1.83299 1.8184 1.80234 1.78948 1.82579 1.81931 1.76876 1.8032 1.85116 1.82113 1.80902 1.81606 1.81742 1.82689 1.83107 1.82761 1.81983 1.80655 1.82629 1.82648 1.85115 1.79835 1.82648 1.81817 1.80082 1.81247 1.76294 1.82502 1.8142 1.82103 1.84017 1.82256 1.8283 1.81498 1.79887 1.80221 1.82885 1.82149
1.83337 1.82727 1.84153 1.81299 1.819 1.77633 1.81241 1.79288 1.78959 1.81878 1.82161 1.84087 1.79834 1.83521 1.81459 1.81589 1.83078 1.78578 1.79339 1.84271 1.85639 1.82925 1.82619 1.82464 1.81565 1.82385 1.79486 1.86357 1.82819 1.8315 1.84403 1.81266 1.8225 1.80144 1.84496 1.80815 1.82516 1.83071 1.79057 1.78709 1.80741 1.73492 1.82097 1.78614 1.8228 1.84513 1.8609 1.81676 1.8141 1.80409 1.80342 1.83638 1.83785 1.80934 1.81635 1.81412 1.81418 1.7801 1.79225 1.79805 1.82686 1.83584 1.77903 1.83184 1.78829
1.84382 1.82421 1.81803 1.8308 1.8038 1.81145 1.80028 1.81979 1.78843 1.82334 1.82432 1.81578 1.81474 1.82462 1.84076 1.80854 1.81506 1.83508 1.82224 1.79737 1.83672 1.80645 1.77566 1.82074 1.82612 1.79619 1.84697 1.82928 1.82161 1.82836 1.81531 1.82381 1.82126 1.8135 1.82922 1.82927 1.83093 1.83588 1.85136 1.8529 1.81299 1.8324 1.81958 1.82495 1.84585 1.84582 1.82008 1.80862 1.7984 1.8035
1.8194 1.79956 1.84773 1.83155 1.84798 1.82452 1.8434 1.82003 1.79641 1.84071 1.7658 1.81436 1.84707 1.82884 1.81639 1.78655 1.76142 1.8283 1.81693 1.83016 1.83978 1.83117 1.81017 1.81941 1.82201 1.82834 1.8084 1.83347 1.8415 1.81385 1.81928 1.81448 1.84194 1.79768 1.7667 1.74553 1.80155 1.84482 1.82376 1.81743 1.77954 1.83729 1.82685 1.83172 1.8362 1.82678 1.79473 1.82607 1.81491 1.84053 1.84379 1.80852 1.79146 1.84652 1.84321 1.83629 1.82866 1.83837 1.82162 1.77743 1.8099 1.82086
1.83896 1.83537 1.82227 1.83457 1.83746 1.80661 1.82119 1.85507 1.82624 1.84245 1.81083 1.82716 1.80021 1.85096 1.79456 1.83084 1.83465 1.80321 1.85018 1.8137 1.83037 1.85456 1.8418 1.80064 1.80534 1.81488 1.82416 1.82228 1.79994 1.82514 1.85228 1.82718 1.83657 1.8498 1.82456 1.81436 1.81041 1.83702 1.8489 1.82408 1.72888 1.8254 1.81033 1.82908 1.78779 1.81213 1.83805 1.82912 1.79547 1.82643 1.81327 1.83974 1.79786 1.82893 1.81073 1.83798
1.82698 1.83951 1.80752 1.83126 1.84553 1.84462 1.81098 1.7823 1.81232 1.83283 1.84211 1.83535 1.82878 1.82763 1.84531 1.81734 1.82422 1.8446 1.78952 1.83723 1.84506 1.82724 1.81331 1.8147 1.82978 1.7903 1.82489 1.78743 1.82913 1.79605 1.83745 1.8122 1.82864 1.83248 1.83896 1.82665 1.82706 1.82401 1.88004 1.83069 1.81367 1.83026 1.83408 1.82766 1.85451 1.82849 1.8184 1.87101 1.80894 1.8192 1.80003
1.79161 1.78382 1.85452 1.76282 1.80627 1.80456 1.81063 1.80298 1.73652 1.83821 1.79565 1.77626 1.80875 1.81196 1.77104 1.81433 1.81727 1.80986 1.83512 1.79965 1.8077 1.80839 1.8042 1.82917 1.81453 1.82136 1.81755 1.82707 1.81028 1.78724 1.82813 1.78079 1.82775 1.78822 1.82254 1.73315 1.77878 1.83292 1.81004 1.81437 1.82181 1.78722 1.72766 1.82989 1.82742 1.7974 1.81286 1.82956 1.78085 1.78411 1.78709 1.80286 1.81396 1.80753 1.78593 1.82598 1.79393 1.78817 1.81522 1.78298 1.8068 1.79007 1.8482 1.80078 1.80127 1.79953
1.82624 1.82286 1.80089 1.82414 1.81852 1.80934 1.77545 1.83388 1.83275 1.84231 1.80776 1.82811 1.77884 1.81116 1.79599 1.81289 1.78436 1.81063 1.85518 1.8024 1.82933 1.83776 1.81634 1.81501 1.83161 1.79697 1.80312 1.81767 1.82152 1.84468 1.83093 1.82994 1.82744 1.83939 1.81481 1.81974 1.81466 1.82585 1.80386 1.83525 1.79782 1.81875 1.82605 1.82543 1.83654 1.81432 1.81659 1.84245 1.85843 1.80999 1.82384 1.83429 1.76763
1.8288 1.82451 1.85013 1.76062 1.82677 1.847 1.82763 1.84618 1.84247 1.82482 1.78729 1.79852 1.82531 1.8471 1.84707 1.75376 1.81868 1.8547 1.82349 1.837 1.83035 1.82226 1.82461 1.82844 1.79514 1.82499 1.80796 1.82797 1.811 1.82632 1.82397 1.83021 1.7989 1.80008 1.8181 1.77288 1.81621 1.83905 1.80049 1.84609 1.8476 1.82882 1.83005 1.82829 1.82308 1.81105 1.7936 1.81696 1.83245 1.81838 1.81553
1.79934 1.83409 1.78035 1.79774 1.83986 1.81152 1.74261 1.81464 1.81472 1.82629 1.78226 1.79749 1.82409 1.82685 1.78005 1.82016 1.83156 1.80054 1.82187 1.80328 1.82086 1.77756 1.75148 1.79778 1.8263 1.77857 1.78448 1.79355 1.78913 1.81726 1.80742 1.79416 1.79894 1.81105 1.77917 1.83352 1.83131 1.81939 1.77658 1.81692 1.82667 1.80501 1.82384 1.81433 1.77532 1.81457 1.83732 1.83369 1.80176 1.77779 1.85406 1.78025 1.82509 1.82957 1.83071 1.81539 1.78215 1.83473 1.78338 1.79495 1.8194 1.77504 1.80674 1.79178 1.83073 1.84892
1.79606 1.83086 1.84562 1.83737 1.84317 1.83369 1.81552 1.83229 1.84222 1.83554 1.81378 1.81467 1.79141 1.83148 1.84617 1.79603 1.78154 1.81471 1.80345 1.81751 1.8155 1.81931 1.81604 1.83312 1.8369 1.81907 1.82609 1.80819 1.8005 1.84114 1.85032 1.81124 1.82637 1.82517 1.76145 1.82137 1.84382 1.84115 1.84862 1.82715 1.82189 1.77406 1.84412
