1.86751
1.83595
1.83841
1.84412
1.83149
1.85285
1.83366
1.83181
1.84675
1.85027
1.83852
1.8647
1.81652
1.84679
1.84463
1.82838
1.85008
1.84782
1.84188
1.85425
1.86323
1.85737
1.85542
1.83747
1.83892
1.85165
1.84661
1.84276
1.8373
1.85002
1.84917
1.85518
1.82553
1.85502
1.87205
1.83839
1.84462
1.8555
1.85113
1.85238
1.84684
1.83958
1.85498
1.83091
1.82357
1.85237
1.8378
1.83203
1.85135
1.82581
1.8539
1.85599
1.83516
1.8515
1.81608
1.82916
1.85111
1.84543
1.8445
1.81964
1.83026
1.84169
1.81672
1.85404
1.84774
1.8613
1.8506
1.86063
1.81782
1.85547
1.84733
1.86807
1.85316
1.86027
1.84021
1.86826
1.85748
1.85245
1.84558
1.85525
