1.86013
1.8286
1.85161
1.85722
1.8372
1.8286
1.83764
1.83338
1.83701
1.84795
1.83196
1.85336
1.83681
1.82681
1.84297
1.84886
1.82585
1.84977
1.82468
1.84779
1.83678
1.86014
1.85634
1.8539
1.85639
1.84291
1.84926
1.8469
1.83112
1.84863
1.85991
1.84628
1.80537
1.84866
1.84254
1.83615
1.81758
1.8469
1.82906
1.86147
1.8364
1.83945
1.85336
1.828
1.83484
1.84751
1.82543
1.82947
1.84595
1.81411
1.85431
1.84965
1.83814
1.83673
1.83134
1.84247
1.8427
1.8482
1.8393
1.8196
1.83629
1.83898
1.8477
1.82794
1.84497
1.83497
1.85955
1.85096
1.82058
1.84705
1.85291
1.87519
1.85991
1.85306
1.83874
1.86686
1.86298
1.84977
1.8138
1.84265
