1.86648
1.84114
1.84418
1.86563
1.83858
1.8552
1.83804
1.84322
1.86428
1.85242
1.83402
1.86003
1.84212
1.84228
1.85449
1.861
1.83337
1.84722
1.84137
1.85325
1.85413
1.84365
1.86109
1.8607
1.8678
1.84977
1.8501
1.8438
1.8466
1.85714
1.86218
1.85297
1.83431
1.85862
1.87508
1.84803
1.84395
1.86127
1.85098
1.85496
1.84736
1.85728
1.86152
1.84996
1.82634
1.8512
1.85768
1.85696
1.84573
1.83193
1.85378
1.8598
1.85067
1.84516
1.82199
1.84189
1.84725
1.85568
1.84496
1.82593
1.84864
1.84596
1.87044
1.86884
1.85196
1.85422
1.86605
1.85595
1.82769
1.85722
1.86761
1.88759
1.85159
1.85471
1.84841
1.87114
1.86376
1.85966
1.85262
1.85095
