1.86216
1.83948
1.85674
1.8618
1.83803
1.84454
1.84125
1.83305
1.86193
1.85032
1.83777
1.86062
1.83266
1.83672
1.8401
1.85681
1.83447
1.85015
1.83673
1.85327
1.84331
1.8516
1.85886
1.85276
1.85876
1.84773
1.8496
1.84984
1.83728
1.85494
1.86984
1.84394
1.8206
1.86067
1.86987
1.83816
1.83248
1.8558
1.84182
1.85717
1.84541
1.8434
1.8487
1.84292
1.83617
1.84921
1.83389
1.83825
1.84538
1.81609
1.85067
1.86197
1.84866
1.84886
1.8387
1.85297
1.84709
1.85369
1.83836
1.80497
1.83888
1.83647
1.85381
1.86541
1.84255
1.85207
1.85773
1.85587
1.82319
1.84918
1.86171
1.88432
1.85097
1.85219
1.8422
1.87343
1.8559
1.84881
1.85294
1.85514
