1.86151
1.83075
1.83744
1.85633
1.81144
1.84753
1.84088
1.84063
1.83867
1.8527
1.84235
1.85413
1.83704
1.82515
1.82977
1.84588
1.82919
1.85022
1.83481
1.84756
1.85218
1.84115
1.85995
1.86335
1.86522
1.84942
1.8458
1.84493
1.83261
1.84655
1.86183
1.84699
1.82186
1.84855
1.86473
1.84068
1.87354
1.84192
1.84451
1.85562
1.84177
1.84049
1.85062
1.8389
1.82698
1.8359
1.82983
1.85024
1.84423
1.82684
1.85069
1.85353
1.8417
1.83413
1.82463
1.83357
1.83361
1.84953
1.83047
1.79288
1.83454
1.84768
1.79975
1.83398
1.84493
1.85575
1.86212
1.83913
1.81892
1.85372
1.87199
1.88409
1.85997
1.85581
1.84191
1.86798
1.8648
1.85281
1.82639
1.84971
