1.86239
1.83065
1.83851
1.8425
1.84004
1.85523
1.83167
1.84059
1.84449
1.8512
1.84069
1.85928
1.83762
1.83747
1.84355
1.83013
1.85046
1.85346
1.84468
1.82948
1.85465
1.86132
1.85885
1.83961
1.83185
1.84074
1.84136
1.84551
1.83832
1.84515
1.85909
1.84719
1.77366
1.843
1.83422
1.84092
1.87187
1.83088
1.8284
1.85673
1.83931
1.85283
1.84757
1.82161
1.83287
1.8457
1.85175
1.82481
1.84497
1.81102
1.85302
1.85355
1.83752
1.83776
1.82272
1.82565
1.8448
1.85497
1.83585
1.81909
1.83111
1.84475
1.86148
1.84237
1.84491
1.85087
1.86167
1.83077
1.81274
1.84918
1.85951
1.85059
1.86116
1.84419
1.84049
1.87148
1.85739
1.84119
1.82599
1.84363
