1.76168
1.79525
1.82757
1.80018
1.76932
1.83622
1.81084
1.82237
1.78189
1.80063
1.80696
1.80531
1.66952
1.6957
1.71513
1.8203
1.78653
1.81711
1.82912
1.8379
1.82939
1.79477
1.80212
1.8304
1.79933
1.82033
1.8313
1.84518
1.81162
1.84008
1.76952
1.83009
1.75276
1.80743
1.82348
1.8159
1.78836
1.74528
1.71307
1.81928
1.79806
1.82475
1.85296
1.78748
1.75678
1.83056
1.82202
1.80126
1.82422
1.76302
1.83973
1.8273
1.78743
1.75961
1.70685
1.69118
1.71561
1.83238
1.79452
1.77366
1.82206
1.81524
1.61072
1.79143
1.83322
1.78646
1.85648
1.79432
1.79315
1.83272
1.8437
1.82781
1.84639
1.83302
1.83294
1.70212
1.79276
1.78681
1.74797
1.82857
