1.83104
1.82853
1.81056
1.81628
1.76658
1.80013
1.81308
1.81831
1.82307
1.83278
1.81526
1.81871
1.83568
1.7745
1.85605
1.82781
1.82666
1.82127
1.8167
1.82414
1.82765
1.78723
1.82529
1.82395
1.79349
1.82086
1.8043
1.83512
1.80459
1.83172
1.83764
1.83719
1.77643
1.82186
1.82053
1.82797
1.79668
1.8002
1.76673
1.8209
1.8298
1.79309
1.81809
1.82426
1.84146
1.8327
1.87763
1.80651
1.82414
1.79013
1.83331
1.85499
1.81849
1.81772
1.79366
1.82072
1.8325
1.80703
1.83334
1.77623
1.82001
1.79834
1.79664
1.78244
1.83998
1.75493
1.83218
1.82477
1.80367
1.79802
1.78539
1.79111
1.84475
1.83243
1.81085
1.78654
1.79708
1.82751
1.79834
1.81408
