1.76165
1.82204
1.81807
1.80342
1.72506
1.81879
1.78349
1.82973

1.82625
1.80909
1.81384
1.82425
1.77447
1.76892
1.73923
1.80552
1.76938
1.81994
1.81289
1.79027
1.82324
1.84567
1.80787
1.79965
1.77957
1.82667
1.83753
1.81402
1.83518
1.81435
1.83207
1.72983
1.82668
1.83077
1.81072
1.83642
1.78388

1.79999
1.80646
1.75464
1.85244
1.78345
1.67354
1.81112
1.83421
1.7872
1.79473
1.7407
1.79692
1.83166
1.69297
1.78356
1.71839
1.77003
1.69941
1.81863
1.77431
1.74227
1.80466
1.82956
1.76738
1.79784
1.84479
1.75926
1.83495
1.75631
1.79985
1.83127
1.84754
1.80207
1.84505
1.83307
1.80058
1.7874
1.77201
1.74956
1.69045
1.8034
