1.86435
1.83157
1.82689
1.85258
1.83751
1.85265
1.83225
1.84708
1.84295
1.85626
1.84156
1.86428
1.81927
1.8509
1.82783
1.8338
1.8457
1.85424
1.8427
1.84281
1.86639
1.85844
1.85996
1.83399
1.84356
1.84917
1.85154
1.84343
1.83476
1.84847
1.86373
1.85163
1.82185
1.84892
1.86657
1.83876
1.85143
1.85502
1.84513
1.85523
1.84357
1.84749
1.85455
1.82142
1.82985
1.85154
1.83979
1.84611
1.84964
1.81809
1.85135
1.85689
1.84237
1.83689
1.81761
1.8285
1.83571
1.84625
1.8338
1.82675
1.83736
1.84629
1.79675
1.86407
1.84944
1.85635
1.86106
1.85548
1.8188
1.86266
1.85101
1.86822
1.85157
1.85793
1.83027
1.86749
1.87171
1.84633
1.83631
1.84694
