1.83329
1.81627
1.81706
1.83484
1.83092
1.82394
1.81222
1.80597
1.81868
1.84432
1.82763
1.85093
1.82446
1.83171
1.74691
1.81091
1.8116
1.83047
1.79907
1.82376
1.7945
1.82015
1.80997
1.80277
1.83234
1.8209
1.82462
1.84036
1.80738
1.81513
1.85338
1.83076
1.79319
1.82101
1.85365
1.81755
1.83318
1.7973
1.79937
1.83075
1.82752
1.72953
1.82929
1.82247
1.82476
1.84146
1.78252
1.74855
1.82577
1.8017
1.833
1.85919
1.82683
1.81691
1.80431
1.80201
1.81709
1.8259
1.80607
1.78879
1.80618
1.81247
1.7723
1.78994
1.84053
1.79751
1.8408
1.79748
1.81216
1.82879
1.85382
1.80371
1.82354
1.8269
1.81306
1.80951
1.82099
1.83306
1.81259
1.82999
