1.87237
1.8383
1.84596
1.85628
1.84803
1.8614
1.83567
1.85342
1.85374
1.85382
1.84528
1.86464
1.85271
1.85165
1.84985
1.83896
1.8474
1.85419
1.84776
1.83961
1.86697
1.85531
1.86108
1.83916
1.84404
1.85123
1.8524
1.85365
1.84139
1.85201
1.86091
1.85059
1.82247
1.86113
1.8737
1.84402
1.84287
1.85805
1.85472
1.85475
1.83502
1.84939
1.8581
1.85485
1.83602
1.85178
1.85179
1.84581
1.84213
1.82949
1.85407
1.85831
1.85993
1.85543
1.82922
1.84602
1.84957
1.85322
1.84947
1.81553
1.82804
1.8432
1.84917
1.8692
1.8525
1.85997
1.86725
1.85937
1.82958
1.85887
1.86529
1.89445
1.85494
1.86124
1.8524
1.87301
1.85896
1.85988
1.85852
1.85763
