1.85316
1.81972
1.79688
1.82598
1.81667
1.82696
1.81425
1.82534
1.80394
1.82592
1.82736
1.84314
1.81854
1.80973
1.76904
1.78757
1.81313
1.81326
1.80892
1.83444
1.81539
1.82221
1.82907
1.80221
1.8055
1.82783
1.8359
1.84696
1.8165
1.83285
1.85754
1.83806
1.71527
1.82438
1.82265
1.81326
1.83475
1.78976
1.73447
1.8421
1.79781
1.81462
1.8472
1.80054
1.81572
1.84044
1.80066
1.78947
1.83688
1.78865
1.8435
1.8297
1.7542
1.82249
1.81536
1.77406
1.81403
1.83635
1.80207
1.75131
1.82361
1.82036
1.83175
1.77224
1.8423
1.78648
1.8441
1.80507
1.79466
1.82681
1.821
1.79165
1.83397
1.83425
1.79388
1.81481
1.84114
1.84259
1.81992
1.82465
