1.86597
1.83031
1.84661
1.84732
1.81119
1.85685
1.82916
1.83883
1.84768
1.84834
1.83007
1.86205
1.83833
1.82062
1.85428
1.82203
1.84335
1.8576
1.84008
1.83682
1.864
1.84794
1.85993
1.82729
1.82946
1.84668
1.84659
1.84523
1.82883
1.85367
1.84569
1.84636
1.80102
1.84995
1.85742
1.83304
1.82461
1.85333
1.84695
1.85323
1.83733
1.81027
1.8404
1.83492
1.82582
1.84587
1.84406
1.82979
1.84565
1.81649
1.84592
1.85941
1.83372
1.83481
1.81894
1.80404
1.85251
1.85208
1.84088
1.8146
1.83323
1.84489
1.82448
1.84532
1.84626
1.84596
1.85735
1.85109
1.82104
1.86073
1.86965
1.85272
1.85016
1.85589
1.82857
1.8669
1.86367
1.85127
1.84362
1.83797
