1.8629
1.8392
1.85765
1.85344
1.84565
1.86026
1.84402
1.85049
1.85185
1.86624
1.842
1.83752
1.86644
1.86972
1.84279
1.8465
1.8485
1.8465
1.85331
1.85037
1.85946
1.86913
1.83785
1.85975
1.83178
1.84332
1.85754
1.86068
1.84555
1.86121
1.8606
1.86169
1.83476
1.84866
1.83028
1.85865
1.86414
1.85017
1.8443
1.84141
1.84866
1.85114
1.85849
1.84332
1.84815
1.86105
1.86034
1.8443
1.86789
1.83154
1.82884
1.85648
1.84617
1.84032
1.83219
1.85881
1.84725
1.87756
1.82406
1.81186
1.84209
1.86266
1.85034
1.85559
1.86156
1.84938
1.82914
