1.85536
1.8181
1.85946
1.84382
1.78453
1.83715
1.84286
1.85142
1.84114
1.81646
1.82415
1.86433
1.84004
1.83957
1.83823
1.83957
1.83827
1.84806
1.84718
1.85954
1.80427
1.84332
1.8436
1.84683
1.84831
1.84837
1.82712
1.83409
1.82368
1.84828
1.84468
1.84558
1.85797
1.84948
1.83392
1.85046
1.84475
1.84645
1.84513
1.8243
1.84023
1.84126
1.84921
1.81819
1.83941
1.85663
1.85212
1.8393
1.85711
1.84725
1.80361
1.86117
1.8376
1.83347
1.80875
1.8618
1.8423
1.85021
1.83394
1.80969
1.8388
1.84745
1.8519
1.83317
1.84627
1.84207
1.82384
