1.85544
1.83164
1.86133
1.85733
1.83526
1.8578
1.8402
1.8483
1.85561
1.83112
1.84455
1.87097
1.84016
1.83946
1.84461
1.83946
1.84868
1.85686
1.86866
1.86386
1.84371
1.83732
1.85249
1.85684
1.85723
1.85596
1.83461
1.84124
1.84463
1.85629
1.8535
1.85988
1.86319
1.84716
1.84
1.85902
1.8525
1.85031
1.84906
1.83793
1.84251
1.8475
1.85549
1.84281
1.84072
1.86115
1.87098
1.85345
1.86765
1.83667
1.8416
1.86393
1.84497
1.84252
1.8428
1.85743
1.85259
1.87584
1.83625
1.81251
1.85041
1.86471
1.84765
1.8552
1.86702
1.84677
1.8284
