1.82935
1.84394
1.8241
1.82648
1.78389
1.82308
1.82741
1.83691
1.84546
1.79844
1.81333
1.84912
1.83376
1.82641
1.82548
1.82641
1.83427
1.81779
1.81035
1.80693
1.8017
1.8217
1.76938
1.80267
1.8294
1.82207
1.80662
1.78163
1.71963
1.83946
1.83094
1.80659
1.81907
1.82908
1.80637
1.83233
1.83057
1.825
1.79589
1.81287
1.82142
1.81347
1.82504
1.80472
1.82952
1.80765
1.84154
1.81433
1.75492
1.84036
1.77572
1.81706
1.82319
1.81239
1.77801
1.84765
1.8002
1.79152
1.8181
1.81511
1.8227
1.83044
1.83874
1.83112
1.81533
1.83476
1.77696
