1.82924
1.81008
1.7778
1.81741
1.70738
1.80815
1.82057
1.84433
1.72279
1.81704
1.77954
1.83957
1.82952
1.79022
1.81523
1.79022
1.75274
1.81777
1.75785
1.83766
1.80426
1.83605
1.77821
1.82889
1.82422
1.82345
1.80794
1.73793
1.69456
1.81856
1.82551
1.79978
1.84293
1.81438
1.82356
1.82764
1.80901
1.84047
1.8191
1.82822
1.84065
1.80694
1.80138
1.78141
1.82884
1.83332
1.84873
1.83837
1.76983
1.8136
1.76112
1.81348
1.82706
1.82453
1.71615
1.84474
1.7938
1.78087
1.8129
1.80831
1.81566
1.80852
1.83381
1.76283
1.80414
1.83014
1.80569
