1.85371
1.83789
1.85896
1.85631
1.82559
1.85064
1.8361
1.85337
1.84951
1.85856
1.8339
1.83054
1.86781
1.86136
1.83436
1.83492
1.84204
1.83492
1.85048
1.8454
1.85045
1.86439
1.83669
1.86037
1.80093
1.84226
1.85784
1.85554
1.84615
1.85714
1.85008
1.84515
1.82944
1.84803
1.81618
1.85567
1.85985
1.85235
1.83912
1.83282
1.84475
1.84799
1.85729
1.82846
1.84868
1.8585
1.86022
1.8345
1.81898
1.84079
1.7912
1.84988
1.83694
1.83874
1.80552
1.86087
1.83832
1.85094
1.82389
1.80513
1.83988
1.852
1.85028
1.85405
1.86251
1.84381
1.82422
