1.85274
1.82913
1.85575
1.85501
1.80136
1.851
1.85898
1.8534
1.8436
1.85887
1.82179
1.82306
1.86616
1.85142
1.8399
1.83783
1.8314
1.83783
1.85283
1.84879
1.84723
1.85517
1.83481
1.85608
1.83535
1.83964
1.84353
1.81669
1.83619
1.8484
1.85595
1.83831
1.82378
1.8432
1.8196
1.84836
1.84382
1.84604
1.83579
1.83416
1.84197
1.83202
1.84356
1.82772
1.83798
1.85333
1.85612
1.84208
1.83878
1.84967
1.8031
1.853
1.83445
1.83635
1.81309
1.85823
1.84252
1.84278
1.8224
1.80422
1.83969
1.85102
1.8488
1.85098
1.85641
1.84386
1.80087
