1.82625
1.82382
1.78972
1.84463
1.74504
1.78062
1.82023
1.84408
1.79441
1.82799
1.81906
1.80635
1.86096
1.84265
1.83829
1.83106
1.83563
1.83106
1.83903
1.80404
1.82209
1.82551
1.83583
1.8203
1.79216
1.82093
1.83181
1.75474
1.83164
1.81055
1.83588
1.80909
1.8194
1.74911
1.66962
1.8294
1.81089
1.84
1.8226
1.8194
1.82914
1.82334
1.7761
1.79652
1.8328
1.80978
1.84115
1.82572
1.71481
1.84153
1.78408
1.81815
1.82905
1.82136
1.80487
1.85938
1.783
1.77769
1.80676
1.80732
1.8194
1.82633
1.82566
1.79759
1.81201
1.84186
1.77205
