1.84014
1.83593
1.82945
1.82783
1.77439
1.7851
1.80967
1.83591
1.83362
1.79712
1.80021
1.80608
1.85493
1.81213
1.84141
1.85061
1.81769
1.85061
1.82007
1.80324
1.7919
1.78203
1.82264
1.81192
1.79691
1.80916
1.82606
1.80106
1.82001
1.82447
1.83575
1.82471
1.80855
1.76385
1.73972
1.82791
1.81704
1.83789
1.82697
1.81673
1.81896
1.81128
1.81464
1.79551
1.83477
1.83129
1.82215
1.82777
1.72823
1.83574
1.78802
1.8345
1.83212
1.81919
1.82196
1.8407
1.78315
1.75757
1.81534
1.81213
1.83251
1.83912
1.81075
1.82235
1.83131
1.81029
1.79366
