1.85706
1.84154
1.85813
1.85832
1.8399
1.85928
1.84988
1.85224
1.84092
1.82836
1.83925
1.86392
1.83823
1.8345
1.84024
1.8345
1.84065
1.85431
1.8722
1.86059
1.80313
1.83392
1.85452
1.85036
1.85617
1.8596
1.84251
1.84213
1.8211
1.8496
1.84916
1.86297
1.86019
1.85618
1.84156
1.85147
1.84837
1.85042
1.84417
1.83986
1.84383
1.84234
1.85894
1.83693
1.85174
1.8573
1.86556
1.84219
1.86299
1.84584
1.82388
1.85593
1.8458
1.83523
1.83006
1.85936
1.84502
1.86825
1.83116
1.82559
1.85037
1.85034
1.84733
1.85339
1.85655
1.84843
1.81672
