1.85178
1.83794
1.85781
1.85113
1.81932
1.85169
1.84716
1.84938
1.85422
1.85429
1.82892
1.83694
1.86513
1.85824
1.84186
1.84118
1.83705
1.84118
1.85115
1.84015
1.85198
1.86484
1.83843
1.86248
1.85017
1.84424
1.84904
1.85249
1.84887
1.86098
1.85854
1.84375
1.83502
1.83699
1.83117
1.85404
1.85504
1.8532
1.84355
1.83589
1.84961
1.84087
1.85115
1.84185
1.84703
1.8532
1.85729
1.84745
1.86156
1.82667
1.81359
1.86247
1.84067
1.82891
1.83197
1.85875
1.84878
1.85304
1.82499
1.81644
1.84367
1.85644
1.84551
1.84863
1.86034
1.84644
1.81135
