1.82398
1.81038
1.72322
1.83399
1.68963
1.77073
1.81234
1.84723
1.74756
1.80641
1.80443
1.792
1.84304
1.83595
1.8112
1.80489
1.81808
1.80489
1.81147
1.85136
1.8054
1.74081
1.80951
1.82095
1.79848
1.83437
1.80109
1.7263
1.79968
1.80284
1.79404
1.76416
1.82316
1.75556
1.71059
1.78544
1.81415
1.83203
1.82384
1.81967
1.82033
1.82052
1.75914
1.80178
1.83761
1.78477
1.84421
1.81053
1.66786
1.8271
1.74908
1.81594
1.8133
1.82301
1.74179
1.85016
1.79377
1.76554
1.80702
1.80286
1.81616
1.81503
1.82924
1.78131
1.8359
1.80725
1.76216
