1.84882
1.82917
1.86181
1.84172
1.82723
1.84987
1.84071
1.84925
1.83733
1.82721
1.82211
1.8674
1.83349
1.83388
1.84208
1.83388
1.84045
1.85841
1.85817
1.85998
1.80313
1.83522
1.84923
1.85161
1.85843
1.8552
1.83335
1.8355
1.81142
1.84886
1.8436
1.87148
1.86566
1.8518
1.84484
1.85164
1.84734
1.84801
1.84224
1.83238
1.84361
1.84256
1.85449
1.82373
1.85046
1.86244
1.85941
1.83901
1.86735
1.83364
1.80113
1.85399
1.84402
1.83465
1.82224
1.86082
1.83966
1.84754
1.8282
1.81231
1.84038
1.85323
1.8308
1.84593
1.85184
1.83988
1.8213
