1.85798
1.8455
1.85592
1.85654
1.82537
1.85318
1.83925
1.84465
1.83881
1.81994
1.84125
1.86851
1.83908
1.83618
1.84021
1.83618
1.83386
1.85461
1.85642
1.85516
1.79719
1.84066
1.84407
1.85626
1.85705
1.85113
1.829
1.84363
1.81845
1.84709
1.84904
1.85494
1.85401
1.84716
1.83728
1.85366
1.852
1.85097
1.84127
1.83628
1.8419
1.82984
1.85943
1.82361
1.8467
1.85296
1.86012
1.84153
1.86579
1.83998
1.81181
1.85119
1.84547
1.83984
1.82632
1.85897
1.84359
1.87162
1.83242
1.8178
1.85284
1.8614
1.84468
1.85168
1.85942
1.8423
1.82995
