-0.04087
-0.00057
-0.00689
0.03153
-0.00257
-0.00588
-0.02321
-0.00369
0.0065
-0.00648
-0.0586
-0.00677
0.03802
-0.01099
-0.01801
0.00076
-0.01066
-0.01177
-0.01452
-0.02735
-0.03564
-0.00805
0.01885
-0.00342
-0.01755
-0.01147
0.04203
-0.01567
-0.00344
-0.011
-0.01745
0.04276
-0.03565
0.02212
-0.01929
-0.01259
0.01624
-0.01421
-0.04537
-0.00012
-0.02899
-0.03402
-0.0269
-0.02606
-0.01932
-0.02954
-0.02117
-0.00486
-0.02863
-0.00975
0.00732
0.01745
-0.0063
-0.02242
0.01276
-0.02051
0.03165
-0.0053
0.01044
0.01945
0.00902
-0.00956
-0.00889
-0.0085
-0.00578
-0.01743
0.01066
0.04095
0.00719
-0.02675
-0.02287
-0.00693
