0.03372
-0.02373
0.00482
0.03244
0.00744
0.0207
0.04049
0.01141
0.00594
0.01515
0.02976
0.03827
0.0243
0.02389
0.01295
0.03832
-0.00452
0.02338
0.04125
0.01032
0.03822
0.04347
0.02904
0.01912
0.01961
0.0211
0.04102
0.01002
0.02629
0.0208
0.03782
0.00984
0.02106
0.03711
0.01805
0.02701
-0.0004
0.04246
0.00873
0.02496
0.03046
0.03771
0.0321
0.00399
0.02656
0.03706
0.0092
0.05013
0.04052
0.04075
0.01443
-0.01842
-0.00011
0.01836
0.02779
-0.00631
0.02107
0.0142
0.04076
0.01425
0.02468
0.04668
0.02466
0.02958
0.02925
0.00215
0.00361
-0.01414
0.01884
0.02276
0.02469
0.01179
