0.08564
0.1433
0.06858
0.12212
0.08764
0.08589
0.07264
0.10273
0.08385
0.09081
0.07697
0.09354
0.09736
0.09484
0.07257
0.09462
0.09836
0.06562
0.07376
0.07734
0.07786
0.06842
0.07516
0.07708
0.08371
0.07758
0.12106
0.07137
0.08005
0.10374
0.08067
0.08252
0.09405
0.0748
0.07786
0.07796
0.10233
0.07669
0.0978
0.0913
0.0971
0.08359
0.07725
0.08532
0.06848
0.09425
0.07241
0.0889
0.08051
0.09346
0.08618
0.10425
0.08418
0.08625
0.08205
0.10481
0.10973
0.09002
0.08331
0.08221
0.09244
0.11205
0.0928
0.08426
0.09764
0.06729
0.09229
0.12058
0.09376
0.08768
0.08791
0.1162
