-0.08071
-0.16361
-0.07029
-0.12073
-0.08586
-0.08154
-0.09769
-0.08999
-0.0887
-0.08871
-0.07598
-0.08679
-0.10381
-0.1192
-0.07206
-0.09724
-0.09699
-0.06436
-0.08302
-0.07647
-0.07763
-0.07622
-0.07094
-0.07453
-0.09316
-0.07259
-0.10676
-0.08105
-0.08413
-0.09954
-0.07771
-0.07509
-0.08693
-0.11096
-0.07184
-0.07821
-0.07405
-0.07597
-0.0836
-0.08564
-0.11785
-0.08996
-0.08807
-0.08617
-0.06764
-0.10037
-0.07852
-0.08262
-0.08456
-0.09416
-0.09135
-0.11195
-0.0889
-0.07657
-0.08796
-0.10799
-0.11601
-0.08077
-0.08947
-0.07589
-0.07644
-0.1036
-0.0982
-0.08699
-0.0937
-0.06611
-0.09566
-0.11489
-0.08597
-0.08891
-0.07948
-0.09284
