0.00493
-0.02031
-0.00171
0.00139
0.00178
0.00435
-0.02505
0.01274
-0.00485
0.0021
0.00099
0.00675
-0.00645
-0.02436
0.00051
-0.00262
0.00137
0.00126
-0.00926
0.00087
0.00023
-0.0078
0.00422
0.00255
-0.00945
0.00499
0.0143
-0.00968
-0.00408
0.0042
0.00296
0.00743
0.00712
-0.03616
0.00602
-0.00025
0.02828
0.00072
0.0142
0.00566
-0.02075
-0.00637
-0.01082
-0.00085
0.00084
-0.00612
-0.00611
0.00628
-0.00405
-0.0007
-0.00517
-0.0077
-0.00472
0.00968
-0.00591
-0.00318
-0.00628
0.00925
-0.00616
0.00632
0.016
0.00845
-0.0054
-0.00273
0.00394
0.00118
-0.00337
0.00569
0.00779
-0.00123
0.00843
0.02336
