0.00745
-0.00332
0.00752
0.04771
-0.00859
0.00022
0.06256
0.02646
0.03636
0.01514
0.0071
0.01121
0.0238
0.0759
0.02332
0.01213
0.01083
0.01064
0.03035
0.01411
-0.00533
0.04546
0.02096
0.00554
0.00433
0.01843
0.08882
0.0185
0.0122
-0.00115
0.00947
0.0059
0.00831
0.01428
0.01701
0.01031
0.02442
0.03011
0.02514
0.02472
0.02101
0.02185
0.00673
0.00072
0.03508
0.03236
0.00085
0.03748
0.02727
0.01382
0.0009
0.00208
0.0171
0.0095
0.01373
-0.01496
0.02923
0.03927
0.02309
0.03514
0.03102
0.01447
0.00959
0.00885
0.00431
0.00183
0.00674
-0.006
0.01498
0.0128
0.0225
0.01103
