-0.02627
0.02041
0.0027
0.01527
-0.01603
-0.02048
0.02207
0.01505
0.03042
-1e-05
-0.02266
-0.02706
-0.0005
0.05201
0.01037
-0.02619
0.01535
-0.01274
-0.0109
0.00379
-0.04355
0.00199
-0.00808
-0.01358
-0.01528
-0.00267
0.0478
0.00848
-0.01409
-0.02195
-0.02835
-0.00394
-0.01275
-0.02283
-0.00104
-0.0167
0.02482
-0.01235
0.01641
-0.00024
-0.00945
-0.01586
-0.02537
-0.00327
0.00852
-0.0047
-0.00835
-0.01265
-0.01325
-0.02693
-0.01353
0.0205
0.01721
-0.00886
-0.01406
-0.00865
0.00816
0.02507
-0.01767
0.02089
0.00634
-0.03221
-0.01507
-0.02073
-0.02494
-0.00032
0.00313
0.00814
-0.00386
-0.00996
-0.00219
-0.00076
