0.00564
-0.01367
0.03114
0.05789
0.00476
0.0145
0.00559
0.0152
0.07294
0.0194
0.00123
0.0102
0.08122
0.05887
0.02294
0.05231
0.01802
0.02347
0.02602
0.01938
0.01666
0.04942
0.04936
0.01147
0.01283
0.01105
0.08216
0.00242
0.01874
0.01029
0.00537
0.06205
7e-05
0.02515
0.02776
0.0114
0.00416
0.02507
-0.01184
0.02382
0.00116
0.02608
0.02506
-0.00546
0.01691
0.0236
0.00678
0.02693
0.00874
0.00683
0.01718
0.01314
0.01902
0.00432
0.02153
-0.01519
0.05281
0.02458
0.04756
0.04126
0.02392
-0.00274
0.00586
0.01774
0.02064
-0.00577
0.01286
0.05418
0.02176
-0.00659
0.00562
-0.00555
