0.04651
-0.0131
0.03803
0.02636
0.00733
0.02038
0.0288
0.01889
0.06644
0.02588
0.05983
0.01697
0.0432
0.06986
0.04095
0.05155
0.02868
0.03524
0.04054
0.04673
0.0523
0.05747
0.03051
0.01489
0.03038
0.02252
0.04013
0.01809
0.02218
0.02129
0.02282
0.01929
0.03572
0.00303
0.04705
0.02399
-0.01208
0.03928
0.03353
0.02394
0.03015
0.0601
0.05196
0.0206
0.03623
0.05314
0.02795
0.03179
0.03737
0.01658
0.00986
-0.00431
0.02532
0.02674
0.00877
0.00532
0.02116
0.02988
0.03712
0.02181
0.0149
0.00682
0.01475
0.02624
0.02642
0.01166
0.0022
0.01323
0.01457
0.02016
0.02849
0.00138
