-0.12233
-0.09336
-0.0829
-0.09828
-0.12017
-0.087
-0.11472
-0.12946
-0.08961
-0.09626
-0.06577
-0.09237
-0.11868
-0.09468
-0.09437
-0.10273
-0.10407
-0.08755
-0.09474
-0.08003
-0.09742
-0.08223
-0.09894
-0.10799
-0.09348
-0.10146
-0.09432
-0.10836
-0.08679
-0.10607
-0.10183
-0.10429
-0.09197
-0.12286
-0.0832
-0.11211
-0.10064
-0.08666
-0.09008
-0.09875
-0.10513
-0.09438
-0.09809
-0.12832
-0.07708
-0.12509
-0.09867
-0.1046
-0.11447
-0.09381
-0.09728
-0.08993
-0.09104
-0.09272
-0.10253
-0.09581
-0.10187
-0.089
-0.08454
-0.13616
-0.08811
