-0.10592
-0.11182
-0.11635
-0.07588
-0.09446
-0.11871
-0.07879
-0.14528
-0.09449
-0.09383
-0.09455
-0.13435
-0.08719
-0.10956
-0.08786
-0.11242
-0.10562
-0.0925
-0.10295
-0.09907
-0.08758
-0.10906
-0.09257
-0.08489
-0.08044
-0.10265
-0.10979
-0.10683
-0.15285
-0.0856
-0.07982
-0.09045
-0.08233
-0.08741
-0.09544
-0.11211
-0.06861
-0.11064
-0.0777
-0.09749
-0.12316
-0.08568
-0.11745
-0.14218
-0.11344
-0.08525
-0.07341
-0.07832
-0.07013
-0.09337
-0.10181
-0.13374
-0.09004
-0.09752
-0.07973
-0.08816
-0.11289
-0.11549
-0.10804
-0.08764
-0.1014
