0.07128
0.00611
0.0516
0.02592
0.0149
-0.01359
0.06988
0.01087
0.01219
0.00329
0.04485
0.01202
0.01227
0.0173
0.009
0.00956
0.01419
0.02913
0.0499
0.07779
0.03144
0.05899
0.02143
0.06163
0.0151
0.05079
0.05079
0.00394
0.01687
0.04317
0.00416
0.02937
0.05032
0.00594
0.01438
0.01241
0.01914
-0.002
0.01627
0.02114
0.04155
0.00485
-0.00933
0.05695
0.00566
-0.00021
0.00792
0.01612
-0.01422
0.00276
0.02382
0.02729
0.0421
0.00667
0.00376
0.03754
0.01733
0.0128
0.02002
-0.01133
0.01305
0.07179
0.00483
0.01003
0.00909
