0.05129
0.00946
0.01555
0.00695
0.02761
-0.01829
0.06024
0.02826
0.00677
-0.00207
0.03612
0.01354
0.00708
0.01235
0.00214
0.0298
0.00455
0.05321
0.04764
0.01748
0.06053
0.0412
0.01335
0.03601
0.012
0.0244
0.0244
0.00508
0.02077
0.04004
0.01001
0.00555
0.02514
-0.01448
0.01156
0.01472
0.00743
-0.01513
0.00135
0.02631
0.02214
-0.00038
0.00059
0.03626
0.02511
0.01036
-0.00034
0.01616
0.02196
0.00867
0.01165
0.00682
0.01463
0.00622
0.00789
0.04116
0.02422
0.00045
-0.00306
0.00479
0.00693
0.03181
0.0057
0.0211
0.01198
