-0.08713
-0.06796
-0.09936
-0.08172
-0.07347
-0.09075
-0.0698
-0.10371
-0.07537
-0.10081
-0.07732
-0.07668
-0.08074
-0.08393
-0.08532
-0.07715
-0.08235
-0.07051
-0.08668
-0.07756
-0.08353
-0.08717
-0.10012
-0.07489
-0.0847
-0.09871
-0.09871
-0.1052
-0.07436
-0.06975
-0.07482
-0.09354
-0.08242
-0.08761
-0.08636
-0.08076
-0.08905
-0.08642
-0.07573
-0.09117
-0.09189
-0.08137
-0.0876
-0.06003
-0.09995
-0.07351
-0.08248
-0.08032
-0.09672
-0.08583
-0.0658
-0.12571
-0.08065
-0.09136
-0.08072
-0.08122
-0.09362
-0.09171
-0.09317
-0.09801
-0.08037
-0.07941
-0.07194
-0.08795
-0.07271
