0.01583
-0.01891
-0.0027
-0.00507
-0.01368
-0.01743
-0.02093
-0.06146
-0.02752
-0.01717
-0.00997
-0.01591
-0.02464
-0.01752
-0.01591
-0.05531
-0.06108
-0.02056
-0.00231
0.02524
0.02651
-0.0074
-0.00272
-0.0097
0.01157
0.03546
0.03055
-0.0361
-0.05059
-0.03253
-0.01263
0.00179
0.01856
-0.00874
-0.01607
-0.02219
-0.02527
-0.02092
-0.01332
-0.00358
0.00426
-0.02823
-0.02405
0.00393
-0.04316
-0.03797
-0.02334
-0.02964
0.02849
-0.01818
-0.00529
-0.00126
0.00468
-0.01127
-0.01596
-0.0045
-0.00971
-0.00796
-0.0009
-0.0166
-0.02266
0.05855
-0.01048
-0.006
-0.0392
