0.11604
0.07153
0.09551
0.07907
0.07577
0.08059
0.09345
0.11719
0.07362
0.08879
0.07633
0.06574
0.07644
0.08008
0.0837
0.07817
0.07672
0.07342
0.08722
0.0938
0.09361
0.07807
0.10145
0.0689
0.08569
0.13607
0.13607
0.09527
0.07373
0.06717
0.07524
0.10439
0.08441
0.08334
0.08878
0.08465
0.08651
0.08913
0.08112
0.09165
0.09959
0.06922
0.07886
0.05472
0.07379
0.07297
0.08392
0.0804
0.10555
0.08791
0.06295
0.12572
0.07746
0.09319
0.08794
0.08843
0.08207
0.09346
0.09196
0.10323
0.08094
0.09765
0.0699
0.08112
0.07311
