0.05545
0.02502
0.0543
0.03099
0.02858
0.00384
0.09081
0.07233
0.03971
0.02046
0.05482
0.02793
0.03691
0.03482
0.02491
0.06487
0.07527
0.04969
0.05221
0.05255
0.00493
0.06639
0.02415
0.07133
0.00353
0.01533
0.02024
0.04004
0.06746
0.0757
0.01679
0.02758
0.03176
0.01468
0.03045
0.0346
0.04441
0.01892
0.02959
0.02472
0.03729
0.03308
0.01472
0.05302
0.04882
0.03776
0.03126
0.04576
-0.04271
0.02094
0.02911
0.02855
0.03742
0.01794
0.01972
0.04204
0.02704
0.02076
0.02092
0.00527
0.03571
0.01324
0.01531
0.01603
0.04829
