0.02891
0.00357
-0.00385
-0.00265
0.0023
-0.01016
0.02365
0.01348
-0.00175
-0.01202
-0.00099
-0.01094
-0.0043
-0.00385
-0.00162
0.00102
-0.00563
0.00291
0.00054
0.01624
0.01008
-0.0091
0.00133
-0.00599
0.00099
0.03736
0.03736
-0.00993
-0.00063
-0.00258
0.00042
0.01085
0.00199
-0.00427
0.00242
0.00389
-0.00254
0.00271
0.00539
0.00048
0.0077
-0.01215
-0.00874
-0.00531
-0.02616
-0.00054
0.00144
8e-05
0.00883
0.00208
-0.00285
1e-05
-0.00319
0.00183
0.00722
0.00721
-0.01155
0.00175
-0.00121
0.00522
0.00057
0.01824
-0.00204
-0.00683
0.0004
