-0.00329
-0.01223
-0.06245
-0.03064
-0.00623
-0.0223
-0.00402
-0.10492
-0.06789
-0.03029
0.01256
-0.02181
-0.02146
-0.05132
-0.0643
-0.07866
-0.07273
-0.03177
-0.00944
-0.10092
0.02836
-0.06369
-0.04201
-0.0566
-0.01996
-0.03848
-0.03848
-0.01134
-0.01431
-0.12277
-0.02821
-0.01903
0.00872
-0.05704
-0.0069
-0.0102
-0.03252
-0.03718
-0.01647
-0.00872
-0.01849
-0.00799
-0.01999
-0.02475
-0.01451
-0.02171
-0.03856
-0.00761
0.04372
-0.0146
-0.01931
-0.00445
-0.04111
-0.01489
-0.01767
-0.00711
-0.01077
-0.04816
-0.04115
-0.01841
-0.03692
-0.01264
-0.03151
-0.01496
-0.03426
