0.05458
0.02169
0.078
0.03759
0.03384
0.00401
0.06426
0.13318
0.07466
0.02822
0.02356
0.03535
0.02854
0.06367
0.06644
0.10846
0.07728
0.08498
0.05708
0.1184
0.03217
0.10489
0.05536
0.09261
0.03196
0.06288
0.06288
0.01642
0.03508
0.16281
0.03822
0.02458
0.01642
0.04256
0.01846
0.02492
0.03995
0.02205
0.01782
0.03503
0.04063
0.00761
0.02058
0.06101
0.03962
0.03207
0.03822
0.02377
-0.02176
0.02327
0.03096
0.01127
0.05574
0.02111
0.02556
0.04827
0.03499
0.04861
0.03809
0.0232
0.04385
0.04445
0.03721
0.03606
0.04624
