-0.01892
-0.03325
-0.00459
-0.0233
-0.02909
0.0096
-0.00506
-0.01283
-0.03296
-0.04111
-0.02178
-0.01072
-0.02738
-0.00553
-0.01745
-0.00867
0.00012
-0.02148
-0.05978
-0.02154
-0.01349
-0.02
-0.00772
-0.01569
-0.00455
-0.02498
-0.00305
-0.04466
-0.06988
-0.018
-0.02498
-0.0141
-0.00837
-0.02678
0.02181
-0.00107
-0.00645
-0.01365
-0.03709
-0.02459
0.01445
-0.00927
-0.04081
-0.0185
-0.02228
-0.02436
-0.01575
-0.04772
-0.02854
-0.00129
-0.01969
-0.04976
-0.05869
-0.04752
0.00161
-0.00452
0.0402
0.04731
0.01726
