-0.0246
-0.03739
-0.02881
-0.00622
-0.02052
-0.02879
-0.01727
-0.03734
-0.01045
-0.01372
-0.03559
-0.00657
-0.03602
-0.01002
-0.01736
-0.0114
-0.0126
-0.0264
-0.04987
-0.04033
-0.00189
-0.01442
-0.02923
-0.02032
0.00092
-0.03871
-0.0085
-0.00096
-0.09382
-0.01578
-0.03749
-0.03483
-0.03044
-0.01228
0.07464
-0.01317
-0.01182
-0.04456
-0.0144
-0.00148
-0.00356
-0.01896
-0.00793
-0.01377
0.02571
-0.0196
-0.0283
-0.02319
-0.0133
-0.01093
-0.03432
-0.02169
0.00171
-0.00176
0.02637
0.00393
0.00099
0.01061
0.04067
