-0.10237
-0.07976
-0.10147
-0.07074
-0.08852
-0.08641
-0.08804
-0.0944
-0.07516
-0.0836
-0.08315
-0.07232
-0.07004
-0.08092
-0.07317
-0.08978
-0.07743
-0.09729
-0.07811
-0.08691
-0.10542
-0.07433
-0.06375
-0.0841
-0.08656
-0.06695
-0.07414
-0.11828
-0.09354
-0.08323
-0.06695
-0.10112
-0.08533
-0.10658
-0.07225
-0.08062
-0.07633
-0.07562
-0.0734
-0.08428
-0.09898
-0.07592
-0.08051
-0.07662
-0.06535
-0.07738
-0.09797
-0.08245
-0.0864
-0.08009
-0.06723
-0.08221
-0.06589
-0.08838
-0.10756
-0.08313
-0.14552
-0.09893
-0.10655
