-0.0048
-0.00036
-0.00333
0.00093
-0.01425
-0.00318
-0.00048
-0.01009
-0.00328
-0.00469
-0.01064
-0.00935
-0.00066
-0.0033
0.00136
0.00719
0.00905
-0.001
0.01581
-0.0088
-0.00548
-0.00221
-0.00204
-0.0053
0.00719
-0.00483
0.01091
0.00496
-0.00097
-0.00011
-0.00483
-0.00958
-0.01268
-0.01262
0.01787
-0.0003
0.00136
-0.00377
0.00166
0.00036
-0.01281
0.00223
-0.00882
-0.00679
0.00154
-0.00356
0.00066
0.00218
-0.00726
0.01016
-0.00369
-0.00764
0.01304
-0.00783
-0.00169
-0.00703
0.004
0.00181
0.00176
