-0.01278
0.01056
-0.09597
-0.04206
0.00676
0.03965
-0.00321
-0.01442
-0.01958
-0.01709
-0.01443
-0.01524
-0.00228
0.00836
0.00026
-0.01164
-0.01148
0.00026
0.00168
-0.04367
0.00836
-0.00996
-0.01968
-0.00867
-0.02979
0.02154
0.00267
0.01025
-0.01859
0.00973
-0.00107
-0.03547
0.01031
-0.01356
-0.00195
0.00285
-0.0082
-0.00695
-0.0037
0.02882
0.0161
-0.00471
0.03255
0.02839
-0.00131
-0.00908
-0.01097
0.00939
0.03059
-0.01779
5e-05
0.01846
0.02261
0.01829
-0.00936
-0.04201
-0.01079
-0.05631
-0.02039
