0.00128
-0.0054
0.00313
-0.00084
0.004
-0.0017
-0.00234
-0.00124
0.00073
-0.00088
-0.00732
0.00252
-0.00124
0.00063
-0.00254
0.00368
0.00011
-0.00254
0.0003
-0.00918
-0.00589
-0.00215
0.00315
-0.00094
-0.00556
0.00771
0.00012
-0.00017
0.00594
-0.0073
0.00514
-0.0103
0.00755
-0.00604
0.00473
-0.00235
0.00099
-0.00171
0.0003
0.01234
0.00208
-0.00147
-0.01314
-0.00418
0.01201
-0.00743
0.01168
0.00247
0.00459
0.01044
-0.01322
-0.00248
-0.00043
-0.00711
0.01235
0.00772
-0.00147
-0.009
-0.01051
0.01325
