-0.03053
-0.00505
0.05081
-0.03812
-0.03194
0.00861
-0.00047
-0.00956
-0.02748
-0.06013
-0.01257
-0.01242
-0.00956
-0.01355
-0.0084
0.00911
-0.01673
-0.0084
0.00057
-0.01071
-0.01355
-0.00549
-0.00368
-0.01237
-0.01764
0.0253
0.0241
-0.0021
-0.02325
0.01205
0.0338
-0.00845
0.00205
-0.014
-0.03249
-0.02408
-0.00736
-0.01724
-0.01587
-0.00711
0.00307
-0.0094
0.0122
-0.01215
-0.00778
-0.02604
0.02289
-0.01516
-0.00162
0.03108
-0.02155
-0.02318
-0.00368
0.01154
-0.01376
0.01686
-0.04806
-0.02449
0.00424
-0.01775
