-0.08397
-0.11542
-0.08423
-0.09493
-0.10406
-0.08189
-0.08002
-0.09633
-0.10055
-0.07569
-0.07578
-0.08553
-0.09633
-0.08776
-0.09635
-0.08193
-0.06676
-0.09635
-0.08597
-0.09454
-0.09428
-0.07066
-0.08906
-0.08242
-0.07948
-0.10297
-0.08692
-0.09356
-0.08355
-0.0829
-0.08042
-0.10016
-0.07902
-0.07434
-0.07641
-0.07123
-0.0769
-0.09345
-0.10718
-0.0694
-0.093
-0.0954
-0.09089
-0.10864
-0.07675
-0.08119
-0.08439
-0.09106
-0.07833
-0.07832
-0.0979
-0.06731
-0.08411
-0.08947
-0.10804
-0.07529
-0.07881
-0.07985
-0.09613
-0.07853
