-0.01395
0.00671
0.01469
-0.00193
0.03139
-0.02211
0.00546
-0.0048
-0.01036
-0.00577
0.04601
0.00363
0.07906
0.01352
-0.14854
-0.02197
0.03483
0.05007
-0.00857
0.01095
0.02893
-0.0082
0.0107
-0.01242
-0.02721
0.01042
0.02949
-0.02641
0.02621
-0.01326
-0.0142
-0.06536
0.05415
0.03011
0.0208
0.03387
0.0077
-0.00207
0.01155
-0.03783
0.0133
-0.01156
-0.00247
-0.027
0.02644
-0.01613
0.00377
0.00745
0.00192
0.02285
0.00765
-0.02954
-0.0054
0.00258
-0.00357
-0.01012
-0.01606
0.02017
0.06244
-0.00997
0.01576
0.03586
0.05724
