0.02806
0.03855
0.04585
0.07864
0.01079
0.0132
0.00205
0.02111
0.05944
0.05812
0.08556
0.04283
0.12249
0.12398
0.02005
0.04842
0.13537
0.08643
0.01856
0.03952
0.05283
0.03292
0.04514
0.02598
0.04643
0.02376
0.22221
0.00232
0.06533
0.02247
0.04267
0.03123
0.05282
0.04142
0.03045
0.03378
0.0111
0.02686
0.05673
0.0559
0.01802
0.0152
0.05007
0.02311
0.02745
0.05215
0.00575
0.03191
0.04948
0.03857
0.19613
0.03648
-0.00386
0.07859
0.04746
0.02421
0.01882
0.06981
0.06487
0.04902
0.01624
0.06653
0.02793
