0.10112
0.09868
0.08761
0.0901
0.08434
0.08531
0.09148
0.0935
0.0857
0.10307
0.10953
0.11728
0.1501
0.15963
0.10367
0.13463
0.10844
0.12025
0.09697
0.07904
0.07646
0.09619
0.09895
0.12567
0.09035
0.10966
0.09058
0.10401
0.14957
0.09592
0.09551
0.07822
0.09811
0.10046
0.11951
0.11139
0.08992
0.0863
0.08606
0.10065
0.12693
0.11914
0.0714
0.09852
0.07095
0.09669
0.12872
0.08585
0.08771
0.10184
0.09497
0.11382
0.10752
0.08244
0.08341
0.09401
0.08982
0.10906
0.10516
0.11614
0.14957
0.10468
0.13114
0.09198
