0.00601
0.00408
-0.0111
-0.0121
-0.00614
-0.00428
0.00756
-0.01011
-0.00871
0.00317
0.00504
0.00148
0.01207
0.03408
-0.01425
-0.01829
0.01072
0.00542
-0.0208
0.00171
-0.0055
0.0162
0.00801
-0.01584
-0.00202
0.00371
0.00341
-0.00116
0.00884
-0.00604
0.01337
0.00622
-0.02853
0.00668
-0.00619
0.00943
0.01886
0.00669
0.0028
0.00261
0.02841
0.01614
-0.00389
-0.00928
0.00307
-0.0002
0.01319
-0.0033
-0.0064
0.0099
0.00168
0.00487
0.00053
-0.00669
0.00407
-0.00067
0.01147
0.00617
0.0062
0.01158
0.00283
0.00549
0.01751
-0.0029
