-0.00968
0.017
-0.02763
0.05101
-0.03858
-0.01267
-0.01658
-0.01165
0.03364
0.01014
0.00634
-0.0094
0.0517
0.03355
0.01862
-0.00394
-0.05331
0.06398
0.00516
0.01403
-0.07593
-0.00559
-0.01664
-0.0097
0.01046
-0.01648
0.11123
-0.02959
0.03596
-0.03187
-0.00796
-0.01732
0.0126
0.01877
-0.01176
-0.0051
-0.01519
-0.00402
0.01731
-0.03633
0.00287
-0.01163
-0.005
-0.02316
0.00869
-0.06128
-0.04632
0.02979
0.02458
0.00722
0.03784
-0.01689
-0.02732
0.05205
-0.02375
-0.02164
-0.01534
-0.0133
-0.02722
0.01389
0.00408
0.02069
-0.03379
