0.03643
0.03113
0.05721
0.03313
-0.01486
0.03254
0.02067
0.02645
0.07515
0.06339
0.08012
0.04567
0.00256
0.03669
0.18303
0.05703
0.0172
-0.00203
0.02579
0.03052
0.04655
0.04199
0.02004
0.02871
0.04163
0.02769
0.07873
0.04344
0.01865
0.05487
0.04843
0.04974
0.04493
0.01152
0.02457
0.04504
0.0286
0.01433
0.04644
0.08937
0.00857
0.04593
0.03052
0.03509
0.02045
0.04822
0.00678
0.03249
0.0507
0.02536
0.09901
0.06573
0.02295
0.03378
0.04634
0.03892
0.04285
0.0504
0.0443
0.05893
0.00672
0.03582
0.01046
