0.03774
0.02155
0.07348
0.02763
0.04937
0.02587
0.01863
0.03276
0.0258
0.04798
0.07922
0.05223
0.07079
0.16001
0.09043
0.00143
0.05236
0.18868
0.02245
0.0134
0.02549
0.12876
0.03851
0.06178
0.03568
0.03597
0.04024
0.11098
0.03191
0.02937
0.05434
0.05063
0.04855
0.04022
0.02265
0.04221
0.03888
0.02629
0.03088
0.03942
0.09223
0.01515
0.02683
0.05507
0.04627
0.01876
0.11343
0.05207
0.00212
0.0249
0.03135
0.15829
0.05337
0.02346
0.02654
0.07121
0.04585
0.03416
0.08311
0.09209
0.03513
0.01216
0.04584
0.06172
