-0.09511
-0.0946
-0.09871
-0.1022
-0.09048
-0.08959
-0.08392
-0.10361
-0.09441
-0.0999
-0.10449
-0.1158
-0.13803
-0.12555
-0.11792
-0.15292
-0.09772
-0.11483
-0.11777
-0.07733
-0.08196
-0.07999
-0.09094
-0.14151
-0.09237
-0.10595
-0.08717
-0.10517
-0.14073
-0.10196
-0.08214
-0.072
-0.12664
-0.09378
-0.1257
-0.10196
-0.07106
-0.07961
-0.08326
-0.09804
-0.09852
-0.103
-0.07529
-0.1078
-0.06788
-0.09689
-0.11553
-0.08915
-0.09411
-0.09194
-0.09329
-0.10895
-0.10699
-0.08913
-0.07934
-0.09468
-0.07835
-0.10289
-0.09896
-0.10456
-0.14674
-0.09919
-0.11363
-0.09488
