-0.09239
0.01082
-0.00027
-0.0238
-0.01257
0.00723
0.0178
-0.01145
0.01632
0.00181
0.01482
-0.02414
0.00053
-0.00295
-0.02655
-0.02472
-0.00406
-0.00873
0.02724
0.00615
-0.00328
0.01549
0.0474
-0.01714
-0.00339
-0.00891
0.00527
-0.02958
-0.01747
0.00748
0.00555
-0.00519
-0.02524
-0.00978
-0.03001
0.00178
-0.02577
-0.00889
-0.02301
-0.00583
-0.02125
-0.01801
-0.00941
0.04039
-0.08449
-0.03117
0.00322
-0.01744
-0.00666
-0.01916
-0.01936
0.01008
-0.00543
0.00331
-0.02802
-0.00642
0.0034
0.00175
0.01186
-0.00441
-0.00867
0.00839
0.0101
-0.00454
-0.00769
