-0.0184
0.02934
0.02217
0.04046
0.03081
0.02471
0.05152
0.02626
0.02094
0.02182
0.04554
0.04764
0.02172
0.02135
0.03911
0.01122
0.01568
0.02663
0.05096
0.02338
0.01359
0.00516
0.08655
0.0124
0.02194
0.01385
0.01577
0.00497
0.04469
0.07219
0.0415
0.02734
0.02162
0.01745
0.00883
0.01181
0.02795
0.02047
0.03467
0.01975
0.04087
0
0.00935
0.01788
0.04393
-0.02895
0.00167
0.03547
0.01221
0.01271
0.0224
0.00054
0.07663
0.01734
0.03162
0.02957
0.0198
0.03163
0.01266
0.02085
0.02145
0.00431
0.03252
0.02182
0.02424
0.03422
