0.1018
0.08606
0.11606
0.12925
0.08288
0.07456
0.13713
0.09088
0.10487
0.12292
0.07537
0.07935
0.08884
0.09606
0.1
0.06892
0.08239
0.10622
0.16003
0.09354
0.08921
0.09403
0.09593
0.10315
0.09637
0.0987
0.10412
0.07067
0.08867
0.1044
0.11197
0.10706
0.06672
0.07782
0.07258
0.07897
0.08458
0.11138
0.08501
0.08797
0.07513
0.08668
0.08028
0.09088
0.09255
0.162
0.07719
0.08747
0.08136
0.08056
0.08002
0.08301
0.0893
0.0814
0.11839
0.08801
0.09613
0.11267
0.10803
0.08582
0.09718
0.09019
0.08726
0.06713
0.07518
0.07978
