-0.09899
-0.01234
-0.03586
-0.01952
-0.03543
-0.01673
0.02651
-0.02164
-0.02486
0.00095
-0.00634
-0.00493
0.00034
0.01474
0.02599
0.00173
0.00072
0.00835
-0.04005
-0.00682
-0.00606
-0.00351
0.00915
-0.02016
-0.03228
-0.00896
-0.01266
-0.03056
-0.01702
-0.00947
-0.01797
-0.01347
-0.0122
0.00086
-0.00614
-0.01599
-0.01881
-0.02409
-0.02219
-0.02049
-0.01535
-0.02922
-0.02037
0.03189
-0.01579
-0.04459
-0.01525
-0.04455
-0.02637
0.00208
-0.0389
0.01053
-0.00884
0.02067
-0.04486
-0.00233
0.01961
0.00344
-0.02099
-0.00148
-0.00773
-0.01445
-0.01846
0.00168
-0.03772
