0.07482
0.02912
0.04255
0.07588
0.06712
0.03851
0.02396
0.06264
0.0565
0.02134
0.03424
0.01146
0.0466
0.06291
0.02786
0.01412
0.02207
0.05393
0.04988
0.02173
0.04532
0.01039
0.01771
0.02904
0.03936
0.02417
0.03617
0.04743
0.04902
0.05954
0.03237
0.03977
0.04832
0.01124
0.02122
0.03697
0.04916
0.03282
0.03579
0.04834
0.03
0.02678
0.03372
0.03708
0.00355
0.06464
0.04273
0.03508
0.03565
0.04258
0.03172
0.09129
0.01698
0.01082
0.06645
0.03097
0.02527
-0.00154
0.04961
0.02657
0.01239
0.02725
0.04435
0.02417
0.05107
