0.0116
-0.01351
0.01469
0.03236
0.01738
0.0057
0.00163
0.00542
0.00518
0.00852
-0.00354
-0.01283
-0.00217
0.00942
0.00219
-0.00087
-0.00431
-0.00351
0.01517
-0.00015
-9e-05
0.00134
0.00429
-0.00283
-0.00449
0.0013
-0.00722
-0.00071
0.00215
0.00342
-0.01019
-0.00547
-0.00301
-0.00135
-0.01678
-0.00523
0.00157
0.02536
-0.00766
0.00966
0.01035
-0.00219
0.00826
-0.01385
-0.00677
0.00618
-0.00141
-0.00839
0.0075
0.00163
0.00457
0.0063
0.01238
-0.00442
0.00201
-0.00146
-0.00127
-0.00279
0.00547
0.00338
-0.00209
-0.00024
-0.00793
-0.0039
-0.00905
0.00069
