-0.02417
0.01678
0.00669
0.05636
0.03169
0.02178
0.05047
0.041
0.03164
0.02229
0.0279
0.00653
0.04694
0.07765
0.05385
0.01585
0.02279
0.06228
0.00983
0.01491
0.03926
0.00688
0.02686
0.00888
0.00708
0.01521
0.02351
0.01687
0.032
0.05007
0.0144
0.0263
0.03612
0.0121
0.01508
0.02098
0.03035
-0.0257
0.00873
0.0136
0.02785
0.01465
-0.00244
0.01335
0.06897
-0.01224
0.02005
0.02748
-0.00947
0.00928
0.04466
-0.00718
0.10182
0.00814
0.03149
0.02159
0.02864
0.04488
0.0019
0.02862
0.02509
0.00466
0.0128
0.02589
0.02585
0.01335
