0.07399
0.01852
0.02244
0.06426
0.04338
0.01748
0.03372
0.03771
0.00462
0.02001
0.03072
0.07178
0.02119
0.0243
0.06566
0.03594
0.01974
0.03536
0.02372
0.01723
0.01687
-0.01033
0.03915
0.02954
0.02533
0.02276
0.0105
0.03455
0.06216
0.06471
0.03595
0.03253
0.04686
0.02723
0.03884
0.01003
0.05372
0.04356
0.04276
0.0467
0.02125
0.02736
0.02729
0.00354
0.05554
0.03284
0.03225
0.02965
0.01937
0.04156
0.0199
0.06655
0.02277
0.02831
0.05759
0.02622
0.02823
0.01091
0.00899
0.02586
0.01298
0.02413
0.01172
0.02878
0.04191
