-0.0902
-0.09957
-0.10137
-0.09689
-0.0655
-0.06886
-0.1355
-0.08546
-0.09969
-0.1144
-0.07891
-0.09218
-0.09101
-0.08664
-0.09781
-0.06979
-0.0867
-0.10973
-0.14486
-0.09369
-0.0893
-0.09269
-0.09164
-0.10598
-0.10086
-0.0974
-0.11134
-0.07138
-0.08652
-0.10098
-0.12216
-0.11253
-0.06973
-0.07917
-0.08936
-0.0842
-0.08301
-0.08602
-0.09267
-0.07831
-0.06478
-0.08887
-0.07202
-0.10473
-0.09932
-0.15582
-0.0786
-0.09586
-0.07386
-0.07893
-0.07545
-0.07671
-0.07692
-0.08582
-0.11638
-0.08947
-0.0974
-0.11546
-0.10256
-0.08244
-0.09927
-0.09043
-0.09519
-0.07103
-0.08423
-0.07909
