-0.09711
-0.07594
-0.08169
-0.08222
-0.08536
-0.07869
-0.138
-0.08099
-0.08661
-0.08056
-0.09558
-0.07696
-0.06914
-0.06888
-0.07204
-0.09131
-0.10825
-0.07883
-0.07344
-0.06992
-0.09203
-0.08254
-0.08158
-0.07295
-0.08416
-0.07883
-0.0727
-0.0852
-0.06879
-0.08881
-0.09144
-0.09402
-0.08416
-0.07118
-0.0985
-0.08195
-0.09148
-0.07319
-0.09984
-0.07925
-0.07409
-0.08335
-0.07311
-0.06182
-0.07374
-0.09712
-0.09484
-0.09621
-0.08713
-0.09438
-0.09103
-0.07115
-0.08287
-0.06831
-0.09028
-0.079
-0.08209
-0.06567
