-0.12684
-0.10935
-0.12397
-0.11704
-0.09007
-0.07816
-0.10902
-0.07417
-0.10397
-0.1255
-0.09333
-0.11239
-0.13656
-0.12787
-0.09423
-0.08599
-0.09652
-0.10369
-0.11117
-0.11611
-0.10156
-0.10282
-0.09932
-0.09526
-0.08469
-0.08285
-0.07822
-0.0925
-0.08902
-0.08792
-0.08924
-0.10227
-0.09786
-0.12315
-0.08243
-0.09786
-0.11072
-0.12579
-0.10108
-0.09339
-0.10415
-0.08306
-0.10272
-0.08651
-0.09684
-0.0778
-0.13468
-0.0939
-0.07751
-0.09544
-0.08153
-0.10165
-0.07337
-0.08588
-0.08444
-0.12068
-0.09698
-0.10808
-0.10141
-0.07646
-0.09177
-0.11583
-0.07646
-0.12384
-0.08341
-0.11311
-0.06986
-0.08822
-0.07997
-0.08478
-0.07507
-0.103
-0.0937
-0.09338
-0.10308
-0.07679
-0.09067
-0.07622
-0.07615
-0.0771
