0.20552
0.07965
0.15256
0.02495
0.04077
0.16662
0.11304
0.06953
0.14043
0.14497
0.1734
0.12468
0.12614
0.11196
0.09163
0.15682
0.12822
0.08558
0.13653
0.18796
0.25791
0.19533
0.12692
0.21234
0.17193
0.14958
0.14204
0.0896
0.15957
0.12401
0.20917
0.15771
0.12999
0.04099
0.10442
0.18332
0.1255
0.21054
0.19495
0.07368
0.19521
0.12553
0.01783
0.15362
0.06031
0.10677
0.23786
0.23776
0.17681
0.1383
0.22928
0.12946
0.13503
0.1163
0.14593
0.17731
0.11865
0.16305
0.17571
0.11911
0.08921
0.14935
0.19337
0.24014
0.09371
0.24258
0.04584
0.34461
0.07649
0.13518
0.21905
0.08914
