0.06365
0.0633
0.05033
0.07314
0.04568
0.10013
0.04551
0.1979
0.05125
0.09898
0.09173
0.07053
0.05417
0.22325
0.03352
0.06773
0.08378
0.10571
0.06526
0.06325
0.15338
0.07078
0.06444
0.02894
0.12741
0.09385
0.12757
0.07819
0.07304
0.17542
0.09344
0.0539
0.07609
0.15447
0.07465
0.03543
0.06005
0.06398
0.06265
0.11912
0.0885
0.08187
0.0856
0.05924
0.14616
0.13521
0.10431
0.11437
0.10601
0.11633
0.04346
0.0793
0.0515
0.05769
0.10868
0.18856
0.08363
0.09804
0.07527
0.08955
0.07085
0.08951
0.09662
0.05204
0.09327
0.06101
0.06719
0.08805
0.15907
0.0538
0.09245
0.10674
0.10799
0.04321
0.06142
0.0884
0.12069
