0.15465
0.12425
0.22185
0.13949
0.02531
0.07846
0.05689
0.26472
0.02455
0.1294
0.1623
0.14353
0.07862
0.08604
0.02948
0.06334
0.07937
0.1492
0.04967
0.24468
0.19907
0.10372
0.09845
0.18523
0.0081
0.10795
0.16334
0.13656
0.07272
0.24149
0.12852
0.07519
0.0763
0.19189
0.12252
0.10983
0.16378
0.05144
0.10024
0.2618
0.16263
0.10646
0.07496
0.0654
0.10411
0.11046
0.18088
0.1958
0.1033
0.12179
0.14131
0.07872
0.02133
0.10771
0.07752
0.09164
0.06355
0.05376
0.13403
0.0476
0.06508
0.11625
0.0569
0.06639
0.08044
0.06621
0.03724
0.13063
0.10838
0.0368
0.08797
0.0483
0.106
0.0798
0.17328
