0.0433
0.12267
0.19854
0.08042
0.0785
0.02614
0.02386
0.0167
0.12406
0.07693
0.15997
0.08063
0.05021
0.00297
0.0817
0.10989
0.06902
0.01735
0.07307
0.07073
0.13767
0.06918
0.06757
0.11515
0.09747
0.02828
0.0795
0.30716
0.16962
0.03159
0.15892
0.10073
0.13926
-0.01432
0.07348
0.13846
0.0523
0.05663
0.09988
0.03342
0.06225
0.04386
0.13394
0.105
0.15785
0.11677
0.04642
0.04029
0.05609
0.08214
0.15772
0.08147
0.0825
0.11551
0.09402
0.05639
0.09093
0.0551
0.10925
0.08717
0.05666
0.05838
0.07658
0.09331
0.08866
0.16914
0.06451
0.06463
0.07926
0.1101
0.07677
0.081
0.05972
0.1191
0.08129
0.03423
0.03283
0.07956
0.07833
0.119
