0.12031
0.11907
0.12792
0.12311
0.08278
0.08896
0.08651
0.07162
0.10322
0.13952
0.09043
0.13494
0.15411
0.12345
0.10572
0.10895
0.0853
0.11251
0.11171
0.12201
0.11471
0.11501
0.08881
0.10495
0.09398
0.09798
0.10594
0.07519
0.0927
0.09263
0.09609
0.1227
0.11583
0.14147
0.08455
0.11583
0.13221
0.11887
0.11538
0.08276
0.13943
0.07904
0.09634
0.09613
0.12232
0.0831
0.12305
0.08802
0.07611
0.10476
0.10563
0.10564
0.08105
0.07779
0.08809
0.11275
0.08565
0.10019
0.10525
0.07388
0.09398
0.12256
0.07388
0.13069
0.10713
0.10394
0.10019
0.08485
0.09389
0.09352
0.07657
0.10563
0.10082
0.10374
0.10672
0.08195
0.10467
0.09099
0.08877
0.09563
