0.091
0.06095
0.17152
0.06635
-0.02037
-0.02167
0.01138
0.06682
-0.0267
0.03042
0.07057
0.073
0.02445
-0.13721
-0.00404
-0.00439
-0.00441
0.04349
-0.01559
0.18143
0.04569
0.03294
0.03401
0.05782
0.0141
0.03577
0.05837
-0.00032
0.06607
0.03508
0.02129
0.00021
0.03742
0.04787
0.0744
0.10373
-0.01254
-0.01888
0.1733
0.02086
0.01572
-0.08076
-0.0311
0.00615
0.06651
0.08979
-0.01303
0.07833
0.06201
0.02722
-0.03636
-0.00097
-0.11104
0.00801
-0.03449
-0.02151
0.04448
-0.02325
-0.02443
0.01963
0.00486
-0.02688
0.01943
-0.00098
-0.05081
0.07683
0.01593
-0.06994
-0.02002
0.00509
0.04458
-0.0086
0.05259
