-0.16222
0.04302
0.04598
0.05547
0.03773
-0.14048
-0.08918
-0.05283
-0.01637
-0.06804
-0.01343
-0.04405
-0.07593
-0.10899
-0.00993
-0.04693
-0.0592
-0.06823
-0.0658
-0.05029
-0.18873
-0.12776
-0.01177
-0.11487
-0.14365
-0.07008
0.02758
-0.05801
-0.02031
-0.13833
-0.13569
-0.01925
-0.07769
0.01564
-0.00454
-0.1499
-0.06325
-0.16668
-0.06101
0.03132
-0.03736
-0.00876
0.02859
-0.11333
-0.00422
-0.02463
-0.08014
-0.15629
-0.09431
-0.02279
-0.13526
-0.07307
-0.0441
-0.0612
-0.05876
-0.12065
-0.06027
-0.08647
-0.0824
-0.0546
-0.02458
-0.07009
-0.08327
-0.16337
-0.03399
-0.12348
0.03545
-0.31038
-0.04366
-0.05562
-0.14072
0.02986
