-0.00653
0.00972
0.00395
0.00607
-0.00729
0.0108
-0.02251
-0.00255
-0.00075
0.01402
-0.0029
0.02255
0.01755
-0.00442
0.01149
0.02296
-0.01122
0.00882
0.00054
0.0059
0.01315
0.01219
-0.01051
0.00969
0.00929
0.01513
0.02772
-0.01731
0.00368
0.00471
0.00685
0.02043
0.01797
0.01832
0.00212
0.01797
0.02149
-0.00692
0.0143
-0.01063
0.03528
-0.00402
-0.00638
0.00962
0.02548
0.0053
-0.01163
-0.00588
-0.0014
0.00932
0.0241
0.00399
0.00768
-0.00809
0.00365
-0.00793
-0.01133
-0.00789
0.00384
-0.00258
0.00221
0.00673
-0.00258
0.00685
0.02372
-0.00917
0.03033
-0.00337
0.01392
0.00874
0.0015
0.00263
0.00712
0.01036
0.00364
0.00516
0.014
0.01477
0.01262
0.01853
