-0.0945
-0.09768
-0.104
-0.09075
-0.08654
-0.11837
-0.10794
-0.08944
-0.0998
-0.07383
-0.09853
-0.09754
-0.10045
-0.14841
-0.1236
-0.13211
-0.08028
-0.10377
-0.08131
-0.08298
-0.10387
-0.08379
-0.08479
-0.10638
-0.11218
-0.10446
-0.1147
-0.10509
-0.11542
-0.09281
-0.10718
-0.08854
-0.09237
-0.08996
-0.11577
-0.13535
-0.09699
-0.09492
-0.09975
-0.09256
-0.12508
-0.08749
-0.08503
-0.09725
-0.09597
-0.10031
-0.08577
-0.07973
-0.09621
-0.08528
-0.07296
-0.08796
-0.09616
-0.08139
-0.07116
-0.09437
-0.07848
