0.0004
-0.02193
-0.00421
-0.07334
-0.07425
-0.0757
-0.01286
-0.01321
-0.02118
-0.00139
0.03047
-0.00671
-0.03385
-0.04042
-0.00117
-0.04736
-0.01513
-0.01601
0.0036
-0.02931
-0.03954
-0.00303
-0.08716
-0.08049
-0.01097
-0.08294
0.01568
-0.03511
-0.03704
-0.03171
-0.00204
-0.055
-0.00699
-0.03652
0.01064
-0.01806
-0.05073
-0.04694
-0.07882
-0.11038
-0.05112
-0.0354
-0.08372
-0.01316
-0.0342
-0.03745
-0.04965
-0.02812
-0.02584
0.00329
-0.02221
-0.0497
-0.02768
-0.0253
-0.04936
-0.14603
-0.06622
-0.05393
