-0.01176
-0.01366
-0.04973
0.03746
-0.03962
-0.07604
-0.00377
-0.01693
-0.01895
-0.02528
-0.01707
-0.06543
-0.00869
-0.01867
-0.01099
-0.02691
-0.02312
-0.0751
0.0136
0.00958
-0.00689
-0.01373
0.00185
-0.05167
-0.04455
0.02622
-0.04207
-0.05465
-0.03219
0.0159
0.00243
-0.00651
-0.0643
-0.02212
-0.06129
-0.03662
-0.00523
-0.03419
-0.01926
-0.02781
-0.04539
-0.03156
0.00083
-0.0201
-0.08569
-0.03939
0.02435
-0.01787
-0.01633
0.03551
-0.04711
-0.01698
-0.00024
-0.03831
-0.06146
-0.03794
-0.03968
-0.03811
