-0.07651
-0.10473
-0.0946
-0.08859
-0.11592
-0.08129
-0.0896
-0.07061
-0.08885
-0.11383
-0.09814
-0.10713
-0.08336
-0.09131
-0.10006
-0.11938
-0.10717
-0.10825
-0.10016
-0.08544
-0.09816
-0.11768
-0.08985
-0.09271
-0.09909
-0.12887
-0.11059
-0.10703
-0.09822
-0.12863
-0.13855
-0.10369
-0.11052
-0.08125
-0.11629
-0.13289
-0.11816
-0.10318
-0.11624
-0.09432
-0.09289
-0.11758
-0.09372
-0.10259
-0.08634
-0.09839
-0.2343
-0.10973
-0.10539
-0.11481
-0.08333
-0.12516
-0.10533
-0.11318
-0.07762
-0.08771
-0.11666
-0.11287
