-0.09279
-0.09314
-0.10128
-0.12096
-0.14134
-0.10482
-0.09246
-0.12194
-0.0954
-0.08558
-0.1041
-0.04546
-0.09724
-0.10193
-0.07477
-0.08902
-0.07548
-0.07783
-0.11596
-0.08356
-0.07215
-0.09154
-0.07291
-0.10958
-0.08436
-0.07554
-0.11161
-0.10075
-0.11478
-0.10135
-0.11132
-0.10179
-0.10337
-0.10146
-0.09041
-0.11083
-0.08248
-0.09382
-0.09919
-0.12316
-0.08306
-0.10231
-0.08202
-0.09805
-0.09023
-0.11817
-0.08478
-0.09923
-0.09637
-0.09309
-0.13571
-0.08601
-0.08486
-0.08441
-0.13438
-0.10738
-0.08284
-0.10583
-0.08276
