1.79563 1.82104 1.82245 1.81237 1.8445 1.83589 1.76271 1.82378 1.84072 1.81674 1.79734 1.80251 1.75871 1.79679 1.82018 1.81296 1.81634 1.74206 1.75638 1.80469 1.81685 1.81381 1.80043 1.82706 1.81201 1.79839 1.69157 1.79839 1.79762 1.77258 1.81629 1.83107 1.74254 1.8412 1.82925 1.79015 1.77545 1.84729 1.84207 1.8116 1.7854 1.79195 1.78493 1.72321
1.80151 1.68265 1.78387 1.77563 1.7712 1.81906 1.79294 1.7712 1.76649 1.70246 1.70852 1.61439 1.7599 1.6875 1.74926 1.65077 1.75492 1.77549 1.74198 1.71831 1.78205 1.76994 1.79194 1.69385 1.74991 1.67192 1.78404 1.79176 1.72187 1.77285 1.70155 1.66647 1.83043 1.77393 1.57262 1.78093 1.66266 1.72109 1.82082 1.77351 1.76776 1.70071 1.81962 1.74477 1.7819 1.79595 1.75801
1.81568 1.71459 1.78795 1.75454 1.7734 1.78803 1.76304 1.80148 1.72821 1.71325 1.74901 1.62283 1.72463 1.83638 1.77463 1.71308 1.78743 1.79635 1.77599 1.7659 1.82144 1.771 1.77369 1.72849 1.78571 1.69911 1.81504 1.69075 1.79459 1.60063 1.78912 1.76649 1.7708 1.68587 1.75186 1.7763 1.75215 1.75824 1.65047 1.75643 1.78919 1.83435 1.6356 1.74138 1.761 1.76867 1.77046 1.82069 1.76691 1.81181 1.75264 1.76154
1.82243 1.79378 1.82587 1.80386 1.8055 1.77723 1.81567 1.7919 1.79992 1.77544 1.82118 1.77852 1.78043 1.83127 1.77318 1.75102 1.82713 1.77659 1.74509 1.81968 1.77458 1.83395 1.82115 1.83462 1.75074 1.81386 1.76417 1.81784 1.80947 1.77868 1.82463 1.77465 1.78152 1.77898 1.84022 1.81452 1.84368 1.81043 1.80366 1.82062 1.80785 1.83501 1.78705 1.77376 1.78327 1.81621 1.81691 1.80049 1.83122 1.83913 1.83102 1.80022 1.82183 1.81719 1.81262
1.80925 1.79283 1.8066 1.71038 1.75862 1.79698 1.75787 1.77262 1.81256 1.82731 1.85076 1.77826 1.75947 1.84159 1.76689 1.82022 1.76049 1.78647 1.76669 1.85175 1.82073 1.77839 1.7886 1.78888 1.82118 1.71856 1.84705 1.78604 1.81538 1.74262 1.7923 1.79026 1.77654 1.81185 1.81804 1.82044 1.72746 1.83645 1.74342 1.72732 1.7837 1.81222 1.81128 1.75998 1.77652 1.77171 1.76848 1.83838 1.8415 1.79554 1.8378
1.81173 1.81775 1.7781 1.82913 1.79349 1.82165 1.79433 1.82142 1.83054 1.80121 1.82764 1.77047 1.83794 1.80782 1.84088 1.80478 1.79877 1.79499 1.83382 1.82916 1.84284 1.82891 1.78647 1.85166 1.81055 1.80631 1.80276 1.79957 1.77933 1.82378 1.82554 1.82587 1.81792 1.81203 1.84735 1.8444 1.81127 1.84131 1.79258 1.80448 1.79784 1.79613 1.81353 1.81778 1.8201 1.82464 1.8292 1.8246 1.81771 1.80345 1.79618
1.8163 1.83698 1.84118 1.83742 1.84587 1.84224 1.83926 1.83807 1.83611 1.8426 1.84077 1.8276 1.84916 1.84632 1.85269 1.82052 1.8411 1.82642 1.8177 1.82635 1.80717 1.79702 1.86214 1.83181 1.82984 1.85306 1.83694 1.77361 1.82595 1.84261 1.85306 1.82407 1.86183 1.81899 1.71611 1.82372 1.83593 1.83322 1.82503 1.818 1.83574 1.84553 1.82527 1.84072 1.81708 1.84912 1.83058 1.81251 1.80362 1.82591 1.86105 1.82702 1.82183 1.80202 1.78645 1.82766 1.79703 1.80454 1.75515
1.78217 1.79468 1.80728 1.77286 1.80001 1.73964 1.82655 1.83899 1.78076 1.81121 1.84056 1.82038 1.82371 1.76427 1.79173 1.83125 1.83178 1.74745 1.72625 1.82155 1.80655 1.8099 1.70499 1.76645 1.80237 1.83459 1.74772 1.80005 1.82597 1.76999 1.79608 1.75854 1.80007 1.77025 1.87632 1.82531 1.73757 1.82304 1.8359 1.78882 1.68032 1.76651 1.76824 1.77757 1.83121 1.82526 1.81497 1.79661 1.81064 1.78817 1.76713 1.69815
1.82867 1.79121 1.81927 1.75625 1.79364 1.81676 1.80119 1.80534 1.81169 1.78645 1.78768 1.81446 1.80642 1.79249 1.79268 1.81357 1.81776 1.78544 1.74224 1.78025 1.80294 1.81784 1.80751 1.76923 1.81165 1.76123 1.7563 1.78198 1.79711 1.71356 1.75603 1.77579 1.76462 1.84816 1.81029 1.76733 1.77825 1.81217 1.78085 1.79121 1.84043 1.81491 1.76858 1.77445 1.84457 1.83656 1.71525 1.76418 1.78 1.77722 1.84238 1.78306 1.80643 1.79903 1.80876 1.78558 1.77953 1.78006
1.80994 1.79763 1.78999 1.75056 1.82668 1.8224 1.83134 1.81445 1.79421 1.78227 1.73865 1.79255 1.70666 1.69964 1.77995 1.77836 1.68569 1.74274 1.78253 1.78237 1.77815 1.82137 1.80212 1.81055 1.79563 1.82604 1.61608 1.81064 1.77596 1.82592 1.81516 1.80973 1.78567 1.76442 1.8075 1.82306 1.83151 1.82979 1.78025 1.7817 1.80037 1.83068 1.78939 1.84356 1.812 1.76033 1.83415 1.79993 1.79186 1.81688 1.6456 1.79936 1.84204 1.77305 1.7928 1.82042 1.81705 1.77163 1.76912 1.76044 1.81785 1.77821 1.81437
1.83787 1.73748 1.74458 1.8129 1.75291 1.76923 1.66865 1.77417 1.77239 1.73285 1.74676 1.73332 1.77509 1.76902 1.77356 1.78783 1.72979 1.77432 1.7572 1.74986 1.79276 1.76624 1.83155 1.84504 1.53288 1.68454 1.72063 1.73868 1.7712 1.79768 1.73885 1.84487 1.8273 1.79933 1.74147 1.75062 1.71361 1.81894 1.74548 1.76394 1.59075 1.7717 1.77912 1.76854 1.80609 1.74376 1.60347 1.76039 1.78408
1.81702 1.81508 1.82129 1.72361 1.78305 1.79475 1.81952 1.75933 1.81345 1.76512 1.83042 1.80825 1.83974 1.77619 1.82865 1.80876 1.7579 1.81281 1.80619 1.83111 1.78381 1.82766 1.74528 1.67009 1.7846 1.7904 1.80815 1.79748 1.81008 1.77783 1.86982 1.83567 1.80599 1.83429 1.824 1.80511 1.81419 1.83919 1.83723 1.81801 1.83099 1.82988 1.82431 1.85052 1.83542 1.82462 1.81484 1.80601 1.78417 1.82884 1.81904
1.68435 1.72759 1.79262 1.81515 1.75935 1.75747 1.76597 1.78513 1.61558 1.76131 1.80298 1.74283 1.7954 1.63741 1.75591 1.76988 1.74459 1.82355 1.69947 1.60411 1.77062 1.6177 1.75923 1.81504 1.78383 1.7049 1.79859 1.6667 1.74963 1.69944 1.73559 1.70665 1.78116 1.74416 1.78446 1.8113 1.77503 1.68915 1.66875 1.66563 1.798 1.80351 1.70642 1.63362 1.66164 1.76371 1.81906
1.83955 1.83748 1.80292 1.80772 1.82328 1.80614 1.80603 1.80634 1.79106 1.77625 1.82227 1.77731 1.74247 1.79015 1.82487 1.8257 1.82937 1.82939 1.80337 1.83887 1.82034 1.72515 1.73516 1.82716 1.83824 1.79459 1.83896 1.83161 1.81199 1.81126 1.83082 1.81295 1.81625 1.82782 1.82052 1.83531 1.80249 1.78494 1.85083 1.8349 1.79982 1.8254 1.81989 1.79308 1.78897 1.81462 1.79954 1.84646 1.84793 1.85438 1.78242 1.81458 1.83865 1.83083
1.79638 1.7256 1.80686 1.81866 1.80553 1.82058 1.59641 1.79052 1.81226 1.81896 1.79987 1.84896 1.78756 1.84254 1.7913 1.76245 1.7775 1.82839 1.77157 1.77442 1.68907 1.81199 1.76837 1.73812 1.72001 1.84183 1.84988 1.8147 1.7896 1.82073 1.83768 1.82613 1.72906 1.81503 1.78683 1.8217 1.80955 1.80965 1.82467 1.75943 1.78863 1.81472 1.82878 1.74953 1.76619 1.82878 1.84367
1.83377 1.73003 1.71368 1.7782 1.77817 1.74997 1.81068 1.73774 1.68791 1.67851 1.63472 1.66699 1.76878 1.69212 1.64961 1.74684 1.72269 1.70767 1.53519 1.75257 1.74741 1.73435 1.7563 1.77471 1.76199 1.77091 1.76782 1.65931 1.68142 1.77749 1.74923 1.70141 1.67133 1.77855 1.56615 1.64471 1.73245 1.76687 1.72074 1.628 1.78339 1.74 1.56965 1.71817 1.73184 1.69583 1.67982 1.66974 1.65915 1.69245 1.73981 1.76345 1.77175
1.72888 1.76978 1.75011 1.75546 1.8141 1.69139 1.74649 1.67191 1.76241 1.55604 1.8324 1.7873 1.61785 1.66337 1.72983 1.79 1.77532 1.73929 1.76341 1.82002 1.76252 1.78345 1.66125 1.75815 1.69134 1.80967 1.72725 1.72643 1.68898 1.75768 1.67892 1.78278 1.68282 1.74146 1.80935 1.6579 1.84095 1.70708 1.72545 1.69379 1.68877 1.68055 1.77297 1.83655
1.80359 1.82757 1.78866 1.79362 1.79114 1.78362 1.80253 1.81595 1.70295 1.83246 1.80711 1.78162 1.82367 1.77946 1.81721 1.81266 1.74162 1.77543 1.80185 1.75901 1.82418 1.81883 1.83348 1.79531 1.80706 1.80164 1.78553
1.81595 1.82421 1.78924 1.80849 1.75418 1.78895 1.83429 1.7247 1.66501 1.78649 1.75816 1.79823 1.65238 1.79062 1.8093 1.78616 1.8099 1.78041 1.81264 1.81653 1.77587 1.6901 1.69799 1.79133 1.74969 1.64414 1.77147 1.74404 1.82472 1.70214 1.78027 1.80205 1.72225 1.75984 1.68714 1.75932 1.7935 1.73663 1.82165
1.75117 1.75151 1.6532 1.71861 1.81746 1.71882 1.75465 1.76917 1.81552 1.78958 1.73476 1.76134 1.81479 1.75744 1.78483 1.76372 1.73487 1.75384 1.79836 1.81591 1.8277 1.78027 1.79252 1.67834 1.78777 1.78906 1.71084 1.69966 1.77657 1.79433 1.72313 1.7822 1.75163 1.73293 1.74701 1.76059 1.71575 1.69391 1.66206 1.71917 1.79086 1.80163 1.67783 1.70385 1.67545
1.63287 1.63807 1.7516 1.64504 1.62426 1.7698 1.73981 1.77128 1.74306 1.63316 1.78588 1.72053 1.71761 1.61277 1.63734 1.76967 1.62637 1.75983 1.65755 1.72699 1.80437 1.76579 1.65032 1.78129 1.69877 1.62363 1.81955 1.68651 1.68983 1.68932 1.71295 1.64821 1.69295 1.78242 1.66862 1.72486 1.71919 1.78321 1.64463 1.66506 1.6474 1.71336 1.6493 1.78529 1.79097 1.7737 1.7691 1.71046
1.75685 1.85346 1.74003 1.73069 1.7671 1.77811 1.76376 1.79931 1.81903 1.81862 1.82841 1.71777 1.71702 1.79065 1.81147 1.56258 1.72026 1.73529 1.80931 1.79765 1.81659 1.66165 1.81659 1.82489 1.78861 1.72441 1.77738 1.72171 1.75382 1.75382 1.74093 1.70232 1.77132 1.80314 1.79226 1.70121 1.72864 1.69343 1.77496 1.72046 1.7068 1.72621 1.66341 1.67088 1.74882 1.73125 1.7235 1.81985 1.6956
1.74435 1.63022 1.64488 1.65412 1.6356 1.66664 1.6184 1.79453 1.76055 1.80109 1.74945 1.81416 1.74709 1.75775 1.79052 1.75059 1.92981 1.75519 1.72211 1.72305 1.79914 1.82666 1.76142 1.78573 1.70927 1.76875 1.66066
1.83898 1.81579 1.77684 1.76267 1.73964 1.78658 1.80422 1.7805 1.783 1.73722 1.78587 1.78011 1.78806 1.78211 1.76846 1.81193 1.83533 1.79326 1.82795 1.7589 1.82885 1.77442 1.81115 1.84321 1.82969 1.81767 1.75968 1.78322 1.84521 1.81616 1.81034 1.7775 1.80686 1.78661 1.82612 1.80474 1.78963 1.78817 1.7539 1.77367 1.81055 1.83803 1.81323 1.75244 1.8183 1.74003 1.79981 1.83251 1.65708 1.83399
1.77609 1.80509 1.8316 1.83822 1.80503 1.83999 1.82346 1.81067 1.8101 1.84237 1.80268 1.80896 1.81016 1.75266 1.8226 1.81466 1.8147 1.81426 1.79092 1.82346 1.78369 1.82027 1.83733 1.79938 1.81015 1.84198 1.7428 1.80714 1.81909 1.81123 1.77786 1.64938 1.82416 1.81629 1.82345 1.7955 1.82882 1.83645 1.80784 1.81911 1.82884 1.83668 1.78199 1.83351 1.81249 1.84842 1.8202 1.73275 1.81945 1.8342 1.82027 1.84653 1.80781
1.82404 1.8068 1.79865 1.77746 1.8263 1.84669 1.79965 1.7954 1.82996 1.80916 1.8172 1.82534 1.82271 1.81475 1.75944 1.77147 1.68778 1.81623 1.76855 1.8276 1.79479 1.8095 1.79152 1.78783 1.8141 1.81321 1.79388 1.77984 1.766 1.8149 1.8319 1.82204 1.82129 1.79621 1.73227 1.82211 1.8003 1.83581 1.81394 1.81931 1.8391 1.7932 1.83752 1.7962 1.7717 1.81164 1.81366 1.76333 1.82557 1.81433 1.82557 1.82877 1.85585 1.84013 1.83447 1.85173
1.57133 1.65115 1.65491 1.64754 1.71925 1.59237 1.61593 1.70445 1.80798 1.55268 1.82921 1.7777 1.80406 1.69822 1.70009 1.52427 1.74302 1.75418 1.76356 1.67793 1.63659 1.56446 1.57376 1.69901 1.78522 1.66547 1.73365 1.77927 1.79849 1.74708 1.67709 1.74785 1.7791 1.79217 1.63343 1.68927 1.76348 1.69645 1.68927 1.84356 1.76962 1.76857 1.83654 1.7013 1.6708 1.73696 1.81018 1.65229 1.58611
1.76317 1.73515 1.80397 1.82578 1.79424 1.76894 1.79225 1.80682 1.76643 1.73107 1.83712 1.74281 1.72434 1.63736 1.81583 1.80738 1.75247 1.80936 1.78937 1.79717 1.75144 1.7916 1.81673 1.71368 1.79233 1.81356 1.7104 1.8108 1.75262 1.84304 1.81744 1.73312 1.78434 1.79673 1.83161 1.83379 1.74194 1.76895 1.77742 1.84966 1.68671 1.69969 1.79626 1.82283 1.74913 1.80742 1.82675
1.81189 1.77565 1.69693 1.79992 1.66937 1.7109 1.80156 1.75363 1.79589 1.80508 1.78202 1.80828 1.83818 1.76911 1.72051 1.80104 1.8334 1.70341 1.77092 1.73819 1.80881 1.65844 1.65265 1.74406 1.7813 1.79561 1.69059 1.57146 1.58986 1.76468 1.71011 1.78561 1.73765 1.73539 1.71674 1.82709 1.81086 1.79298 1.65615 1.75131 1.70786 1.7351 1.75754 1.79467 1.78165 1.78588 1.81784 1.63635 1.75783
1.6982 1.56377 1.686 1.5508 1.79861 1.73483 1.72 1.72447 1.67611 1.80155 1.80399 1.76077 1.69861 1.67848 1.63865 1.81089 1.68162 1.68329 1.78999 1.73781 1.70401 1.78878 1.64831 1.72423 1.73866 1.6675 1.55774 1.69262 1.70329 1.71376 1.76818 1.83716 1.81038 1.77797 1.67104 1.71875 1.7421 1.7103 1.76437 1.61567 1.65771 1.77325 1.66685 1.8102 1.74084 1.75887 1.73641 1.53918 1.65167 1.68318 1.71873 1.70378 1.78396 1.72753 1.74767 1.65912 1.58762
1.66893 1.78001 1.74507 1.82455 1.80864 1.7969 1.75887 1.80308 1.8319 1.81294 1.81541 1.76876 1.819 1.85377 1.7728 1.85785 1.74565 1.78675 1.82626 1.81544 1.85952 1.74931 1.83971 1.84373 1.80292 1.77589 1.82344 1.83547 1.83377 1.78526 1.82023 1.78007 1.83921 1.68872 1.7812 1.82374 1.79857 1.81234 1.77303 1.81554 1.83312 1.81427 1.83514 1.83172 1.78348 1.81634 1.80357 1.76218 1.8221 1.8596
1.81573 1.80222 1.83371 1.77936 1.79794 1.85389 1.85135 1.82265 1.80835 1.82417 1.8409 1.83004 1.7584 1.81583 1.78322 1.76371 1.81653 1.79739 1.812 1.79427 1.81464 1.78536 1.85238 1.79221 1.84466 1.78585 1.83548 1.83117 1.81944 1.77359 1.83091 1.77488 1.79021 1.8403 1.77432 1.82899 1.82351 1.83065
1.79371 1.78912 1.82782 1.82971 1.84 1.83783 1.81047 1.82873 1.8195 1.84164 1.783 1.79962 1.78196 1.82985 1.8338 1.8044 1.85364 1.76512 1.8225 1.80949 1.74806 1.72897 1.69115 1.82684 1.81208 1.83597 1.73119 1.79808 1.82181 1.84714 1.8059 1.80683 1.81606 1.77715 1.83383 1.82882 1.72685 1.79439 1.82654 1.81396 1.744 1.81991 1.79784 1.81772 1.81348 1.80931 1.7629 1.79173 1.7968
1.86856 1.82465 1.81554 1.76604 1.82508 1.83791 1.76955 1.75045 1.8224 1.81397 1.78299 1.82657 1.80442 1.77594 1.79147 1.82942 1.82307 1.77579 1.84716 1.83459 1.7882 1.84336 1.82665 1.82354 1.82427 1.8175 1.80335 1.84078 1.81338 1.79011 1.79575 1.79631 1.82537 1.8439 1.81998 1.8302 1.81727 1.83918 1.83377 1.84377 1.83728 1.82109 1.84998 1.82136 1.77158 1.786 1.83579 1.81073 1.85691 1.84087 1.80591 1.84847 1.75194 1.83544 1.77653 1.81966 1.80185 1.77511 1.82283 1.82306 1.80301 1.83437 1.83145 1.8364 1.83241 1.83724
1.70912 1.72512 1.82999 1.71849 1.83761 1.79757 1.78871 1.75834 1.76996 1.80705 1.79819 1.68638 1.7376 1.77157 1.82548 1.79292 1.80737 1.7591 1.81774 1.78959 1.7765 1.81415 1.81567 1.82954 1.77978 1.74508
1.79051 1.77524 1.75134 1.67969 1.60094 1.62579 1.69336 1.74197 1.7499 1.7348 1.73584 1.63527 1.71055 1.41988 1.7798 1.63837 1.70626 1.70679 1.81755 1.75115 1.68455 1.76524 1.77633 1.75913 1.64486 1.73358 1.77163 1.73775 1.73171 1.61672 1.74121 1.71419 1.50509 1.64433 1.79315 1.60558 1.77117 1.69889 1.79653 1.6478 1.74437 1.65877 1.72783 1.74652
1.78408 1.7862 1.44719 1.74785 1.75654 1.71385 1.75837 1.86367 1.53701 1.81828 1.66209 1.69236 1.74677 1.75864 1.62781 1.66151 1.71801 1.81414 1.75357 1.53842 1.80161 1.76058 1.82723 1.75242 1.7955 1.82062 1.77035 1.77656 1.72114 1.78347 1.76888 1.79039 1.81851 1.67113 1.73947 1.72545 1.68089 1.70953 1.71443 1.80442 1.70392 1.76546 1.7837 1.70426 1.73885 1.79949 1.80963 1.74348 1.78317 1.63992 1.70135
1.76636 1.69602 1.7348 1.72923 1.66542 1.60297 1.82873 1.82673 1.74924 1.79605 1.72013 1.81831 1.72836 1.68735 1.80163 1.69077 1.702 1.80363 1.80207 1.92981 1.77149 1.77205 1.75526 1.71485 1.72653 1.72005 1.6398 1.92981 1.80093 1.76041 1.67736 1.73415
1.77708 1.75549 1.7751 1.81747 1.8449 1.82804 1.82722 1.82467 1.80596 1.81619 1.85899 1.8284 1.81092 1.8025 1.81993 1.79388 1.82243 1.79267 1.82073 1.81638 1.80607 1.79313 1.81015 1.809 1.80955 1.83754 1.80607 1.84402 1.78495 1.77439 1.78442 1.78161 1.77583 1.77657
1.75723 1.74084 1.72103 1.81102 1.71464 1.75489 1.6464 1.73867 1.76192 1.70791 1.64311 1.74186 1.70456 1.71533 1.74845 1.81342 1.75837 1.75846 1.69861 1.61983 1.80369 1.84077 1.74291 1.70959 1.76395 1.72063 1.73859 1.80566 1.63466 1.6219 1.76066 1.62604 1.60102 1.70379 1.67134 1.82184 1.8267 1.70307 1.76286 1.71959 1.75198 1.67516 1.71982 1.64139 1.63349 1.81749 1.70953
