1.70912 1.72512 1.82999 1.71849 1.83761 1.79757 1.78871 1.75834 1.76996 1.80705 1.79819 1.68638 1.7376 1.77157 1.82548 1.79292 1.80737 1.7591 1.81774 1.78959 1.7765 1.81415 1.81567 1.82954 1.77978 1.74508
1.82585 1.79853 1.80565 1.83906 1.84909 1.85772 1.8342 1.83629 1.7827 1.80225 1.80958 1.81343 1.82607 1.82416 1.82288 1.82419 1.84365 1.83676 1.80792 1.82087 1.8401 1.85883 1.8204 1.79845 1.8291 1.76736 1.81103 1.80264 1.83139 1.8348 1.83148 1.80825 1.8032 1.83626 1.85521 1.74678 1.84265 1.77185 1.84986 1.77712 1.76306 1.82283 1.80899 1.78252 1.82516 1.82499 1.80615 1.80704 1.79569 1.84666 1.84328 1.83648 1.83193 1.84041 1.84473 1.83759
1.78217 1.79468 1.80728 1.77286 1.80001 1.73964 1.82655 1.83899 1.78076 1.81121 1.84056 1.82038 1.82371 1.76427 1.79173 1.83125 1.83178 1.74745 1.72625 1.82155 1.80655 1.8099 1.70499 1.76645 1.80237 1.83459 1.74772 1.80005 1.82597 1.76999 1.79608 1.75854 1.80007 1.77025 1.87632 1.82531 1.73757 1.82304 1.8359 1.78882 1.68032 1.76651 1.76824 1.77757 1.83121 1.82526 1.81497 1.79661 1.81064 1.78817 1.76713 1.69815
1.77609 1.80509 1.8316 1.83822 1.80503 1.83999 1.82346 1.81067 1.8101 1.84237 1.80268 1.80896 1.81016 1.75266 1.8226 1.81466 1.8147 1.81426 1.79092 1.82346 1.78369 1.82027 1.83733 1.79938 1.81015 1.84198 1.7428 1.80714 1.81909 1.81123 1.77786 1.64938 1.82416 1.81629 1.82345 1.7955 1.82882 1.83645 1.80784 1.81911 1.82884 1.83668 1.78199 1.83351 1.81249 1.84842 1.8202 1.73275 1.81945 1.8342 1.82027 1.84653 1.80781
1.81173 1.81775 1.7781 1.82913 1.79349 1.82165 1.79433 1.82142 1.83054 1.80121 1.82764 1.77047 1.83794 1.80782 1.84088 1.80478 1.79877 1.79499 1.83382 1.82916 1.84284 1.82891 1.78647 1.85166 1.81055 1.80631 1.80276 1.79957 1.77933 1.82378 1.82554 1.82587 1.81792 1.81203 1.84735 1.8444 1.81127 1.84131 1.79258 1.80448 1.79784 1.79613 1.81353 1.81778 1.8201 1.82464 1.8292 1.8246 1.81771 1.80345 1.79618
1.80994 1.79763 1.78999 1.75056 1.82668 1.8224 1.83134 1.81445 1.79421 1.78227 1.73865 1.79255 1.70666 1.69964 1.77995 1.77836 1.68569 1.74274 1.78253 1.78237 1.77815 1.82137 1.80212 1.81055 1.79563 1.82604 1.61608 1.81064 1.77596 1.82592 1.81516 1.80973 1.78567 1.76442 1.8075 1.82306 1.83151 1.82979 1.78025 1.7817 1.80037 1.83068 1.78939 1.84356 1.812 1.76033 1.83415 1.79993 1.79186 1.81688 1.6456 1.79936 1.84204 1.77305 1.7928 1.82042 1.81705 1.77163 1.76912 1.76044 1.81785 1.77821 1.81437
1.73361 1.81351 1.77482 1.79726 1.83268 1.82394 1.76262 1.80868 1.83101 1.82441 1.80503 1.79625 1.83358 1.82942 1.79741 1.82042 1.80796 1.83184 1.79274 1.80887 1.80643 1.85624 1.83193 1.80643 1.81886 1.80164 1.79306 1.81805 1.81789 1.77962 1.83798 1.76781 1.64102 1.79795 1.8222 1.76377 1.83689 1.75097 1.79271 1.81351 1.79964 1.79538 1.76592 1.7437 1.83045 1.77855 1.84713 1.79071
1.79563 1.82104 1.82245 1.81237 1.8445 1.83589 1.76271 1.82378 1.84072 1.81674 1.79734 1.80251 1.75871 1.79679 1.82018 1.81296 1.81634 1.74206 1.75638 1.80469 1.81685 1.81381 1.80043 1.82706 1.81201 1.79839 1.69157 1.79839 1.79762 1.77258 1.81629 1.83107 1.74254 1.8412 1.82925 1.79015 1.77545 1.84729 1.84207 1.8116 1.7854 1.79195 1.78493 1.72321
1.63731 1.74979 1.771 1.82986 1.72684 1.71172 1.78378 1.7974 1.81051 1.64677 1.74515 1.83038 1.8159 1.7621 1.80102 1.88134 1.73821 1.7559 1.81571 1.82446 1.64394 1.72128 1.67913
1.79371 1.78912 1.82782 1.82971 1.84 1.83783 1.81047 1.82873 1.8195 1.84164 1.783 1.79962 1.78196 1.82985 1.8338 1.8044 1.85364 1.76512 1.8225 1.80949 1.74806 1.72897 1.69115 1.82684 1.81208 1.83597 1.73119 1.79808 1.82181 1.84714 1.8059 1.80683 1.81606 1.77715 1.83383 1.82882 1.72685 1.79439 1.82654 1.81396 1.744 1.81991 1.79784 1.81772 1.81348 1.80931 1.7629 1.79173 1.7968
1.7693 1.85885 1.80146 1.82314 1.83591 1.85085 1.77802 1.82958 1.83321 1.85319 1.79824 1.84266 1.8425 1.83458 1.84009 1.83758 1.84361 1.81902 1.79947 1.76415 1.80715 1.79071 1.81099 1.79938 1.8339 1.79381 1.79381 1.83646 1.84238 1.825 1.84426 1.80624 1.79924 1.84037 1.8239 1.83941 1.82548 1.86349 1.83668 1.81605 1.79582 1.85406 1.84924 1.8091 1.84277 1.85458 1.84164 1.82985 1.83769 1.84636 1.8442 1.78295 1.80184 1.83014 1.8461 1.81025 1.8223 1.82697 1.82165 1.83896 1.83624 1.78357 1.85452 1.83526 1.85289
1.86313 1.82065 1.82922 1.83749 1.79456 1.79268 1.80517 1.81295 1.78941 1.73476 1.80468 1.79741 1.7913 1.80247 1.73305 1.79607 1.79614 1.85459 1.79408 1.84582 1.80753 1.74824 1.73737 1.7941 1.78709 1.83483 1.8402 1.80822 1.79015 1.78154 1.78588 1.82431 1.72012 1.83568 1.76696 1.83485 1.73217 1.81301 1.79481 1.8031 1.80859 1.79955 1.82298 1.82828 1.80711 1.7844 1.75202
1.82867 1.79121 1.81927 1.75625 1.79364 1.81676 1.80119 1.80534 1.81169 1.78645 1.78768 1.81446 1.80642 1.79249 1.79268 1.81357 1.81776 1.78544 1.74224 1.78025 1.80294 1.81784 1.80751 1.76923 1.81165 1.76123 1.7563 1.78198 1.79711 1.71356 1.75603 1.77579 1.76462 1.84816 1.81029 1.76733 1.77825 1.81217 1.78085 1.79121 1.84043 1.81491 1.76858 1.77445 1.84457 1.83656 1.71525 1.76418 1.78 1.77722 1.84238 1.78306 1.80643 1.79903 1.80876 1.78558 1.77953 1.78006
1.74036 1.78515 1.7777 1.73571 1.74734 1.82529 1.71982 1.77714 1.78508 1.80564 1.80868 1.80228 1.80471 1.82447 1.85001 1.8259 1.76105 1.77803 1.81499 1.82675 1.79546 1.84131 1.81354 1.80268 1.75001 1.76892 1.79033 1.7809 1.80341 1.84648 1.82876 1.77458 1.80253 1.81493 1.81106 1.82984 1.83371 1.80598 1.78149 1.7851 1.80375 1.79959 1.76748 1.83141 1.74702 1.85347 1.83005 1.81677 1.79085 1.80249
1.83898 1.81579 1.77684 1.76267 1.73964 1.78658 1.80422 1.7805 1.783 1.73722 1.78587 1.78011 1.78806 1.78211 1.76846 1.81193 1.83533 1.79326 1.82795 1.7589 1.82885 1.77442 1.81115 1.84321 1.82969 1.81767 1.75968 1.78322 1.84521 1.81616 1.81034 1.7775 1.80686 1.78661 1.82612 1.80474 1.78963 1.78817 1.7539 1.77367 1.81055 1.83803 1.81323 1.75244 1.8183 1.74003 1.79981 1.83251 1.65708 1.83399
1.81702 1.81508 1.82129 1.72361 1.78305 1.79475 1.81952 1.75933 1.81345 1.76512 1.83042 1.80825 1.83974 1.77619 1.82865 1.80876 1.7579 1.81281 1.80619 1.83111 1.78381 1.82766 1.74528 1.67009 1.7846 1.7904 1.80815 1.79748 1.81008 1.77783 1.86982 1.83567 1.80599 1.83429 1.824 1.80511 1.81419 1.83919 1.83723 1.81801 1.83099 1.82988 1.82431 1.85052 1.83542 1.82462 1.81484 1.80601 1.78417 1.82884 1.81904
1.75723 1.74084 1.72103 1.81102 1.71464 1.75489 1.6464 1.73867 1.76192 1.70791 1.64311 1.74186 1.70456 1.71533 1.74845 1.81342 1.75837 1.75846 1.69861 1.61983 1.80369 1.84077 1.74291 1.70959 1.76395 1.72063 1.73859 1.80566 1.63466 1.6219 1.76066 1.62604 1.60102 1.70379 1.67134 1.82184 1.8267 1.70307 1.76286 1.71959 1.75198 1.67516 1.71982 1.64139 1.63349 1.81749 1.70953
1.65723 1.80448 1.6748 1.7244 1.71861 1.76004 1.75646 1.61526 1.76435 1.70256 1.68704 1.77919 1.56901 1.6739 1.70242 1.8529 1.73607 1.81985 1.7614 1.76859 1.73116 1.72766 1.71433 1.63829 1.8259 1.7113 1.61512 1.73104 1.76466 1.72637 1.74134 1.78282 1.77289 1.62774 1.71178 1.71158 1.762 1.67622 1.72852 1.72731
1.81601 1.81402 1.80452 1.83877 1.83943 1.83585 1.82022 1.84015 1.83337 1.80725 1.81585 1.81283 1.8347 1.7885 1.85463 1.84501 1.822 1.84686 1.77105 1.8517 1.84123 1.82569 1.83096 1.80414 1.80994 1.7766 1.80378 1.83224 1.83691 1.8489 1.80676 1.84698 1.85196 1.83401 1.8364 1.8397 1.83652 1.80806 1.83525 1.79134 1.82981 1.80128 1.84531 1.8396 1.8324 1.80483
1.79245 1.82367 1.7795 1.83585 1.84153 1.829 1.79045 1.80739 1.79102 1.84826 1.8013 1.82226 1.78902 1.79787 1.84713 1.79702 1.77831 1.8087 1.83157 1.8509 1.81199 1.80449 1.80805 1.79659 1.82839 1.81329 1.81838 1.79064 1.79739 1.84361 1.84273 1.77215 1.84085 1.80196 1.80065 1.81535 1.7816 1.83008 1.85035 1.77417 1.8098 1.84132 1.82645 1.78947 1.83147 1.78354 1.82442 1.81451 1.83124 1.84442 1.79745
1.85362 1.84019 1.81369 1.82194 1.81755 1.82178 1.84672 1.8191 1.81895 1.79985 1.81362 1.77655 1.68209 1.79972 1.79942 1.82385 1.8358 1.7855 1.7979 1.82922 1.8283 1.76333 1.84931 1.77657 1.81166 1.81333 1.78592 1.76218 1.8185 1.79537 1.76884 1.77383 1.81755 1.83613 1.80786 1.79437 1.83197 1.76461 1.82752 1.8219 1.83568 1.80252 1.79777 1.83185 1.80153 1.72779 1.76497 1.82465 1.76451
1.77795 1.82515 1.79173 1.79104 1.82119 1.80358 1.80608 1.80303 1.81276 1.82551 1.83635 1.82174 1.80157 1.80622 1.82067 1.77969 1.77975 1.8087 1.78644 1.84266 1.77605 1.81713 1.83272 1.83861 1.76823 1.82695 1.77144 1.75819 1.81378 1.80714 1.82976 1.81364 1.82264 1.81656 1.80053 1.81538 1.83193 1.79458 1.83158 1.79591 1.80007 1.77541 1.82647 1.83156 1.80972 1.73799 1.80972 1.81652 1.83383 1.79253 1.84693 1.80738 1.8166 1.7815 1.82576
1.79051 1.77524 1.75134 1.67969 1.60094 1.62579 1.69336 1.74197 1.7499 1.7348 1.73584 1.63527 1.71055 1.41988 1.7798 1.63837 1.70626 1.70679 1.81755 1.75115 1.68455 1.76524 1.77633 1.75913 1.64486 1.73358 1.77163 1.73775 1.73171 1.61672 1.74121 1.71419 1.50509 1.64433 1.79315 1.60558 1.77117 1.69889 1.79653 1.6478 1.74437 1.65877 1.72783 1.74652
1.81189 1.77565 1.69693 1.79992 1.66937 1.7109 1.80156 1.75363 1.79589 1.80508 1.78202 1.80828 1.83818 1.76911 1.72051 1.80104 1.8334 1.70341 1.77092 1.73819 1.80881 1.65844 1.65265 1.74406 1.7813 1.79561 1.69059 1.57146 1.58986 1.76468 1.71011 1.78561 1.73765 1.73539 1.71674 1.82709 1.81086 1.79298 1.65615 1.75131 1.70786 1.7351 1.75754 1.79467 1.78165 1.78588 1.81784 1.63635 1.75783
1.76112 1.77718 1.72876 1.82524 1.73233 1.83985 1.81422 1.82832 1.79162 1.76424 1.80566 1.75543 1.765 1.77495 1.79387 1.76005 1.78638 1.76594 1.76738 1.79217 1.71608 1.79897 1.80249 1.81473 1.8088 1.82549 1.79419 1.76768 1.74787 1.77281 1.7585 1.742 1.78971 1.79821 1.76018 1.81121 1.83385 1.74447 1.78648 1.76933 1.76577 1.81808 1.8085 1.80521 1.78469 1.79084 1.77582 1.81567 1.80465 1.76755 1.79141 1.74209 1.79113 1.80186
1.76636 1.69602 1.7348 1.72923 1.66542 1.60297 1.82873 1.82673 1.74924 1.79605 1.72013 1.81831 1.72836 1.68735 1.80163 1.69077 1.702 1.80363 1.80207 1.92981 1.77149 1.77205 1.75526 1.71485 1.72653 1.72005 1.6398 1.92981 1.80093 1.76041 1.67736 1.73415
1.74435 1.63022 1.64488 1.65412 1.6356 1.66664 1.6184 1.79453 1.76055 1.80109 1.74945 1.81416 1.74709 1.75775 1.79052 1.75059 1.92981 1.75519 1.72211 1.72305 1.79914 1.82666 1.76142 1.78573 1.70927 1.76875 1.66066
1.81349 1.85054 1.81492 1.84694 1.80454 1.81738 1.81219 1.82901 1.82436 1.83348 1.83965 1.76747 1.84513 1.81948 1.81028 1.82046 1.83499 1.85437 1.83574 1.74165 1.7744 1.83935 1.79361 1.81281 1.82914 1.83951 1.83786 1.83294 1.81435 1.82193 1.81831 1.83287 1.78737 1.81284 1.82742 1.82145 1.83905 1.822 1.79607 1.808 1.81549 1.83239 1.77057 1.84613 1.8242 1.79277 1.77843 1.83131 1.82155 1.83861 1.81378 1.81117 1.79408 1.8304 1.84666 1.81357 1.85041
1.84057 1.84994 1.85117 1.80523 1.83696 1.8596 1.82805 1.81317 1.78519 1.84818 1.828 1.83428 1.82327 1.83883 1.83527 1.84498 1.81998 1.83155 1.78486 1.76461 1.83181 1.77995 1.81333 1.82811 1.85111 1.78664 1.80998 1.81647 1.85646 1.8378 1.8376 1.85461 1.8264 1.84991 1.84386 1.81281 1.83904 1.85932 1.83412 1.83585 1.80005 1.85561 1.8287 1.83859 1.84662 1.81608 1.85234 1.84565 1.83314 1.84035 1.83156
1.78901 1.80128 1.80886 1.75421 1.81153 1.8457 1.8222 1.81195 1.78289 1.80403 1.79996 1.86462 1.84434 1.80589 1.83253 1.8444 1.84057 1.80242 1.81571 1.82714 1.82039 1.83379 1.82548 1.85188 1.78252 1.77867 1.83867 1.82163 1.83359 1.84425 1.81259 1.85007 1.83517 1.74474 1.77913 1.82807 1.82589 1.8249 1.80718 1.8004 1.83569 1.80908
1.74267 1.71519 1.82985 1.80141 1.78651 1.79321 1.81455 1.80179 1.79661 1.80047 1.83802 1.81199 1.80953 1.79132 1.78372 1.78584 1.80348 1.77058 1.78045 1.74229 1.79399 1.80556 1.7274 1.79068 1.81383 1.79592 1.82114 1.79074 1.75961 1.81049 1.78953 1.75007 1.79273 1.78803 1.79086 1.75995
1.72888 1.76978 1.75011 1.75546 1.8141 1.69139 1.74649 1.67191 1.76241 1.55604 1.8324 1.7873 1.61785 1.66337 1.72983 1.79 1.77532 1.73929 1.76341 1.82002 1.76252 1.78345 1.66125 1.75815 1.69134 1.80967 1.72725 1.72643 1.68898 1.75768 1.67892 1.78278 1.68282 1.74146 1.80935 1.6579 1.84095 1.70708 1.72545 1.69379 1.68877 1.68055 1.77297 1.83655
1.75685 1.85346 1.74003 1.73069 1.7671 1.77811 1.76376 1.79931 1.81903 1.81862 1.82841 1.71777 1.71702 1.79065 1.81147 1.56258 1.72026 1.73529 1.80931 1.79765 1.81659 1.66165 1.81659 1.82489 1.78861 1.72441 1.77738 1.72171 1.75382 1.75382 1.74093 1.70232 1.77132 1.80314 1.79226 1.70121 1.72864 1.69343 1.77496 1.72046 1.7068 1.72621 1.66341 1.67088 1.74882 1.73125 1.7235 1.81985 1.6956
