1.70368 1.68749 1.70819 1.61677 1.56043 1.72003 1.7284 1.78085 1.71029 1.60709 1.62682 1.60867 1.64 1.67902 1.64615 1.66933 1.71716 1.68674 1.70973 1.71035 1.66757 1.70233 1.69965 1.60558 1.7038 1.71025 1.71544 1.65931 1.6741 1.59475 1.75227 1.70327 1.73016 1.69032 1.59758 1.71132 1.78491 1.71817 1.70636 1.62639 1.6808 1.69849 1.69358 1.70054 1.65531 1.72177 1.69571 1.67884 1.7377
1.60584 1.72241 1.74309 1.67107 1.63346 1.6926 1.60154 1.69761 1.73941 1.67403 1.62374 1.63708 1.60137 1.63609 1.56488 1.5761 1.81789 1.66464 1.62255 1.63308 1.70481 1.63249 1.7609 1.58843 1.70033 1.67711 1.71468 1.68223 1.69607 1.76453 1.67144 1.53627 1.60759
1.74218 1.77245 1.78314 1.8072 1.80065 1.78524 1.76535 1.80083 1.69771 1.80122 1.75478 1.80752 1.75768 1.60011 1.64356 1.72156 1.76475 1.76946 1.73442 1.64099 1.7242 1.7152 1.61507 1.69989 1.77585 1.77751 1.7455 1.78122 1.71075 1.59565 1.69555 1.77692 1.77197 1.77443 1.75313 1.79711 1.70746 1.72997 1.76842 1.78575 1.66511 1.77677 1.74716 1.77081 1.70292 1.77507 1.8061 1.71591 1.76392 1.75682 1.7485 1.74403 1.76717 1.7756 1.77911 1.7716 1.7756 1.80685 1.72996 1.75593 1.86458 1.77604 1.70342 1.81188 1.8056 1.75394 1.79383 1.76361 1.74899 1.78363 1.79363 1.78249
1.69231 1.6671 1.6838 1.72091 1.78943 1.61867 1.68017 1.68687 1.72856 1.75623 1.79995 1.62296 1.77985 1.71544 1.59374 1.80119 1.79723 1.80909 1.73127 1.68312 1.73375 1.79966 1.76525 1.76387 1.78555 1.77502 1.77297 1.74466 1.78777 1.75911 1.68197 1.76037 1.78515 1.70789 1.75028
1.75123 1.69663 1.78779 1.77115 1.75224 1.71136 1.80327 1.82765 1.7887 1.7536 1.74718 1.787 1.6973 1.76393 1.76344 1.77688 1.80427 1.76169 1.71108 1.74202 1.7102 1.77883 1.7511 1.75293 1.69105 1.77318 1.79923 1.73708 1.76745 1.80288 1.77727 1.77167 1.75986 1.70965 1.73699 1.72663 1.77596 1.72234 1.76673 1.78348 1.72623 1.77155 1.71823 1.77238 1.76642 1.7398 1.76387 1.72029 1.7999 1.69308
1.74808 1.8064 1.75368 1.79737 1.75128 1.62005 1.72219 1.70933 1.79542 1.7156 1.80409 1.83117 1.65829 1.74901 1.72308 1.74298 1.77565 1.73935 1.74984 1.77592 1.77438 1.78089 1.7592 1.73267 1.77673 1.75654 1.74298 1.7272 1.75438 1.78226 1.59447 1.69804 1.54617 1.76533 1.72845 1.79535 1.73093 1.71832 1.60741 1.66439 1.59759 1.75029 1.7405 1.7637 1.82856 1.66045 1.77205 1.80154 1.72332 1.77016 1.77718
1.77339 1.63196 1.73933 1.7738 1.66073 1.75025 1.67667 1.65813 1.71751 1.68812 1.6516 1.77103 1.60209 1.52657 1.74 1.66423 1.72939 1.73342 1.77148 1.75723 1.75414 1.76512 1.70833 1.7673 1.73385 1.69427 1.72095 1.72999 1.73813 1.63588 1.73125 1.74928 1.71072 1.70761 1.66782 1.7383 1.76116 1.54369 1.58685 1.67848 1.76402 1.80156 1.7512
1.74809 1.66523 1.74012 1.75052 1.75725 1.7722 1.76566 1.69927 1.80189 1.68016 1.70799 1.72536 1.5233 1.71064 1.75509 1.81277 1.81706 1.69121 1.74326 1.77335 1.72617 1.7925 1.75124 1.75615 1.68438 1.70739 1.79442 1.75484 1.8029 1.75035 1.77279 1.8029 1.77758 1.76722 1.75885 1.79984 1.7053 1.72048 1.7531 1.72788 1.73852 1.72535 1.74788 1.7581 1.74046 1.7394 1.78487
1.74653 1.66796 1.77392 1.68881 1.65368 1.77096 1.69583 1.73881 1.47734 1.72711 1.71961 1.69827 1.72444 1.72334 1.7125 1.71422 1.69151 1.71998 1.7547 1.8005 1.80626 1.72053 1.74361 1.69426 1.72517 1.69281 1.65293 1.59332 1.70498 1.75167 1.54007 1.75916 1.62807 1.81973 1.78473 1.56851 1.76254 1.78155 1.59919
1.80261 1.70493 1.75959 1.78129 1.77335 1.7685 1.76244 1.70567 1.74542 1.78153 1.74849 1.75956 1.76015 1.7089 1.77397 1.78055 1.69174 1.66337 1.79815 1.75735 1.75434 1.8337 1.77172 1.60258 1.75255 1.74411 1.79204 1.73564 1.76475 1.69958 1.80067 1.76432 1.75187 1.76017 1.77518 1.74684 1.79633 1.79485 1.79448 1.78883 1.64077 1.6862 1.7514 1.7656 1.755 1.69491 1.81774 1.74164 1.69235 1.77065 1.76312 1.74645 1.72645 1.70422 1.76221 1.80228
1.77532 1.73816 1.76811 1.75557 1.72167 1.73385 1.73757 1.70639 1.64578 1.55898 1.5519 1.50866 1.72546 1.73571 1.70533 1.73925 1.76056 1.76293 1.72532 1.75231 1.70889 1.70342 1.62795 1.70007 1.64286 1.755 1.67676 1.68403 1.67067 1.69036 1.7371 1.72934 1.62291 1.70914 1.71189 1.79953 1.70892 1.6811 1.69202 1.66628 1.66001 1.58984 1.69748
1.79907 1.7748 1.79542 1.75058 1.79721 1.80264 1.7627 1.7345 1.72643 1.75873 1.78679 1.73577 1.82164 1.77226 1.79062 1.7647 1.79737 1.77104 1.78864 1.80321 1.75068 1.79885 1.80317 1.79083 1.69314 1.76573 1.75262 1.75452 1.78973 1.77873 1.76237 1.66753 1.76388 1.80025 1.77977 1.75852 1.80706 1.78867 1.70911 1.746 1.79718 1.69693 1.77607 1.78422 1.76403 1.75836 1.75764 1.74787 1.78336 1.66697 1.7088 1.68024 1.65903
1.70893 1.62686 1.70248 1.70345 1.78641 1.67084 1.71376 1.67665 1.60653 1.78548 1.79438 1.75875 1.74593 1.74769 1.73635 1.70746 1.77049 1.73879 1.75212 1.74069 1.52336 1.72085 1.78572 1.73147 1.74271 1.76539 1.62475 1.76903 1.69242 1.75838 1.77304 1.82995 1.80507 1.67754 1.8086 1.78498 1.70793 1.75651 1.71541 1.65369 1.76718 1.74568 1.7555 1.75935 1.80691 1.72744 1.7757 1.73653 1.77455 1.73577 1.79707 1.77104 1.79034 1.70928 1.73126 1.6861 1.78127 1.74042
1.6636 1.74337 1.76284 1.72881 1.67188 1.76301 1.76284 1.74115 1.75137 1.66518 1.63959 1.77417 1.76903 1.61033 1.81713 1.83193 1.67018 1.79044 1.76013 1.72468 1.65544 1.74925 1.79852 1.76272 1.78068 1.78506 1.78462 1.76369 1.81984 1.75239 1.64368 1.7019 1.62424 1.77193 1.71246 1.73977 1.79522 1.71588 1.68361 1.78552 1.73089 1.73755 1.75986 1.78673 1.79253 1.77667 1.76893 1.68276 1.76234 1.75663 1.78818 1.80333 1.76733 1.77738 1.72764 1.69715 1.74665 1.73213 1.6034 1.70286 1.74017 1.75843 1.7198
1.69989 1.76099 1.75154 1.70276 1.68317 1.73829 1.68546 1.5474 1.66979 1.63481 1.70984 1.69532 1.62537 1.81205 1.53608 1.71763 1.73488 1.71761 1.72209 1.71996 1.76903 1.74239 1.57015 1.74064 1.66287 1.71441 1.74245 1.71088 1.55871 1.76739 1.72532 1.75698 1.76995 1.64862 1.75716 1.77851 1.68895 1.67599 1.76472 1.77029 1.74641 1.64571 1.72499 1.70837 1.75751 1.72671 1.68009 1.68175 1.62815 1.69001 1.7135
1.71849 1.73908 1.69285 1.68754 1.6364 1.71076 1.73185 1.61202 1.67798 1.77137 1.73123 1.60274 1.65622 1.62286 1.61213 1.6349 1.69626 1.74395 1.75936 1.78276 1.73602 1.75059 1.75044 1.72828 1.62784 1.72673 1.78262 1.69182 1.73752 1.58781 1.51968 1.68515 1.78723 1.67152 1.7101 1.73551 1.56355 1.62607 1.68133 1.7128 1.6844 1.78558 1.76486 1.63951 1.70608 1.65347 1.65804 1.68863
1.46973 1.79265 1.59105 1.64655 1.74656 1.47939 1.58801 1.57464 1.65858 1.77275 1.69439 1.77875 1.69104 1.65298 1.61524 1.73994 1.71691 1.75134 1.67084 1.57466 1.62613 1.69475 1.62063 1.70856 1.734 1.70269 1.6031 1.75459 1.67747 1.64939 1.68986 1.59534 1.62367 1.76858 1.71588 1.60465 1.64473 1.70313 1.70824 1.7163 1.60336 1.65197 1.76227 1.50706 1.76123 1.66787 1.65014 1.74905 1.60635 1.62835 1.69513 1.70787 1.70162 1.77052 1.7
1.72154 1.77062 1.76069 1.70894 1.69123 1.67799 1.70201 1.76256 1.70967 1.69821 1.70185 1.65363 1.60674 1.78657 1.75566 1.6277 1.60075 1.77059 1.74316 1.73687 1.7755 1.6386 1.56729 1.72392 1.74605 1.71862 1.71509 1.6646 1.7002 1.70566 1.82505 1.67069 1.67327 1.77879 1.7882 1.77983 1.69671 1.78308 1.61594 1.66113 1.74585 1.69431 1.6979 1.70889 1.71771 1.72072 1.71463 1.7239 1.75957 1.65783 1.69724 1.76097 1.66376 1.72382 1.64872 1.74642 1.79531 1.76291 1.70778 1.69027
1.80444 1.7428 1.7367 1.76922 1.74492 1.7437 1.65064 1.6675 1.75837 1.5935 1.73388 1.80647 1.78973 1.67636 1.71991 1.73454 1.73874 1.78097 1.78445 1.70183 1.82424 1.69955 1.73601 1.72808 1.72067 1.63323 1.73186 1.65615 1.65821 1.79458 1.5681 1.7879 1.66313 1.77296 1.66015 1.66533 1.74921 1.73326 1.69579 1.73158 1.74749 1.7277
1.7037 1.60063 1.65417 1.73892 1.7325 1.73495 1.52158 1.77454 1.66784 1.71524 1.77255 1.73804 1.75323 1.63384 1.68044 1.60415 1.74572 1.56136 1.83943 1.69972 1.69453 1.78167 1.71562 1.76265 1.79585 1.71967 1.57532 1.65096 1.70318 1.77171 1.63357 1.76376 1.67374 1.63424 1.66687 1.5437 1.76757 1.70451 1.60587 1.58902 1.63725 1.77445 1.63914 1.69738 1.68997 1.63791 1.5852 1.72041
1.80672 1.74162 1.78066 1.80213 1.73883 1.79514 1.76073 1.81398 1.78253 1.79649 1.67419 1.66932 1.61156 1.76534 1.75416 1.75682 1.7344 1.76604 1.68408 1.73608 1.60286 1.77364 1.70649 1.71244 1.74033 1.74185 1.76751 1.77159 1.78456 1.77102 1.79535 1.76924 1.78793 1.74392 1.76274 1.78779 1.73762 1.63694 1.60341 1.75448 1.79219 1.79408 1.80362 1.76824 1.73732 1.75361 1.84952 1.79233 1.78528 1.75998 1.70144
1.63107 1.68014 1.64144 1.70117 1.64905 1.59578 1.70521 1.64811 1.58642 1.62557 1.69274 1.66408 1.65879 1.66517 1.56704 1.67682 1.69274 1.50725 1.66259 1.71917 1.64818 1.6387 1.61262 1.65213 1.61804 1.70349 1.69483 1.71208
1.66352 1.72726 1.75999 1.69475 1.77367 1.768 1.65697 1.76167 1.78514 1.73854 1.70899 1.70462 1.66492 1.73091 1.68207 1.68182 1.74096 1.7171 1.798 1.58528 1.70834 1.72206 1.62127 1.77739 1.69802 1.691 1.70169 1.56268 1.7163 1.78496 1.74695 1.67012 1.69247 1.7292 1.67763 1.66111 1.58953 1.76666 1.77324 1.73613 1.69782 1.61992 1.7066 1.54575 1.734 1.67946 1.75449 1.74522 1.73296 1.68287 1.76622 1.72479 1.7565 1.77151 1.68178 1.70055
1.76045 1.7487 1.63722 1.7426 1.66432 1.74186 1.75416 1.7055 1.74443 1.63469 1.75498 1.75227 1.75432 1.7637 1.69672 1.72347 1.78874 1.69751 1.69908 1.61405 1.56939 1.52079 1.66316 1.70575 1.81614 1.76219 1.77584 1.70598 1.7865 1.77808 1.76237 1.75222 1.76292 1.80932 1.79404 1.74416 1.71047 1.52105 1.63639 1.75637 1.70692 1.69428 1.62309 1.80271 1.75769 1.79038 1.76886 1.78222 1.7616 1.7531 1.78206 1.76415 1.74048 1.66704 1.73693 1.80288 1.74271 1.72322 1.82771 1.6878
1.77837 1.77867 1.75152 1.77761 1.79046 1.75431 1.76197 1.8409 1.69906 1.73075 1.743 1.73425 1.72746 1.76462 1.75213 1.75312 1.72634 1.72507 1.76124 1.75938 1.80704 1.69935 1.7872 1.81273 1.77783 1.79837 1.6296 1.73089 1.73006 1.61962 1.55183 1.8074 1.81344 1.7976 1.77452 1.78894 1.76498 1.74118 1.72964 1.75889 1.76021 1.63978 1.79 1.75427 1.77005 1.7771 1.65214 1.76997 1.74579 1.80762
1.75332 1.74411 1.77496 1.75644 1.78729 1.76462 1.77955 1.5938 1.52415 1.72329 1.7376 1.77033 1.78226 1.65902 1.69065 1.68759 1.74215 1.69823 1.73258 1.75852 1.67954 1.74313 1.68389 1.69065 1.73496 1.74314 1.6985 1.62292 1.64067 1.6264 1.75203 1.66532 1.78544 1.51787 1.59938 1.72566 1.63383 1.75002 1.77279 1.74606 1.71148 1.57727 1.72377 1.68442 1.76584 1.61142 1.80328 1.70372 1.76651 1.5461 1.7704 1.74673 1.64029 1.78024 1.77367 1.6945 1.68744 1.65726 1.56523 1.6679 1.73229 1.72316 1.69645 1.76143 1.72319 1.78736 1.73488 1.55455 1.68284
1.55642 1.74153 1.78856 1.79853 1.6786 1.78713 1.73774 1.77019 1.80033 1.72272 1.76113 1.74608 1.75616 1.76262 1.77181 1.69079 1.7027 1.68891 1.69323 1.76047 1.79528 1.75227 1.71927 1.78617 1.79389 1.79366 1.73239 1.73338 1.71789 1.75973 1.7941 1.78178 1.76065 1.7559 1.76986 1.74799 1.74018 1.70493 1.70103 1.74901 1.76681 1.7929 1.73462 1.74955 1.75638 1.74931 1.81029 1.77022 1.75969 1.79673 1.78381
1.7611 1.73437 1.70545 1.67443 1.66347 1.77332 1.7613 1.69042 1.67763 1.73768 1.77162 1.74195 1.80896 1.75166 1.74213 1.74332 1.72307 1.71864 1.74738 1.79826 1.75972 1.61025 1.72476 1.74463 1.7178 1.60373 1.72996 1.77198 1.59971 1.82023 1.74727 1.75301 1.71687 1.75136 1.78854 1.76901 1.71328 1.66539 1.73279 1.75362 1.72207 1.74877 1.72089 1.67985 1.77264 1.78517 1.76191 1.81782 1.78414 1.66778 1.78796 1.78899 1.73847 1.7379 1.76022 1.72276 1.71398 1.66874 1.67541 1.71402 1.6961 1.78392 1.71915 1.77425 1.72927 1.69694 1.53999
1.6257 1.76331 1.68305 1.6694 1.78023 1.73448 1.74168 1.71781 1.70319 1.63106 1.68752 1.64954 1.6322 1.63706 1.73981 1.72383 1.72071 1.724 1.73866 1.76509 1.70351 1.643 1.72124 1.73029 1.69238 1.69927 1.59835 1.75916 1.78999 1.64232 1.68187 1.74052 1.5671 1.64952 1.64309 1.74051 1.66648 1.74866 1.69781 1.72728 1.74661 1.62069 1.55049 1.61969
