1.78785 1.78419 1.67246 1.75947 1.786 1.79915 1.7808 1.76452 1.76528 1.78496 1.74217 1.76557 1.7821 1.70913 1.75915 1.82227 1.77009 1.80822 1.82682 1.77435 1.80883 1.80154 1.70862 1.7577 1.78951 1.72293 1.79036 1.7248 1.7302 1.6612 1.78357 1.76454 1.69904 1.77958 1.75351 1.82032 1.64783 1.74201 1.69862 1.75952 1.8155 1.78996 1.73816 1.75376 1.77677 1.82745 1.72687 1.60431 1.76711 1.74138 1.7501 1.70544
1.73729 1.79416 1.76526 1.75171 1.80403 1.77994 1.77148 1.73907 1.69967 1.80856 1.7791 1.80418 1.82099 1.75737 1.78462 1.80352 1.79374 1.78153 1.77323 1.80229 1.76277 1.78225 1.77188 1.78028 1.77375 1.79047 1.80365 1.76469 1.77808 1.75419 1.70931 1.75205 1.7582 1.77941 1.79067 1.82631 1.80327 1.79071 1.74998 1.77577 1.77156
1.81637 1.77369 1.81025 1.74465 1.76709 1.69454 1.78156 1.72658 1.80252 1.77507 1.75971 1.79355 1.74496 1.73029 1.69865 1.73216 1.68387 1.74837 1.76524 1.81251 1.79025 1.82447 1.82318 1.71105 1.74739 1.72875 1.76408 1.71717 1.72636 1.75715 1.7735 1.81073 1.68451 1.80526 1.78747 1.75946 1.69164 1.64249 1.83232 1.75536 1.79512 1.79734
1.69612 1.74599 1.7572 1.80145 1.67083 1.76536 1.7572 1.7326 1.75748 1.77682 1.77504 1.81525 1.72854 1.79651 1.79403 1.67384 1.76518 1.7329 1.66464 1.69312 1.7102 1.81178 1.70682 1.79465 1.81156 1.67509 1.75491 1.75892 1.6589 1.71806 1.81897 1.76508 1.7295 1.83045 1.74536 1.67257 1.71164 1.67455 1.70643 1.69707 1.70134 1.74098 1.80845 1.78689 1.775 1.7827 1.78561 1.73577 1.78822 1.79365 1.53077 1.74521 1.75487 1.76989 1.79393 1.75604 1.6907 1.68027 1.75361 1.7697 1.7321 1.68721
1.73659 1.80781 1.75544 1.76463 1.61104 1.77888 1.78153 1.85774 1.79723 1.70738 1.76047 1.77573 1.74556 1.7823 1.75978 1.73099 1.68407 1.83081 1.7418 1.81648 1.66458 1.76366 1.77521 1.72586 1.72846 1.76835 1.80009 1.78652 1.72245 1.82568 1.72118 1.76143 1.79683 1.77061 1.69731 1.7587 1.86819 1.76926 1.85017 1.80721 1.76608 1.71039 1.69194
1.72453 1.45613 1.60808 1.79591 1.82137 1.72835 1.6709 1.79056 1.62407 1.76912 1.80919 1.70968 1.73926 1.69694 1.75328 1.80227 1.76267 1.78746 1.72164 1.72709 1.76483 1.78647 1.74824 1.70071 1.75786 1.80698 1.76081 1.73836 1.75924 1.62077 1.72047 1.763 1.76705 1.79505 1.62239 1.79737 1.72385 1.7303 1.75649 1.81768 1.72296 1.78578 1.77415 1.78559 1.76924 1.77467 1.70683 1.77794 1.82682 1.61512 1.75585 1.79064 1.77733 1.60793 1.78876 1.73302 1.69895
1.74007 1.74932 1.79158 1.76609 1.72064 1.81895 1.76298 1.73787 1.74109 1.79323 1.71003 1.74693 1.80052 1.62128 1.81824 1.72827 1.761 1.80886 1.7631 1.72455 1.66614 1.7162 1.67964 1.84895 1.73528 1.78806 1.80018 1.76255 1.75216 1.79605 1.77278 1.72429 1.73037 1.73379 1.75635 1.67746 1.70403 1.71963 1.75929 1.76549 1.76578 1.80483 1.78394 1.60811 1.72599 1.76515 1.76039 1.70489 1.74091 1.74492 1.76643 1.75563 1.66466 1.75074 1.69161 1.66466 1.77291 1.75445 1.7505 1.83442 1.72625 1.72828 1.78205 1.77241 1.64852 1.77106 1.7901 1.84511 1.71446 1.74522 1.69213
1.7759 1.74796 1.74958 1.82512 1.81718 1.75517 1.75015 1.81887 1.77649 1.68727 1.74918 1.77445 1.71607 1.82267 1.79004 1.79987 1.75317 1.73732 1.6957 1.79386 1.73295 1.82784 1.78286 1.81734 1.82237 1.78047 1.81229 1.74596 1.76309 1.79749 1.73094 1.63129 1.83041 1.80037 1.77586 1.8043 1.78464 1.83151 1.76334 1.72568 1.78901 1.75583 1.76691 1.82074 1.80863 1.7563 1.84138 1.76933 1.82688 1.73096 1.84172
1.75432 1.73967 1.76399 1.77308 1.81517 1.75072 1.76555 1.75081 1.75486 1.68023 1.76464 1.72096 1.71756 1.56543 1.74034 1.80893 1.67236 1.70888 1.76886 1.56196 1.69369 1.65388 1.76333 1.6893 1.70672 1.73771 1.67132 1.77657 1.72636 1.74544 1.70259 1.77073 1.68437 1.77418 1.81037 1.83634 1.78927 1.7433 1.6617 1.58454 1.79934 1.58198 1.73397 1.64963 1.73257 1.74945 1.70577 1.76765 1.75556 1.79129 1.57263 1.77297 1.77988
1.7844 1.75171 1.79409 1.71046 1.57308 1.67868 1.64813 1.79169 1.66733 1.63696 1.72166 1.7457 1.77499 1.7103 1.77379 1.74292 1.71629 1.68858 1.6791 1.74696 1.732 1.73806 1.81188 1.69207 1.753 1.70389 1.7853 1.7437 1.69463 1.70555 1.70977 1.71962 1.78194 1.76227 1.75432 1.77128 1.76296 1.75577 1.78723 1.77866 1.76397 1.77138 1.81319 1.7131 1.81856 1.80283 1.65941 1.74639 1.69908 1.75578 1.77505 1.77042
1.78052 1.79719 1.78962 1.80182 1.79847 1.75457 1.7185 1.80254 1.78059 1.74465 1.79926 1.73441 1.78383 1.6758 1.76798 1.76982 1.80753 1.65196 1.70703 1.72262 1.72262 1.72907 1.72774 1.76268 1.6785 1.71649 1.76034 1.67583 1.77174 1.80544 1.81038 1.81631 1.77794 1.80653 1.68753 1.81756 1.71605 1.77443 1.78713 1.76883 1.76067 1.68383 1.75707 1.79493 1.80487 1.74784 1.80481 1.80973 1.76448 1.69928 1.78197 1.76772 1.79943 1.79096 1.71457 1.7974 1.70201 1.7923 1.80329 1.781 1.63276 1.72868 1.7395 1.79066 1.81096 1.7893 1.77078 1.66343 1.7421 1.74939
1.81143 1.69332 1.7603 1.79957 1.76394 1.76915 1.78941 1.71019 1.75331 1.7438 1.71489 1.78966 1.75743 1.75817 1.79357 1.76689 1.75034 1.75193 1.74364 1.776 1.80315 1.69269 1.77472 1.75326 1.59769 1.78246 1.7046 1.84514 1.77589 1.80096 1.81663 1.83942 1.76669 1.77288 1.82888 1.73859 1.76918 1.8144 1.73859 1.76441 1.70872 1.78032 1.80672 1.62771
1.7782 1.78356 1.77904 1.62778 1.79199 1.73823 1.76617 1.67182 1.69786 1.67973 1.75386 1.70944 1.81128 1.8015 1.8181 1.77137 1.84358 1.74061 1.79221 1.81423 1.59937 1.8121 1.76863 1.82684 1.8127 1.70269 1.76285 1.75182 1.7575 1.69527 1.75942 1.70046 1.7736 1.81321 1.79745 1.69021 1.61387 1.78003 1.59254 1.75007 1.67259 1.75288 1.81548 1.82735 1.77881 1.80089 1.72563 1.80494 1.73606 1.72895 1.73849 1.77962 1.71574
1.80346 1.73224 1.80336 1.62803 1.80684 1.77657 1.73858 1.76375 1.74991 1.81798 1.78764 1.81623 1.70261 1.7788 1.8026 1.79329 1.77772 1.8334 1.8227 1.78917 1.76853 1.79864 1.66229 1.71382 1.80259 1.78055 1.76588 1.70779 1.64251 1.67446 1.74728 1.74783 1.81785 1.81059 1.8014 1.63924 1.65525 1.76509 1.75376 1.77243 1.73532 1.75948 1.62622 1.71905 1.80417 1.84862 1.80118 1.73409 1.81534
1.74597 1.69925 1.75444 1.77274 1.73752 1.74044 1.79542 1.71883 1.81374 1.76627 1.59533 1.83692 1.80268 1.79191 1.74993 1.70501 1.80767 1.70494 1.78961 1.73402 1.78969 1.75433 1.76405 1.73735 1.68495 1.72534 1.82017 1.75875 1.75234 1.79344 1.77855 1.65404 1.70924 1.75145 1.78511 1.8325 1.72705 1.76982 1.83949 1.8185 1.80272 1.71333 1.74921 1.78809 1.77043 1.7309 1.72639 1.73323 1.78513
1.6985 1.60673 1.70425 1.80233 1.75024 1.56706 1.62967 1.8085 1.74656 1.7181 1.57881 1.55104 1.6843 1.74391 1.79614 1.67376 1.79825 1.7538 1.76645 1.56876 1.74778 1.79409 1.64008 1.67007 1.6389 1.73136 1.73484 1.66348 1.77211 1.70299 1.73136 1.6924 1.7681 1.78964 1.67856 1.67482 1.65622 1.62548 1.62787 1.72964 1.66197 1.67409 1.60962 1.77566 1.66351 1.669 1.71548 1.71728 1.64826 1.81877 1.67695 1.75418 1.65902 1.83873 1.74569 1.74417
1.84954 1.75891 1.75062 1.79984 1.76461 1.75707 1.7243 1.7611 1.74061 1.79285 1.7234 1.6789 1.76075 1.73076 1.74546 1.78889 1.79409 1.72478 1.74857 1.64178 1.79275 1.75758 1.79017 1.5701 1.77182 1.71022 1.7939 1.78071 1.64784 1.76303 1.7661 1.77181 1.7157 1.78421 1.74695 1.74858 1.74928 1.73206 1.74654 1.75297 1.70967 1.73327 1.63124 1.77181 1.83502 1.80809 1.81044 1.79011 1.80441 1.78221
