1.78052 1.79719 1.78962 1.80182 1.79847 1.75457 1.7185 1.80254 1.78059 1.74465 1.79926 1.73441 1.78383 1.6758 1.76798 1.76982 1.80753 1.65196 1.70703 1.72262 1.72262 1.72907 1.72774 1.76268 1.6785 1.71649 1.76034 1.67583 1.77174 1.80544 1.81038 1.81631 1.77794 1.80653 1.68753 1.81756 1.71605 1.77443 1.78713 1.76883 1.76067 1.68383 1.75707 1.79493 1.80487 1.74784 1.80481 1.80973 1.76448 1.69928 1.78197 1.76772 1.79943 1.79096 1.71457 1.7974 1.70201 1.7923 1.80329 1.781 1.63276 1.72868 1.7395 1.79066 1.81096 1.7893 1.77078 1.66343 1.7421 1.74939
1.69612 1.74599 1.7572 1.80145 1.67083 1.76536 1.7572 1.7326 1.75748 1.77682 1.77504 1.81525 1.72854 1.79651 1.79403 1.67384 1.76518 1.7329 1.66464 1.69312 1.7102 1.81178 1.70682 1.79465 1.81156 1.67509 1.75491 1.75892 1.6589 1.71806 1.81897 1.76508 1.7295 1.83045 1.74536 1.67257 1.71164 1.67455 1.70643 1.69707 1.70134 1.74098 1.80845 1.78689 1.775 1.7827 1.78561 1.73577 1.78822 1.79365 1.53077 1.74521 1.75487 1.76989 1.79393 1.75604 1.6907 1.68027 1.75361 1.7697 1.7321 1.68721
1.75432 1.73967 1.76399 1.77308 1.81517 1.75072 1.76555 1.75081 1.75486 1.68023 1.76464 1.72096 1.71756 1.56543 1.74034 1.80893 1.67236 1.70888 1.76886 1.56196 1.69369 1.65388 1.76333 1.6893 1.70672 1.73771 1.67132 1.77657 1.72636 1.74544 1.70259 1.77073 1.68437 1.77418 1.81037 1.83634 1.78927 1.7433 1.6617 1.58454 1.79934 1.58198 1.73397 1.64963 1.73257 1.74945 1.70577 1.76765 1.75556 1.79129 1.57263 1.77297 1.77988
1.74484 1.67602 1.82518 1.73659 1.69039 1.7276 1.7543 1.77242 1.68874 1.77998 1.78021 1.77923 1.74954 1.69892 1.71221 1.78365 1.77938 1.76052 1.78152 1.76052 1.74222 1.72789 1.78239 1.71712 1.73895 1.82822 1.77153 1.77127 1.79509 1.76716 1.7986 1.8218 1.76359 1.79773 1.78919 1.79922 1.7701 1.81261 1.76018 1.62703 1.75924 1.67211 1.79298 1.80633 1.79273 1.82604 1.73854 1.77532 1.75992
1.75376 1.74108 1.74624 1.77461 1.72434 1.79891 1.66684 1.81216 1.77494 1.80501 1.80373 1.78925 1.77067 1.78949 1.6881 1.75311 1.79919 1.77795 1.72807 1.75157 1.69522 1.75425 1.72811 1.68208 1.69836 1.75596 1.77973 1.80881 1.83424 1.75167 1.75069 1.75553 1.70319 1.72736 1.73206 1.77017 1.57625 1.69635 1.8207 1.71384 1.8013 1.7289 1.72189 1.78121 1.74071 1.7024 1.77086 1.78591 1.80282 1.76906 1.78131 1.72814 1.77626 1.78484 1.8055 1.83691 1.82528 1.78395 1.74849 1.75423 1.76953 1.80836 1.69912
1.80585 1.78343 1.74835 1.78002 1.75018 1.73758 1.82561 1.75699 1.65606 1.74043 1.78489 1.75658 1.76536 1.79056 1.71532 1.75156 1.76537 1.79065 1.81315 1.75305 1.75028 1.65042 1.78333 1.71995 1.74726 1.69682 1.781 1.72398 1.72501 1.79362 1.71245 1.80902 1.71708 1.76531 1.8083 1.77052 1.79396 1.76237 1.72819 1.76109 1.79164 1.68586 1.78586 1.70209 1.7906
1.72453 1.45613 1.60808 1.79591 1.82137 1.72835 1.6709 1.79056 1.62407 1.76912 1.80919 1.70968 1.73926 1.69694 1.75328 1.80227 1.76267 1.78746 1.72164 1.72709 1.76483 1.78647 1.74824 1.70071 1.75786 1.80698 1.76081 1.73836 1.75924 1.62077 1.72047 1.763 1.76705 1.79505 1.62239 1.79737 1.72385 1.7303 1.75649 1.81768 1.72296 1.78578 1.77415 1.78559 1.76924 1.77467 1.70683 1.77794 1.82682 1.61512 1.75585 1.79064 1.77733 1.60793 1.78876 1.73302 1.69895
1.7844 1.75171 1.79409 1.71046 1.57308 1.67868 1.64813 1.79169 1.66733 1.63696 1.72166 1.7457 1.77499 1.7103 1.77379 1.74292 1.71629 1.68858 1.6791 1.74696 1.732 1.73806 1.81188 1.69207 1.753 1.70389 1.7853 1.7437 1.69463 1.70555 1.70977 1.71962 1.78194 1.76227 1.75432 1.77128 1.76296 1.75577 1.78723 1.77866 1.76397 1.77138 1.81319 1.7131 1.81856 1.80283 1.65941 1.74639 1.69908 1.75578 1.77505 1.77042
1.7806 1.8001 1.7556 1.78869 1.76901 1.77765 1.72939 1.7701 1.73699 1.77447 1.77965 1.81707 1.81774 1.73227 1.71377 1.75658 1.74918 1.75712 1.77313 1.70343 1.78976 1.72196 1.74099 1.78761 1.7986 1.75832 1.7382 1.76831 1.77396 1.75939 1.78839 1.58161 1.71868 1.83842 1.72914 1.80321 1.7644 1.80071 1.72931 1.7913 1.76163 1.74523 1.7608 1.74027 1.80762 1.79719 1.79386 1.74089 1.79513 1.75841
1.84954 1.75891 1.75062 1.79984 1.76461 1.75707 1.7243 1.7611 1.74061 1.79285 1.7234 1.6789 1.76075 1.73076 1.74546 1.78889 1.79409 1.72478 1.74857 1.64178 1.79275 1.75758 1.79017 1.5701 1.77182 1.71022 1.7939 1.78071 1.64784 1.76303 1.7661 1.77181 1.7157 1.78421 1.74695 1.74858 1.74928 1.73206 1.74654 1.75297 1.70967 1.73327 1.63124 1.77181 1.83502 1.80809 1.81044 1.79011 1.80441 1.78221
1.78175 1.70436 1.73006 1.80466 1.76451 1.70249 1.69091 1.72522 1.64449 1.74439 1.75919 1.69833 1.71083 1.76816 1.74569 1.63017 1.718 1.6707 1.82561 1.62709 1.79606 1.71903 1.7278 1.76585 1.72156 1.75597 1.65388 1.67221 1.76402 1.74358 1.71578 1.69949 1.69552 1.78985 1.76825 1.68994 1.84288 1.71788 1.78238 1.75304 1.74582 1.76343 1.74622 1.78398 1.83535 1.74706 1.84986 1.81469 1.76693 1.72374 1.80647 1.77194 1.7472 1.75819 1.7488 1.76593 1.6786 1.75736 1.82229 1.70004 1.5939 1.64662 1.77633 1.6532 1.73434
1.7782 1.78356 1.77904 1.62778 1.79199 1.73823 1.76617 1.67182 1.69786 1.67973 1.75386 1.70944 1.81128 1.8015 1.8181 1.77137 1.84358 1.74061 1.79221 1.81423 1.59937 1.8121 1.76863 1.82684 1.8127 1.70269 1.76285 1.75182 1.7575 1.69527 1.75942 1.70046 1.7736 1.81321 1.79745 1.69021 1.61387 1.78003 1.59254 1.75007 1.67259 1.75288 1.81548 1.82735 1.77881 1.80089 1.72563 1.80494 1.73606 1.72895 1.73849 1.77962 1.71574
1.74597 1.69925 1.75444 1.77274 1.73752 1.74044 1.79542 1.71883 1.81374 1.76627 1.59533 1.83692 1.80268 1.79191 1.74993 1.70501 1.80767 1.70494 1.78961 1.73402 1.78969 1.75433 1.76405 1.73735 1.68495 1.72534 1.82017 1.75875 1.75234 1.79344 1.77855 1.65404 1.70924 1.75145 1.78511 1.8325 1.72705 1.76982 1.83949 1.8185 1.80272 1.71333 1.74921 1.78809 1.77043 1.7309 1.72639 1.73323 1.78513
1.7759 1.74796 1.74958 1.82512 1.81718 1.75517 1.75015 1.81887 1.77649 1.68727 1.74918 1.77445 1.71607 1.82267 1.79004 1.79987 1.75317 1.73732 1.6957 1.79386 1.73295 1.82784 1.78286 1.81734 1.82237 1.78047 1.81229 1.74596 1.76309 1.79749 1.73094 1.63129 1.83041 1.80037 1.77586 1.8043 1.78464 1.83151 1.76334 1.72568 1.78901 1.75583 1.76691 1.82074 1.80863 1.7563 1.84138 1.76933 1.82688 1.73096 1.84172
