1.76165 1.82204 1.81807 1.80342 1.72506 1.81879 1.78349 1.82973 1.82625 1.80909 1.81384 1.82425 1.77447 1.76892 1.73923 1.80552 1.76938 1.81994 1.81289 1.79027 1.82324 1.84567 1.80787 1.79965 1.77957 1.82667 1.83753 1.81402 1.83518 1.81435 1.83207 1.72983 1.82668 1.83077 1.81072 1.83642 1.78388 1.79999 1.80646 1.75464 1.85244 1.78345 1.67354 1.81112 1.83421 1.7872 1.79473 1.7407 1.79692 1.83166 1.69297 1.78356 1.71839 1.77003 1.69941 1.81863 1.77431 1.74227 1.80466 1.82956 1.76738 1.79784 1.84479 1.75926 1.83495 1.75631 1.79985 1.83127 1.84754 1.80207 1.84505 1.83307 1.80058 1.7874 1.77201 1.74956 1.69045 1.8034
1.72699 1.80445 1.8104 1.77638 1.77741 1.80902 1.8144 1.80988 1.80762 1.84291 1.75472 1.79316 1.84117 1.71093 1.65841 1.77242 1.76531 1.83709 1.714 1.80944 1.82445 1.80179 1.73825 1.7669 1.75416 1.69158 1.75285 1.76679 1.77988 1.83527 1.77426 1.7654 1.79943 1.75931 1.75055 1.78636 1.81667 1.83626 1.84425 1.7719 1.77753 1.78829 1.84738 1.73695 1.8199 1.75993 1.79151 1.78611 1.81374 1.79275 1.82343 1.82963 1.81436 1.78076 1.80336 1.80118 1.8005 1.78267 1.77487 1.78591 1.81522
1.6893 1.76042 1.77597 1.7757 1.74155 1.70827 1.72029 1.69409 1.80147 1.76284 1.79943 1.76686 1.7954 1.76916 1.75214 1.78048 1.77312 1.75697 1.73381 1.7586 1.78065 1.79758 1.83868 1.82613 1.78463 1.7994 1.78504 1.77052 1.72596 1.74705 1.69443 1.7707 1.76131 1.8439 1.6936 1.72767 1.80247 1.54307 1.76498 1.79657 1.80143 1.79941 1.73354 1.68535 1.74939 1.83259 1.75257
1.82973 1.80739 1.77539 1.7841 1.80254 1.84423 1.81157 1.81301 1.81196 1.83038 1.81472 1.82283 1.82224 1.78492 1.79033 1.81534 1.8117 1.80337 1.78558 1.79674 1.83272 1.80403 1.84938 1.79629 1.84042 1.67066 1.8047 1.81349 1.81063 1.81298 1.81462 1.81381 1.79547 1.83419 1.83407 1.84693 1.80577 1.74658 1.82781 1.81523 1.8362 1.79177 1.83708 1.82407 1.8041 1.77952 1.80909 1.74021 1.79901 1.77922 1.8332 1.83264 1.83135 1.79597 1.80911 1.77024 1.77027 1.8271
1.74295 1.74782 1.75354 1.66122 1.7558 1.77731 1.64869 1.796 1.77636 1.75627 1.67611 1.75825 1.74258 1.7466 1.71947 1.81591 1.72699 1.80359 1.79249 1.58784 1.77498 1.7275 1.77041 1.77824 1.72967 1.81141 1.69626 1.83888 1.68037 1.71061 1.81532 1.76804 1.74333 1.77397 1.66041 1.60039 1.72496 1.72327 1.71572 1.68236 1.7701 1.75662 1.77086 1.78576 1.68785 1.6644 1.55137 1.59091 1.76812 1.77533 1.69442 1.7279 1.66209
1.82398 1.81038 1.72322 1.83399 1.68963 1.77073 1.81234 1.84723 1.74756 1.80641 1.80443 1.792 1.84304 1.83595 1.8112 1.80489 1.81808 1.80489 1.81147 1.85136 1.8054 1.74081 1.80951 1.82095 1.79848 1.83437 1.80109 1.7263 1.79968 1.80284 1.79404 1.76416 1.82316 1.75556 1.71059 1.78544 1.81415 1.83203 1.82384 1.81967 1.82033 1.82052 1.75914 1.80178 1.83761 1.78477 1.84421 1.81053 1.66786 1.8271 1.74908 1.81594 1.8133 1.82301 1.74179 1.85016 1.79377 1.76554 1.80702 1.80286 1.81616 1.81503 1.82924 1.78131 1.8359 1.80725 1.76216
1.79077 1.82857 1.81689 1.83181 1.82306 1.73399 1.81553 1.77935 1.81253 1.84235 1.79764 1.82398 1.83239 1.65303 1.78246 1.76023 1.81856 1.72704 1.72704 1.82799 1.77097 1.81973 1.7661 1.81408 1.75874 1.73005 1.81443 1.75713 1.76596 1.76379 1.80634 1.79816 1.82418 1.82828 1.82316 1.83552 1.82208 1.84067 1.81475 1.83513 1.81202 1.79328 1.79957 1.85677 1.82684 1.78825
1.73656 1.78494 1.79047 1.80634 1.79885 1.81978 1.74608 1.83311 1.76247 1.80232 1.82654 1.80928 1.81121 1.74028 1.83699 1.8107 1.79239 1.82832 1.81187 1.81804 1.83089 1.82456 1.8489 1.82062 1.84026 1.81115 1.81162 1.78829 1.8493 1.83922 1.80491 1.82805 1.83077 1.84329 1.79742 1.77936 1.77728 1.83301 1.82914 1.81062 1.82818 1.77056 1.82581 1.82477 1.76545 1.77949 1.82276 1.73447 1.81059 1.84158 1.80344 1.79577 1.79209 1.81524 1.79589 1.78876
1.77829 1.78603 1.76927 1.79992 1.81435 1.81275 1.81936 1.79572 1.74955 1.81046 1.77318 1.77006 1.79944 1.7834 1.82219 1.8231 1.74674 1.7576 1.71286 1.68226 1.77638 1.85853 1.75975 1.75824 1.76263 1.75769 1.79622 1.77219 1.83943 1.78113 1.83444 1.79686 1.77585 1.83076 1.81369 1.82042 1.76863 1.82244 1.79422 1.71672 1.76675 1.79486 1.73194 1.77335 1.79122 1.84099 1.72576 1.80089 1.75188 1.81633
1.80149 1.83028 1.77154 1.82961 1.80884 1.82676 1.79592 1.8424 1.79466 1.80573 1.83155 1.81541 1.80451 1.80685 1.80989 1.82172 1.78309 1.77752 1.84397 1.84129 1.81098 1.81888 1.85279 1.79873 1.74777 1.7781 1.84312 1.82041 1.80697 1.82844 1.82351 1.71173 1.83323 1.7903 1.62543 1.83539 1.81481 1.7586 1.84623 1.82512 1.80014 1.81987 1.81088 1.84998 1.80841 1.79424 1.77966 1.81462 1.75937 1.81559 1.79381 1.82744 1.80773
1.7862 1.78376 1.79273 1.82243 1.81461 1.79544 1.80678 1.78251 1.81427 1.81696 1.76023 1.82432 1.81764 1.80697 1.79192 1.80313 1.80752 1.80932 1.78162 1.80113 1.83818 1.76946 1.81559 1.83767 1.8545 1.78711 1.83767 1.82304 1.82387 1.82608 1.78711 1.83307 1.78938 1.79841 1.78711 1.82257 1.79827 1.79167 1.81439 1.82988 1.79568 1.76572 1.836 1.82625 1.80799 1.82897 1.81762 1.76361 1.80618 1.80415 1.81573 1.79563 1.83221 1.82456 1.78332 1.80134 1.8163
1.79786 1.80764 1.85418 1.79181 1.82616 1.85483 1.83427 1.8293 1.83488 1.84617 1.78705 1.79255 1.85107 1.8372 1.82371 1.66296 1.78568 1.83667 1.80735 1.80005 1.80268 1.77851 1.78941 1.77627 1.82927 1.78997 1.84429 1.79952 1.81354 1.8041 1.80557 1.80354 1.80431 1.83732 1.7951 1.76664 1.82638 1.82126 1.77265 1.82409 1.77026 1.79029 1.79838 1.79126 1.81949 1.77691 1.80711 1.78684 1.81349 1.82173 1.82258 1.8429 1.83236 1.78326 1.80145 1.83134
1.81884 1.82113 1.8084 1.75354 1.82031 1.79621 1.83694 1.74119 1.76664 1.81713 1.81557 1.80514 1.80937 1.73774 1.79984 1.7811 1.7758 1.81023 1.75641 1.78338 1.68182 1.78907 1.74252 1.8158 1.78222 1.83583 1.8243 1.78899 1.77607 1.81696 1.79826 1.81064 1.79933 1.78476 1.82795 1.82779 1.76845 1.69543 1.83867 1.83403 1.84761 1.75604 1.81047 1.78294 1.82098 1.79913 1.82025 1.81508 1.80926 1.80863 1.79252 1.76157 1.81133 1.78213 1.80544 1.79264 1.80455 1.80332 1.79284 1.77537
1.79239 1.73641 1.78995 1.79491 1.83492 1.67015 1.79025 1.77226 1.64051 1.81225 1.73561 1.71221 1.79269 1.62702 1.79554 1.71963 1.75238 1.76641 1.67129 1.76455 1.70191 1.81621 1.77401 1.77603 1.78947 1.78139 1.6855 1.77243 1.75818 1.77218 1.76294 1.60517 1.73133 1.81887 1.80988 1.65401 1.76179 1.73683 1.72224 1.84519 1.7472 1.79761 1.66385 1.72559 1.63717 1.72157 1.78812 1.77 1.81611 1.80527 1.82623
1.82237 1.70425 1.57792 1.74469 1.687 1.77262 1.74445 1.76643 1.76484 1.74408 1.68726 1.79229 1.65114 1.73289 1.74435 1.75977 1.8096 1.74177 1.71575 1.71246 1.8149 1.66047 1.77119 1.73395 1.7535 1.73967 1.76058 1.72912 1.83184 1.64577 1.69789 1.77622 1.70145 1.78414 1.74663 1.80971 1.79541 1.70936 1.72785 1.80834 1.76865 1.73404 1.75441 1.80963 1.77458 1.7414 1.73012 1.71983
1.80171 1.73807 1.77963 1.74227 1.83813 1.81556 1.77918 1.78665 1.78592 1.83611 1.80654 1.80559 1.82283 1.80613 1.82957 1.79559 1.78426 1.7959 1.84149 1.80348 1.84298 1.81526 1.84145 1.84159 1.80486 1.81202 1.81274 1.73587 1.79507 1.84279 1.80236 1.79759 1.76674 1.6911 1.83997 1.84619 1.84684 1.64394 1.81772 1.81957 1.8303 1.82649 1.61606 1.79843 1.79509 1.8067 1.79956 1.76512 1.79319 1.85126 1.79568
