1.76302 1.77521 1.80132 1.76161 1.76763 1.73174 1.7128 1.77521 1.83004 1.73208 1.83555 1.82764 1.75018 1.82219 1.81596 1.8349 1.8071 1.84415 1.83408 1.73845 1.83738 1.79487 1.81477 1.79018 1.82582 1.83891 1.67033 1.76703 1.83891 1.83202 1.84056 1.77557 1.8283 1.81033 1.77696 1.80705 1.83588 1.83312 1.83803 1.80161 1.82971 1.83245 1.78998 1.8073 1.82972
1.66682 1.81004 1.77296 1.70914 1.71511 1.79834 1.70148 1.69226 1.61608 1.64916 1.75584 1.80996 1.8176 1.68511 1.75294 1.72543 1.74506 1.77438 1.74894 1.7294 1.70418 1.71708 1.72826 1.76631 1.68491 1.75321 1.77995 1.71017 1.80692 1.823 1.80497 1.72766 1.79448 1.74595 1.61562 1.71689 1.72087 1.68717 1.74862 1.71441 1.6673 1.80332 1.78037 1.73175 1.66277 1.76371 1.75538 1.73897
1.78642 1.80955 1.84629 1.79518 1.78676 1.79518 1.79109 1.7448 1.81397 1.77569 1.80841 1.79769 1.79909 1.81358 1.79169 1.79909 1.7564 1.69154 1.81116 1.80504 1.74776 1.75809 1.81652 1.82616 1.79132 1.82579 1.79042 1.78576 1.81944 1.80443 1.80335 1.81293 1.80705 1.84095 1.82795 1.84794 1.84319 1.75852 1.79712 1.82872 1.80832 1.82432 1.7962 1.79889 1.7289 1.77969 1.79119 1.83258 1.80665 1.72674
1.79239 1.73641 1.78995 1.79491 1.83492 1.67015 1.79025 1.77226 1.64051 1.81225 1.73561 1.71221 1.79269 1.62702 1.79554 1.71963 1.75238 1.76641 1.67129 1.76455 1.70191 1.81621 1.77401 1.77603 1.78947 1.78139 1.6855 1.77243 1.75818 1.77218 1.76294 1.60517 1.73133 1.81887 1.80988 1.65401 1.76179 1.73683 1.72224 1.84519 1.7472 1.79761 1.66385 1.72559 1.63717 1.72157 1.78812 1.77 1.81611 1.80527 1.82623
1.7942 1.77087 1.82928 1.78278 1.81824 1.77076 1.79273 1.7752 1.75167 1.80642 1.79388 1.85433 1.75135 1.76231 1.74847 1.81538 1.74073 1.80702 1.75481 1.80698 1.7486 1.78061 1.78541 1.77162 1.76567 1.79827 1.81624 1.83938 1.79834 1.78427 1.82157 1.80618 1.80336 1.82553 1.841 1.77936 1.81867 1.7922 1.81985 1.75808 1.80401 1.79812 1.78625 1.77998 1.83208 1.76755
1.73802 1.82855 1.79974 1.81639 1.76731 1.7881 1.85072 1.83349 1.80836 1.85707 1.82295 1.8078 1.84044 1.83398 1.82279 1.86111 1.80116 1.84755 1.8088 1.84193 1.82906 1.80929 1.74808 1.8428 1.86898 1.84141 1.82005 1.80214 1.79777 1.73013 1.73281 1.83755 1.84993 1.85224 1.84926 1.82004 1.84917 1.80825 1.815 1.85211 1.84724 1.75991 1.83357 1.77536 1.82423
1.6893 1.76042 1.77597 1.7757 1.74155 1.70827 1.72029 1.69409 1.80147 1.76284 1.79943 1.76686 1.7954 1.76916 1.75214 1.78048 1.77312 1.75697 1.73381 1.7586 1.78065 1.79758 1.83868 1.82613 1.78463 1.7994 1.78504 1.77052 1.72596 1.74705 1.69443 1.7707 1.76131 1.8439 1.6936 1.72767 1.80247 1.54307 1.76498 1.79657 1.80143 1.79941 1.73354 1.68535 1.74939 1.83259 1.75257
1.72699 1.80445 1.8104 1.77638 1.77741 1.80902 1.8144 1.80988 1.80762 1.84291 1.75472 1.79316 1.84117 1.71093 1.65841 1.77242 1.76531 1.83709 1.714 1.80944 1.82445 1.80179 1.73825 1.7669 1.75416 1.69158 1.75285 1.76679 1.77988 1.83527 1.77426 1.7654 1.79943 1.75931 1.75055 1.78636 1.81667 1.83626 1.84425 1.7719 1.77753 1.78829 1.84738 1.73695 1.8199 1.75993 1.79151 1.78611 1.81374 1.79275 1.82343 1.82963 1.81436 1.78076 1.80336 1.80118 1.8005 1.78267 1.77487 1.78591 1.81522
1.80149 1.83028 1.77154 1.82961 1.80884 1.82676 1.79592 1.8424 1.79466 1.80573 1.83155 1.81541 1.80451 1.80685 1.80989 1.82172 1.78309 1.77752 1.84397 1.84129 1.81098 1.81888 1.85279 1.79873 1.74777 1.7781 1.84312 1.82041 1.80697 1.82844 1.82351 1.71173 1.83323 1.7903 1.62543 1.83539 1.81481 1.7586 1.84623 1.82512 1.80014 1.81987 1.81088 1.84998 1.80841 1.79424 1.77966 1.81462 1.75937 1.81559 1.79381 1.82744 1.80773
1.79077 1.82857 1.81689 1.83181 1.82306 1.73399 1.81553 1.77935 1.81253 1.84235 1.79764 1.82398 1.83239 1.65303 1.78246 1.76023 1.81856 1.72704 1.72704 1.82799 1.77097 1.81973 1.7661 1.81408 1.75874 1.73005 1.81443 1.75713 1.76596 1.76379 1.80634 1.79816 1.82418 1.82828 1.82316 1.83552 1.82208 1.84067 1.81475 1.83513 1.81202 1.79328 1.79957 1.85677 1.82684 1.78825
1.76165 1.82204 1.81807 1.80342 1.72506 1.81879 1.78349 1.82973 1.82625 1.80909 1.81384 1.82425 1.77447 1.76892 1.73923 1.80552 1.76938 1.81994 1.81289 1.79027 1.82324 1.84567 1.80787 1.79965 1.77957 1.82667 1.83753 1.81402 1.83518 1.81435 1.83207 1.72983 1.82668 1.83077 1.81072 1.83642 1.78388 1.79999 1.80646 1.75464 1.85244 1.78345 1.67354 1.81112 1.83421 1.7872 1.79473 1.7407 1.79692 1.83166 1.69297 1.78356 1.71839 1.77003 1.69941 1.81863 1.77431 1.74227 1.80466 1.82956 1.76738 1.79784 1.84479 1.75926 1.83495 1.75631 1.79985 1.83127 1.84754 1.80207 1.84505 1.83307 1.80058 1.7874 1.77201 1.74956 1.69045 1.8034
1.82398 1.81038 1.72322 1.83399 1.68963 1.77073 1.81234 1.84723 1.74756 1.80641 1.80443 1.792 1.84304 1.83595 1.8112 1.80489 1.81808 1.80489 1.81147 1.85136 1.8054 1.74081 1.80951 1.82095 1.79848 1.83437 1.80109 1.7263 1.79968 1.80284 1.79404 1.76416 1.82316 1.75556 1.71059 1.78544 1.81415 1.83203 1.82384 1.81967 1.82033 1.82052 1.75914 1.80178 1.83761 1.78477 1.84421 1.81053 1.66786 1.8271 1.74908 1.81594 1.8133 1.82301 1.74179 1.85016 1.79377 1.76554 1.80702 1.80286 1.81616 1.81503 1.82924 1.78131 1.8359 1.80725 1.76216
1.82973 1.80739 1.77539 1.7841 1.80254 1.84423 1.81157 1.81301 1.81196 1.83038 1.81472 1.82283 1.82224 1.78492 1.79033 1.81534 1.8117 1.80337 1.78558 1.79674 1.83272 1.80403 1.84938 1.79629 1.84042 1.67066 1.8047 1.81349 1.81063 1.81298 1.81462 1.81381 1.79547 1.83419 1.83407 1.84693 1.80577 1.74658 1.82781 1.81523 1.8362 1.79177 1.83708 1.82407 1.8041 1.77952 1.80909 1.74021 1.79901 1.77922 1.8332 1.83264 1.83135 1.79597 1.80911 1.77024 1.77027 1.8271
1.82237 1.70425 1.57792 1.74469 1.687 1.77262 1.74445 1.76643 1.76484 1.74408 1.68726 1.79229 1.65114 1.73289 1.74435 1.75977 1.8096 1.74177 1.71575 1.71246 1.8149 1.66047 1.77119 1.73395 1.7535 1.73967 1.76058 1.72912 1.83184 1.64577 1.69789 1.77622 1.70145 1.78414 1.74663 1.80971 1.79541 1.70936 1.72785 1.80834 1.76865 1.73404 1.75441 1.80963 1.77458 1.7414 1.73012 1.71983
1.81884 1.82113 1.8084 1.75354 1.82031 1.79621 1.83694 1.74119 1.76664 1.81713 1.81557 1.80514 1.80937 1.73774 1.79984 1.7811 1.7758 1.81023 1.75641 1.78338 1.68182 1.78907 1.74252 1.8158 1.78222 1.83583 1.8243 1.78899 1.77607 1.81696 1.79826 1.81064 1.79933 1.78476 1.82795 1.82779 1.76845 1.69543 1.83867 1.83403 1.84761 1.75604 1.81047 1.78294 1.82098 1.79913 1.82025 1.81508 1.80926 1.80863 1.79252 1.76157 1.81133 1.78213 1.80544 1.79264 1.80455 1.80332 1.79284 1.77537
1.79334 1.80533 1.80143 1.77812 1.82197 1.82497 1.7884 1.82184 1.79025 1.7852 1.73161 1.80654 1.82057 1.81568 1.80042 1.84142 1.84867 1.78963 1.82728 1.81013 1.82776 1.84816 1.81645 1.86122 1.81173 1.80818 1.82321 1.79456 1.79805 1.81528 1.78224 1.7795 1.8144 1.79956 1.81321 1.81735 1.82073 1.82901 1.79228 1.8284 1.81076 1.78858 1.80249 1.84057 1.83142 1.77273 1.81269 1.82391 1.79987 1.81169 1.79758 1.80165 1.80481 1.7967 1.84583 1.77867 1.77781 1.79738
1.68692 1.7791 1.63446 1.73721 1.76921 1.74527 1.71066 1.74419 1.68845 1.77338 1.77221 1.71621 1.78189 1.80391 1.81944 1.77655 1.75551 1.7455 1.79481 1.74207 1.72693 1.67718 1.71198 1.71871 1.64826 1.79048 1.72736 1.70653 1.70309 1.81679 1.70933 1.63198 1.75768 1.79845 1.79888 1.72416 1.68324 1.80098 1.70021 1.79863 1.75044 1.78292 1.76887 1.75824 1.77994 1.79035 1.75522 1.71938 1.7689 1.70373 1.72877
1.7306 1.77682 1.61561 1.53057 1.53075 1.73346 1.7578 1.76639 1.79403 1.77973 1.8265 1.77744 1.76132 1.73279 1.73216 1.80134 1.78656 1.80592 1.67127 1.73236 1.65151 1.65077 1.74288 1.73849 1.8062 1.69287 1.71365 1.81546 1.77492 1.73533 1.67059 1.74473 1.78566 1.65301 1.74033 1.77401 1.73424 1.6858 1.71925 1.70991 1.77354 1.78723 1.78169 1.69386 1.64997 1.66286 1.80114 1.75553 1.76921
1.72291 1.82122 1.74167 1.75595 1.80983 1.77103 1.80866 1.7849 1.62153 1.68892 1.70313 1.78303 1.78729 1.79922 1.74004 1.74805 1.74788 1.77938 1.74626 1.75234 1.7978 1.73388 1.75425 1.78565 1.66084 1.8066 1.80219 1.7729 1.80601 1.75255 1.7011 1.77282 1.85973 1.82132 1.82023 1.72436 1.8046
1.77961 1.86024 1.81089 1.83471 1.78457 1.69581 1.83804 1.79944 1.79658 1.83028 1.77497 1.80911 1.74035 1.76179 1.76842 1.80148 1.81923 1.77653 1.7843 1.73844 1.8043 1.81235 1.75741 1.7785 1.7619 1.75852 1.74304 1.73874 1.7408 1.71989 1.64923 1.80474 1.7951 1.72522 1.76448 1.78067 1.79478 1.80703 1.67034 1.75205 1.80646 1.76227 1.8265 1.79084 1.69117 1.74867 1.80824 1.78258 1.82029 1.72225 1.72498 1.70745 1.76952 1.65987 1.78343
1.79001 1.66759 1.73575 1.66725 1.81009 1.7524 1.75079 1.6388 1.75185 1.72111 1.71586 1.72838 1.72194 1.77981 1.75765 1.71226 1.6929 1.78779 1.73927 1.69833 1.77785 1.71918 1.67049 1.73193 1.71786 1.7976 1.71691 1.73091 1.74341 1.76853 1.78393 1.60663 1.75081 1.80164 1.81874 1.7811 1.76794 1.76132 1.63728 1.72167 1.78446 1.68383 1.72319 1.79304 1.62026 1.78032
1.69934 1.62348 1.76983 1.60993 1.75351 1.82921 1.77839 1.72463 1.80713 1.73287 1.7576 1.77689 1.62271 1.79833 1.76655 1.75374 1.83697 1.75439 1.75552 1.74858 1.78145 1.79493 1.78243 1.72872 1.72607 1.70973 1.78649 1.76564 1.79427 1.68331 1.67322 1.84827 1.78592 1.78725 1.75951 1.79489 1.77089 1.80918 1.81759 1.80677 1.80149 1.79475 1.78079 1.81417 1.66505 1.71102 1.72994 1.75805 1.74077 1.80396 1.7569 1.7493 1.66789
1.7443 1.7793 1.76618 1.75088 1.76765 1.72221 1.69398 1.735 1.8182 1.78061 1.75028 1.78533 1.83761 1.69008 1.67406 1.776 1.56213 1.83243 1.83695 1.75993 1.79089 1.78934 1.74323 1.81568 1.71365 1.65944 1.79403 1.74514 1.67688 1.7997 1.76972 1.7228 1.76496 1.69283 1.77 1.84338 1.82549 1.76431 1.824
