1.76957 1.81231 1.77968 1.74652 1.78965 1.82118 1.79606 1.72881 1.79754 1.81492 1.77665 1.82164 1.80476 1.79068 1.81746 1.83115 1.82379 1.78414 1.80711 1.82777 1.78214 1.83985 1.8358 1.80338 1.79199 1.80854 1.79069 1.81022 1.79636 1.78064 1.77778 1.78284 1.81317 1.84476 1.81384 1.81421 1.79846 1.80968 1.82158 1.81679 1.80574 1.82076 1.80099 1.80347 1.77021 1.7912 1.79548 1.81236 1.8145 1.80799 1.80957 1.76247 1.8266 1.7972 1.7748 1.79952 1.79472 1.82627 1.80207 1.80153 1.82664 1.817 1.81794 1.83409 1.79952
1.82568 1.82128 1.83008 1.81787 1.81768 1.82155 1.85325 1.7422 1.83597 1.84296 1.79579 1.81331 1.8191 1.81629 1.83003 1.85045 1.83085 1.83135 1.81769 1.80965 1.80686 1.81882 1.81396 1.79639 1.8247 1.83036 1.83081 1.79943 1.82863 1.80871 1.84815 1.82236 1.81135 1.82645 1.84294 1.80053 1.7836 1.80186 1.83286 1.8057 1.83294 1.82644 1.81458 1.81748 1.81989
1.82442 1.81899 1.83556 1.85325 1.71518 1.78323 1.7973 1.80384 1.80947 1.79273 1.81876 1.82395 1.81812 1.82133 1.79266 1.84154 1.8202 1.82273 1.79907 1.78443 1.82082 1.83446 1.86533 1.79195 1.77965 1.79895 1.83251 1.81397 1.77087 1.78923 1.79982 1.79047 1.80251 1.78162 1.80309 1.76788 1.81851 1.8161 1.84444 1.7394 1.80996 1.81559 1.81768 1.79496 1.83892 1.8153 1.82935 1.79946 1.84067 1.76337
1.79526 1.79448 1.81513 1.82915 1.81056 1.8358 1.83134 1.82692 1.82766 1.83301 1.80453 1.82717 1.7892 1.77575 1.82253 1.8376 1.8189 1.81805 1.79127 1.83313 1.81126 1.79818 1.82512 1.80753 1.79974 1.79565 1.84639 1.79617 1.81785 1.80646 1.80794 1.78805 1.73512 1.82984 1.82297 1.82337 1.82861 1.80319 1.8427 1.78125 1.80032 1.80811 1.84152 1.78519 1.81659 1.80727 1.83559 1.79744 1.73391 1.80995 1.82079 1.79872 1.84487 1.83017
1.80229 1.82659 1.81455 1.76457 1.79557 1.81571 1.82735 1.7717 1.80157 1.84124 1.85819 1.80923 1.83304 1.84697 1.78047 1.83638 1.79924 1.79785 1.82075 1.85393 1.82163 1.82457 1.82872 1.8014 1.83313 1.83399 1.81318 1.84113 1.81284 1.81505 1.8367 1.8061 1.81335 1.80075 1.82129 1.83 1.76572 1.869 1.81749 1.81604 1.80362 1.80133 1.79295 1.81306 1.83179 1.80162 1.81289 1.82204 1.85887 1.79616 1.82808
1.83679 1.8067 1.83977 1.80337 1.83592 1.84569 1.80146 1.82966 1.81449 1.81534 1.8101 1.84156 1.82712 1.81227 1.84027 1.82183 1.83811 1.77219 1.79061 1.79535 1.78457 1.7452 1.80323 1.7669 1.81751 1.81053 1.84217 1.79737 1.83272 1.81465 1.82298 1.80732 1.80273 1.82953 1.80113 1.83225 1.82892 1.76375 1.81595 1.8219 1.7845 1.78283 1.82658 1.8052 1.82576 1.83965 1.80584 1.81955 1.81046 1.8018
1.8169 1.82975 1.81953 1.81234 1.83301 1.82131 1.85842 1.85561 1.84243 1.83942 1.82058 1.83083 1.82501 1.84598 1.84504 1.84782 1.85332 1.81582 1.80905 1.82155 1.82987 1.79773 1.80667 1.80734 1.83866 1.80267 1.79921 1.78502 1.81996 1.81636 1.78829 1.80201 1.8439 1.82458 1.76694 1.83779 1.81677
1.81666 1.80113 1.76272 1.78753 1.81565 1.78291 1.79486 1.78457 1.84943 1.79087 1.83469 1.78932 1.8316 1.84657 1.83832 1.81531 1.79007 1.78976 1.82531 1.803 1.85145 1.78753 1.82828 1.83556 1.83341 1.79801 1.83459 1.8254 1.81347 1.78896 1.80683 1.68246 1.81013 1.82238 1.78828 1.81826 1.82352 1.7687 1.84339 1.73731 1.82456 1.82277 1.79551 1.83699 1.82721 1.81567 1.80627 1.78494 1.78531 1.8173 1.84866
1.80476 1.80354 1.79193 1.8053 1.81701 1.7653 1.77948 1.81052 1.82367 1.78283 1.7587 1.74699 1.80656 1.77974 1.78294 1.80641 1.8095 1.77819 1.78324 1.7836 1.78671 1.81658 1.78297 1.7584 1.81267 1.76801 1.80244 1.77513 1.8112 1.80762 1.78355 1.78909 1.79493 1.82815 1.80058 1.78596 1.80235 1.78248 1.81983 1.81055 1.79983 1.78331 1.80339 1.76856 1.80217 1.77808 1.8087 1.78278 1.79655 1.78137
1.75352 1.77101 1.7069 1.76165 1.71921 1.74878 1.68763 1.79336 1.70907 1.75225 1.70242 1.66743 1.74125 1.72607 1.65277 1.73466 1.73614 1.73942 1.73641 1.67879 1.66175 1.75071 1.83471 1.76613 1.74701 1.6964 1.69588 1.76889 1.6952 1.71918 1.77271 1.70716 1.67783 1.69519 1.75026 1.71819 1.71999 1.70623 1.72231 1.63978 1.73363 1.73943 1.79017 1.76151 1.73719 1.61433 1.80087 1.70877 1.77103 1.71078 1.74327 1.67844 1.76902 1.65149 1.76939
1.74751 1.74019 1.77234 1.71158 1.73861 1.80615 1.76013 1.79264 1.80207 1.72103 1.79188 1.78329 1.8327 1.76592 1.821 1.77445 1.81232 1.80576 1.74915 1.81653 1.80336 1.79714 1.79784 1.78607 1.78337 1.80838 1.82543 1.80149 1.80123 1.79348 1.80873 1.7707 1.80009 1.78512 1.81788 1.77235 1.8134 1.79456 1.81121 1.75502 1.74933 1.79211 1.60174 1.6439 1.75444 1.75242 1.77635 1.72213 1.76449 1.76171 1.78657 1.69852
1.76749 1.69603 1.72915 1.61539 1.78561 1.76402 1.64512 1.7837 1.79176 1.75258 1.66599 1.81099 1.74128 1.78839 1.78611 1.75331 1.71821 1.7075 1.68797 1.69437 1.73409 1.43273 1.73899 1.7935 1.69569 1.62172 1.76283 1.78149 1.78333 1.83719 1.73197 1.80462 1.76982 1.78632 1.73244 1.76104 1.65904 1.80109 1.71716 1.69532 1.66011 1.74468 1.69837 1.63604 1.7285 1.77379 1.67667 1.65859 1.57811 1.63455 1.73885 1.65278 1.7407 1.6468
1.76861 1.75858 1.80085 1.81099 1.83029 1.82456 1.7989 1.82008 1.79916 1.80835 1.78841 1.80045 1.81787 1.8144 1.80914 1.81936 1.80413 1.81764 1.80106 1.79703 1.81218 1.83868 1.79855 1.78847 1.78923 1.73211 1.80996 1.80809 1.82007 1.81969 1.78035 1.78026 1.83308 1.82991 1.81915 1.78862 1.80817 1.82001 1.7879 1.84164 1.8146 1.80547 1.81197 1.8251 1.75982 1.71566 1.80734 1.77745 1.78007 1.77642 1.80349 1.82963 1.79615 1.80481 1.79622 1.81335 1.81521
1.7917 1.79959 1.81237 1.8312 1.82535 1.81345 1.82199 1.80073 1.82566 1.82888 1.80518 1.82103 1.81314 1.8363 1.83533 1.80912 1.8285 1.80002 1.76783 1.78602 1.80528 1.7826 1.83291 1.81149 1.83076 1.81435 1.82844 1.77265 1.73213 1.82683 1.81557 1.78924 1.83139 1.80671 1.79075 1.81055 1.82411 1.78866 1.81063 1.81652 1.83218 1.82657 1.81734 1.82695 1.84279 1.82952 1.80228 1.78932 1.79032 1.81498 1.82673 1.80533 1.82354 1.80026 1.81282 1.83159 1.79802 1.81515 1.79582
1.82755 1.82448 1.81704 1.8291 1.82114 1.83787 1.83873 1.81426 1.82946 1.77456 1.80971 1.82489 1.83733 1.78438 1.81851 1.82917 1.79752 1.78469 1.80522 1.81329 1.82514 1.79314 1.78469 1.81892 1.82956 1.80737 1.77939 1.80744 1.7939 1.81989 1.81864 1.82226 1.83702 1.8194 1.76358 1.80287 1.78355 1.81393 1.83729 1.8174 1.82268 1.81082
1.81788 1.80771 1.7569 1.78222 1.78842 1.68244 1.84821 1.80737 1.79872 1.81934 1.69543 1.72913 1.75326 1.76191 1.79903 1.80691 1.79031 1.76264 1.62865 1.80986 1.79185 1.7843 1.75482 1.79139 1.79708 1.78351 1.80153 1.74418 1.7749 1.77869 1.785 1.82229 1.80086 1.76607 1.76033
1.8388 1.81718 1.8215 1.78869 1.83688 1.83912 1.82908 1.789 1.77775 1.84569 1.82028 1.8403 1.8556 1.82855 1.81582 1.841 1.82259 1.80335 1.79167 1.77504 1.81301 1.79594 1.78159 1.81998 1.82111 1.78088 1.81044 1.80378 1.83959 1.8175 1.83613 1.82418 1.80545 1.80603 1.82042 1.81962 1.81648 1.82718 1.81882 1.82631 1.81142 1.87865 1.81355 1.79035 1.83875 1.81941 1.83934 1.82423 1.8312 1.83739 1.81593
1.82741 1.8254 1.82064 1.77425 1.82835 1.85256 1.82693 1.83782 1.82199 1.82375 1.78631 1.84976 1.82933 1.79145 1.82302 1.83937 1.84433 1.83125 1.80306 1.84951 1.85105 1.8404 1.82838 1.8173 1.81616 1.79959 1.81741 1.85171 1.8234 1.82778 1.81498 1.83686 1.84127 1.81065 1.82713 1.84865 1.82015 1.8202 1.81154 1.79902 1.84411 1.82591
1.78409 1.74967 1.80107 1.79502 1.75399 1.8079 1.81085 1.82173 1.82377 1.78061 1.703 1.81408 1.76316 1.72264 1.80086 1.58882 1.69843 1.71601 1.7346 1.75752 1.76759 1.81082 1.78432 1.75864 1.76654 1.76777 1.79124 1.78986 1.73755 1.76818 1.74354 1.74498 1.7388 1.76669 1.80054 1.78327 1.76064 1.72003 1.65418 1.7657 1.67175 1.82743 1.79486 1.79488 1.76542 1.79554
1.81009 1.74431 1.8267 1.82225 1.78757 1.76954 1.80725 1.79141 1.79948 1.80857 1.82485 1.825 1.82511 1.78589 1.8281 1.80267 1.83414 1.82511 1.81383 1.82772 1.74846 1.80439 1.83507 1.79269 1.79589 1.80968 1.77504 1.82582 1.81625 1.83048 1.80232 1.82947 1.81098 1.81278 1.83833 1.8191 1.76646 1.8285 1.8067 1.84576 1.79754 1.83367 1.82144 1.83201 1.81987 1.81447 1.83289
1.75647 1.80395 1.75516 1.83262 1.77347 1.7617 1.77938 1.81124 1.76238 1.7485 1.76188 1.78711 1.79787 1.75568 1.84509 1.81888 1.8415 1.77545 1.80587 1.81989 1.81505 1.82279 1.81371 1.79805 1.80622 1.83233 1.79674 1.8171 1.81323 1.83226 1.81344 1.78768 1.80286 1.80787 1.80728 1.78951 1.78597 1.77519 1.769 1.65784 1.77797 1.80491 1.73491
1.8525 1.77822 1.86193 1.77259 1.8207 1.80759 1.78741 1.8391 1.83325 1.81247 1.87818 1.79521 1.77042 1.83341 1.80558 1.81078 1.80734 1.80318 1.83658 1.79638 1.80828 1.74304 1.80828 1.81849 1.81363 1.77124 1.80084 1.79858 1.8234 1.82254 1.8069 1.76747 1.82938 1.81556 1.81351 1.76672 1.80472 1.79822 1.78073 1.82743 1.83765 1.73998 1.7918 1.80944 1.8028 1.76574 1.76785 1.82615 1.74981
1.83126 1.80539 1.81341 1.8446 1.81342 1.83419 1.81533 1.80873 1.813 1.79758 1.78504 1.83193 1.82066 1.82818 1.77567 1.76961 1.7903 1.79792 1.77823 1.81397 1.8293 1.80287 1.80232 1.8228 1.71799 1.83083 1.8332 1.81896 1.80736 1.82502 1.82679 1.81283 1.75691 1.82459 1.80956 1.80639 1.83109 1.83365 1.84493 1.82763 1.83773 1.83771 1.81663 1.84139 1.73556 1.81663 1.82448
1.83067 1.79992 1.82499 1.82646 1.77528 1.7757 1.79805 1.79312 1.78393 1.79503 1.82173 1.77986 1.78178 1.81222 1.79027 1.78291 1.82338 1.7849 1.74898 1.79474 1.82395 1.79193 1.81105 1.84144 1.74779 1.75843 1.76029 1.77205 1.80157 1.77695 1.79995 1.78448 1.79055 1.79837 1.82245 1.81434 1.82556 1.83225 1.78571 1.74721 1.78099 1.78497 1.80703 1.7971 1.80123 1.74754 1.81929 1.78568 1.78995 1.83847 1.82069 1.7986 1.8068 1.79994 1.81584
1.77682 1.78023 1.75717 1.77901 1.81224 1.7627 1.77097 1.8009 1.77005 1.76335 1.75552 1.82349 1.77525 1.81923 1.78926 1.76738 1.78222 1.82342 1.79585 1.83423 1.80594 1.73185 1.77499 1.81728
1.75052 1.77316 1.77666 1.73907 1.80068 1.74503 1.78747 1.66655 1.77885 1.74186 1.71783 1.76523 1.78408 1.57737 1.78738 1.77234 1.75517 1.73976 1.75552 1.75034 1.67517 1.75041 1.76501 1.79761 1.71875 1.7366 1.72392 1.76872 1.76262 1.66702 1.74841 1.78671 1.76931 1.67408 1.75554 1.7772 1.77012 1.78836 1.73306 1.73331 1.75138 1.76389 1.75635 1.76166 1.71443 1.71644 1.7281 1.73941 1.72786 1.74303 1.79404 1.76992 1.76798 1.78115 1.72078 1.63786 1.76866 1.73731 1.7443 1.76274 1.74637 1.75467 1.73355 1.80622 1.74661 1.78599 1.77464 1.77164 1.68229 1.77081 1.74786 1.71819 1.73645 1.79564 1.78789 1.76543 1.73789
1.76059 1.72322 1.77125 1.76286 1.79206 1.80456 1.76042 1.81878 1.75786 1.72929 1.75629 1.80454 1.75491 1.79863 1.73997 1.79268 1.75981 1.79599 1.6179 1.76972 1.82939 1.80512 1.82495 1.77647 1.77032 1.77999 1.81717 1.79741 1.77675 1.81492 1.80219 1.71632 1.80022 1.78353 1.76718 1.79341 1.81004 1.74331 1.78123 1.77826 1.71965 1.7835 1.66369 1.8155 1.74405 1.81386 1.83067 1.77438
1.80813 1.82245 1.70937 1.78186 1.78021 1.83448 1.84923 1.82364 1.78093 1.80262 1.83327 1.81415 1.82364 1.83159 1.82141 1.7718 1.83985 1.82141 1.80735 1.78332 1.83159 1.83266 1.80733 1.83133 1.82392 1.81588 1.81015 1.81074 1.81498 1.83592 1.83463 1.83043 1.8131 1.82876 1.81436 1.84367 1.83213 1.82381 1.81156 1.83231 1.84992 1.80833 1.82867 1.79912 1.79627 1.81679 1.8352 1.82441 1.83749 1.79627 1.81339 1.83713 1.75876 1.79706 1.79291 1.81575 1.79876 1.82318 1.77341 1.8061
1.81153 1.82703 1.81223 1.80468 1.83155 1.80098 1.82947 1.81231 1.82069 1.82066 1.82445 1.84311 1.7987 1.82904 1.79354 1.8173 1.80529 1.78868 1.78092 1.80136 1.8237 1.81375 1.80383 1.78758 1.79215 1.79703 1.81314 1.79035 1.80014 1.71088 1.8006 1.79448 1.77732 1.82585 1.81782 1.8077 1.82461 1.83703 1.79718 1.83227 1.8141 1.82122 1.78192 1.78666 1.79336 1.77203 1.7894 1.79429 1.80006 1.80795 1.80833 1.81824
1.62968 1.64173 1.75382 1.70029 1.78472 1.73344 1.69527 1.71605 1.63758 1.6944 1.61365 1.61848 1.74487 1.78266 1.73131 1.71948 1.69043 1.79722 1.64432 1.66624 1.72614 1.78266 1.75346 1.65445 1.61038 1.66917 1.59123 1.63677 1.69142 1.68078 1.7461 1.77308 1.60578 1.78516 1.73756 1.64691 1.70236 1.76664 1.70197 1.70236 1.72723 1.74233 1.70794 1.6539 1.54896 1.68412 1.70435 1.72305 1.77726 1.71542 1.73655
1.76225 1.67588 1.78395 1.79389 1.74634 1.81771 1.7923 1.82422 1.79281 1.8062 1.81043 1.82826 1.83024 1.81487 1.82821 1.83078 1.82114 1.81058 1.83115 1.81332 1.79396 1.82206 1.77944 1.82705 1.82174 1.68471 1.78574
1.80656 1.79726 1.82531 1.73637 1.81241 1.80502 1.81595 1.74394 1.74139 1.77068 1.77798 1.766 1.80641 1.80139 1.82813 1.81385 1.80693 1.82168 1.76746 1.80909 1.77276 1.75489 1.76621 1.78664 1.77315 1.78253 1.81292 1.80977 1.73547 1.77423 1.74746 1.8001 1.80553 1.80666 1.72986 1.77585 1.82183 1.78901 1.82668 1.75586 1.84158 1.79201 1.82046 1.79369 1.73321 1.79256 1.80304 1.74867 1.80805
1.76491 1.80963 1.79309 1.77153 1.78321 1.79746 1.75967 1.77113 1.81051 1.81811 1.77624 1.79185 1.70068 1.78251 1.76375 1.78262 1.80203 1.7276 1.76925 1.76865 1.82624 1.81513 1.79664 1.81078 1.81205 1.78642 1.77002 1.78642 1.79126 1.79894 1.81086 1.81783 1.76237 1.78699 1.81283 1.79653 1.79118 1.81876 1.82521 1.80491 1.79159 1.75691 1.80748 1.73178
1.73878 1.8004 1.80958 1.81494 1.75648 1.79217 1.78894 1.79228 1.78142 1.7839 1.80043 1.74815 1.78587 1.7433 1.68936 1.786 1.75224 1.79503 1.80938 1.83405 1.80984 1.75698 1.79894 1.75086 1.74818 1.76521 1.79832 1.75577 1.77338 1.74361 1.82552 1.81774 1.76309 1.82467 1.7741 1.8224 1.76906 1.68524 1.81546 1.79257 1.7401 1.78189 1.74346 1.81934 1.72035
1.79104 1.80005 1.81142 1.82658 1.8044 1.80925 1.82652 1.81388 1.77124 1.79656 1.81281 1.80939 1.79831 1.84152 1.75799 1.7916 1.80935 1.80566 1.81428 1.807 1.81179 1.82159 1.81342 1.80579 1.78335 1.74008 1.77093 1.82168 1.79923 1.82501 1.80258 1.81053 1.81252 1.82803 1.76032 1.82444 1.81357 1.79204 1.80551 1.80871 1.79577 1.82222 1.833 1.8363 1.78597 1.79849 1.79437 1.774 1.7929 1.76648
1.83359 1.80636 1.8118 1.80543 1.83679 1.81715 1.82641 1.83006 1.83047 1.78 1.83092 1.80745 1.83725 1.78339 1.82871 1.82075 1.82321 1.82749 1.70136 1.84007 1.83241 1.82957 1.83159 1.84138 1.80644 1.81861 1.78568 1.81032 1.82506 1.82677 1.85442 1.81862 1.8394 1.82907 1.82467 1.82874 1.8391 1.80115 1.81482 1.81435 1.79137 1.82203 1.80894 1.84539 1.82489 1.81901 1.81256
1.78297 1.80418 1.7963 1.83577 1.80757 1.81105 1.77141 1.80757 1.818 1.79866 1.7801 1.86727 1.79131 1.76412 1.78959 1.83973 1.74089 1.79399 1.73092 1.78261 1.78136 1.8122 1.82877 1.79645 1.78051 1.79468 1.79211 1.79029 1.78183 1.78041 1.62569 1.83541 1.79035 1.79888 1.68322 1.7659 1.71787 1.8233 1.83731 1.80038 1.67832 1.76048 1.79706 1.78072 1.78393 1.79613 1.78232
1.80715 1.79565 1.84097 1.80931 1.80668 1.81295 1.80841 1.80489 1.81332 1.79605 1.82489 1.81377 1.81469 1.81265 1.7769 1.81019 1.79015 1.76666 1.8272 1.78844 1.81526 1.80363 1.7532 1.8414 1.8106 1.82094 1.81768 1.82381 1.80779 1.80483 1.79481 1.82821 1.81774 1.81096 1.80591 1.79063
1.82693 1.79635 1.78954 1.77625 1.77413 1.81047 1.79822 1.81738 1.77485 1.79182 1.80797 1.80749 1.79548 1.82762 1.79827 1.85152 1.83462 1.79939 1.82138 1.81722 1.8288 1.77853 1.80203 1.84457 1.8202 1.80861 1.78059 1.82821 1.82617 1.80486 1.81628 1.79486 1.8275 1.82471 1.82728 1.84478 1.76805 1.81555 1.79726 1.79919 1.79569 1.82409 1.81025 1.7674 1.79558 1.77139 1.79021 1.81876 1.77429 1.82655
1.76775 1.69127 1.79138 1.74792 1.76373 1.74899 1.76849 1.81826 1.78905 1.81758 1.79398 1.81841 1.77031 1.7908 1.78933 1.76226 1.78728 1.79098 1.69104 1.79272 1.77919 1.80896 1.79707 1.81667 1.77719 1.79424 1.7909
1.85251 1.80954 1.81208 1.82687 1.80548 1.80918 1.82014 1.83722 1.81382 1.80157 1.83293 1.80891 1.82014 1.82546 1.76431 1.76404 1.81702 1.82206 1.81302 1.8409 1.81186 1.77325 1.77235 1.79876 1.81192 1.81745 1.81822 1.81568 1.80291 1.83702 1.72919 1.81118 1.80309 1.84362 1.78934 1.82351 1.74765 1.8083 1.77718 1.81122 1.804 1.79881 1.81864 1.83122 1.82108 1.80877 1.76969
1.80634 1.80788 1.8281 1.78968 1.78094 1.84366 1.80642 1.73051 1.77831 1.81074 1.75753 1.76488 1.78141 1.80355 1.7621 1.82832 1.80841 1.78789 1.80975 1.80289 1.86281 1.8103 1.80463 1.80114 1.72071 1.79199 1.8248 1.81577 1.82315 1.7885 1.82868 1.78035 1.82998 1.74014 1.78428 1.79063 1.77664 1.77116 1.81933
1.83982 1.82137 1.83464 1.81087 1.84457 1.80686 1.81754 1.81413 1.81085 1.80677 1.83041 1.79583 1.75128 1.79743 1.81246 1.77768 1.83435 1.80618 1.823 1.85007 1.80699 1.79288 1.80685 1.82269 1.83307 1.8177 1.83015 1.82845 1.80624 1.7971 1.81331 1.82968 1.82995 1.81801 1.78104 1.83589 1.81953 1.81248 1.85872 1.83221 1.81885 1.81986 1.8194 1.78555 1.79746 1.81901 1.78075 1.83843 1.83178 1.84884 1.80701 1.81597 1.8234 1.8268
1.84611 1.78701 1.77496 1.82152 1.83706 1.80975 1.78884 1.8253 1.78546 1.80906 1.84636 1.82969 1.82099 1.82469 1.79961 1.79393 1.82396 1.80395 1.79288 1.81701 1.80993 1.79957 1.81504 1.80148 1.85004 1.83724 1.80993 1.83713 1.81831 1.774 1.8037 1.82806 1.80777 1.8026
