1.78274 1.8152 1.76758 1.76062 1.76543 1.81908 1.67422 1.78703 1.79037 1.81071 1.80834 1.81768 1.78764 1.77557 1.79029 1.82783 1.80219 1.80785 1.83066 1.83944 1.78964 1.75463 1.77796 1.8165 1.78607 1.81619 1.83109 1.85472 1.79633 1.78812 1.79212 1.79417 1.81635 1.79563 1.79855 1.76404 1.80342 1.67576 1.78988 1.60049 1.77135 1.80235 1.81645 1.8242 1.77906 1.7787 1.82635 1.77651 1.82764 1.79532 1.7898 1.78272 1.81655
1.81465 1.75527 1.81444 1.79819 1.80788 1.77944 1.74048 1.82149 1.713 1.81569 1.74745 1.80227 1.74028 1.76134 1.79753 1.79811 1.80017 1.81949 1.79446 1.82374 1.8046 1.83245 1.79175 1.84443 1.79825 1.76452 1.83387 1.80172 1.81099 1.7993 1.7898 1.78694 1.79466 1.78263 1.79138 1.81883 1.83084 1.83151 1.80482 1.82991 1.79699 1.77315 1.78851 1.80684 1.80137 1.75324 1.79914 1.81142 1.80091 1.80609 1.82385 1.80805 1.80106 1.76784 1.76928 1.78432 1.75026 1.78992
1.78403 1.81375 1.81763 1.80694 1.80984 1.82032 1.80295 1.81386 1.8343 1.82229 1.77257 1.79793 1.83168 1.7879 1.75672 1.8172 1.82182 1.81715 1.83653 1.80432 1.839 1.78639 1.80714 1.80195 1.81052 1.78461 1.8216 1.83351 1.79982 1.83073 1.77591 1.79602 1.76132 1.65791 1.77873 1.82045 1.80506 1.82427 1.83719 1.80226 1.81374 1.82338 1.83099 1.77579 1.83963 1.74777 1.81654 1.83462 1.81041 1.77724 1.82793 1.83436 1.82592 1.78358 1.79605 1.80912 1.82008 1.74594 1.81479 1.83864 1.8396
1.75347 1.74907 1.79229 1.81602 1.81669 1.78595 1.78506 1.77214 1.76507 1.77515 1.79858 1.80935 1.77119 1.75876 1.82258 1.74288 1.79873 1.75856 1.78745 1.76802 1.77496 1.81061 1.75755 1.7978 1.81547 1.80999 1.7757 1.7809 1.78034 1.77595 1.77322 1.811 1.71451 1.73085 1.80605 1.7949 1.74895 1.7834 1.79254 1.81255 1.79953 1.78575 1.80478 1.81618 1.79236 1.70934 1.76976 1.75167 1.76327 1.79342
1.78309 1.83706 1.83444 1.78861 1.83301 1.67233 1.81692 1.81505 1.78987 1.81279 1.74941 1.82367 1.80764 1.74447 1.74949 1.8062 1.83929 1.81645 1.7991 1.8393 1.82105 1.80103 1.81524 1.80078 1.8162 1.81079 1.78606 1.78425 1.82224 1.79607 1.81293 1.81554 1.77295 1.77732 1.82718 1.77929 1.81668 1.83175 1.78259 1.77994 1.81057 1.78633 1.81835 1.83382 1.82641 1.75504 1.81267 1.78346 1.8174 1.73311 1.7345 1.77102 1.7997 1.77859 1.77486
1.76816 1.81515 1.82594 1.8191 1.81456 1.82922 1.79723 1.78861 1.82144 1.81587 1.82518 1.80144 1.75291 1.82484 1.81651 1.80854 1.82817 1.78418 1.7772 1.82513 1.79122 1.80834 1.84265 1.83121 1.75199 1.82156 1.80121 1.79407 1.77173 1.78924 1.79197 1.793 1.80337 1.81173 1.83111 1.77522 1.75721 1.80908 1.77462 1.7961 1.81085 1.83161 1.81915 1.80794 1.80609 1.79838 1.75283 1.79838
1.82134 1.82192 1.7794 1.83093 1.83358 1.84426 1.80192 1.84894 1.79473 1.82274 1.82247 1.81902 1.82969 1.82359 1.80354 1.83132 1.75243 1.77369 1.83728 1.83371 1.81055 1.81833 1.8384 1.81641 1.80646 1.81075 1.83922 1.81906 1.75794 1.82212 1.83232 1.80923 1.83971 1.83314 1.8208 1.80891 1.79225 1.82661 1.84788 1.83468 1.79293 1.83649 1.85742 1.84588 1.82291 1.81262 1.83053 1.83404 1.81522 1.82602 1.81583 1.85056 1.84951
1.80235 1.78647 1.73434 1.80824 1.79692 1.76122 1.77667 1.82101 1.76724 1.80219 1.77892 1.81412 1.80286 1.82986 1.82852 1.82818 1.81005 1.76043 1.83498 1.81842 1.7652 1.78352 1.74647 1.81464 1.76566 1.77181 1.81214 1.76407 1.80432 1.82029 1.80598 1.77871 1.76841 1.79263 1.85685 1.8301 1.73761 1.75942 1.83727 1.77043 1.82193 1.83954 1.78652 1.81917 1.76338 1.78397 1.81862 1.80794 1.77587 1.76717 1.79399
1.791 1.79078 1.76553 1.80183 1.79192 1.81669 1.81392 1.80759 1.68264 1.82096 1.79924 1.81753 1.82742 1.8403 1.81344 1.8271 1.79083 1.79489 1.79057 1.80057 1.78576 1.81438 1.80525 1.80505 1.81554 1.79421 1.78302 1.75419 1.79102 1.83236 1.77097 1.8193 1.74156 1.79796 1.80879 1.81454 1.79215 1.81533 1.77296 1.78331 1.77253 1.77881 1.79304 1.7765 1.76404 1.80668 1.7302 1.81305 1.81573 1.82872 1.81735 1.83138
1.81101 1.81269 1.81986 1.8566 1.81439 1.83167 1.82155 1.80627 1.83928 1.85095 1.82373 1.82225 1.83584 1.84275 1.84573 1.84352 1.80139 1.84718 1.83744 1.81862 1.82764 1.8174 1.83293 1.82305 1.844 1.82153 1.85133 1.81467 1.83028 1.82393 1.82858 1.82788 1.85278 1.84109 1.8093 1.83505 1.82296 1.82698 1.80681 1.84947 1.83369 1.78233 1.83062 1.85401 1.84108 1.82102 1.819 1.79761 1.82028 1.83228 1.79755 1.83571 1.83904 1.81672 1.81693 1.83692
1.79646 1.78403 1.82102 1.8391 1.78151 1.7666 1.76953 1.78403 1.82662 1.77349 1.83694 1.8587 1.82793 1.82003 1.81054 1.82721 1.81886 1.84145 1.83023 1.74141 1.82632 1.80561 1.82496 1.78776 1.84584 1.84062 1.76602 1.77341 1.84062 1.81594 1.82175 1.76776 1.75714 1.82352 1.79853 1.79597 1.8204 1.80285 1.81733 1.80366 1.80746 1.7102 1.80117 1.79681 1.81332
1.83065 1.75057 1.74804 1.76124 1.72039 1.8125 1.80264 1.8077 1.80658 1.79879 1.80427 1.81321 1.81123 1.8047 1.77854 1.80273 1.80015 1.79125 1.79853 1.7805 1.78874 1.73393 1.79884 1.76072 1.81051 1.75031 1.79047 1.80583 1.76052 1.788 1.79463 1.79042 1.79283 1.82203 1.79766 1.82862 1.76737 1.76133 1.82669 1.75923 1.81761 1.78509 1.80894 1.82191 1.8022 1.79627 1.79015 1.79549 1.77876 1.74139 1.77584 1.76907 1.79307 1.77418 1.78094 1.72419 1.80039 1.7972
1.84014 1.83593 1.82945 1.82783 1.77439 1.7851 1.80967 1.83591 1.83362 1.79712 1.80021 1.80608 1.85493 1.81213 1.84141 1.85061 1.81769 1.85061 1.82007 1.80324 1.7919 1.78203 1.82264 1.81192 1.79691 1.80916 1.82606 1.80106 1.82001 1.82447 1.83575 1.82471 1.80855 1.76385 1.73972 1.82791 1.81704 1.83789 1.82697 1.81673 1.81896 1.81128 1.81464 1.79551 1.83477 1.83129 1.82215 1.82777 1.72823 1.83574 1.78802 1.8345 1.83212 1.81919 1.82196 1.8407 1.78315 1.75757 1.81534 1.81213 1.83251 1.83912 1.81075 1.82235 1.83131 1.81029 1.79366
1.79705 1.80916 1.82313 1.80756 1.80672 1.78031 1.78374 1.76449 1.80058 1.80475 1.77423 1.79602 1.77932 1.79429 1.75501 1.80803 1.81802 1.7924 1.76302 1.7871 1.81627 1.76608 1.79999 1.79532 1.8083 1.78679 1.79532 1.78524 1.76305 1.77884 1.78677 1.80103 1.78134 1.80116 1.78677 1.81908 1.79106 1.79896 1.78737 1.75312 1.78648 1.74614 1.82316 1.80988 1.81344 1.82602 1.82 1.79442 1.78292 1.79325 1.80597 1.8077 1.7948 1.8016 1.75656 1.79642 1.80489
1.83329 1.81627 1.81706 1.83484 1.83092 1.82394 1.81222 1.80597 1.81868 1.84432 1.82763 1.85093 1.82446 1.83171 1.74691 1.81091 1.8116 1.83047 1.79907 1.82376 1.7945 1.82015 1.80997 1.80277 1.83234 1.8209 1.82462 1.84036 1.80738 1.81513 1.85338 1.83076 1.79319 1.82101 1.85365 1.81755 1.83318 1.7973 1.79937 1.83075 1.82752 1.72953 1.82929 1.82247 1.82476 1.84146 1.78252 1.74855 1.82577 1.8017 1.833 1.85919 1.82683 1.81691 1.80431 1.80201 1.81709 1.8259 1.80607 1.78879 1.80618 1.81247 1.7723 1.78994 1.84053 1.79751 1.8408 1.79748 1.81216 1.82879 1.85382 1.80371 1.82354 1.8269 1.81306 1.80951 1.82099 1.83306 1.81259 1.82999
1.83294 1.79965 1.81616 1.81532 1.82074 1.82233 1.82548 1.81994 1.81148 1.82881 1.83082 1.82433 1.82743 1.78258 1.76919 1.81698 1.7029 1.8537 1.79518 1.80574 1.79464 1.78109 1.79498 1.84138 1.81627 1.80688 1.833 1.81266 1.81745 1.81849 1.8361 1.79007 1.80822 1.80851 1.81034 1.83765 1.83911 1.82534 1.80745
1.80879 1.80669 1.71076 1.80793 1.80567 1.75751 1.7965 1.81789 1.82635 1.81109 1.78605 1.78615 1.78691 1.74107 1.77181 1.83387 1.78382 1.79953 1.70002 1.7921 1.70213 1.81444 1.80642 1.71893 1.81186 1.75129 1.78188 1.76232 1.80454 1.80237 1.79381 1.77437 1.78928 1.76113 1.71285 1.7308 1.76577 1.77663 1.76534 1.80689 1.81078 1.77578 1.81893 1.78454 1.72471 1.79127 1.73886 1.80524 1.79988 1.80917
1.79733 1.75999 1.72169 1.78107 1.81754 1.81759 1.80819 1.80809 1.79152 1.80657 1.78099 1.79248 1.76777 1.80377 1.78376 1.80111 1.76962 1.78962 1.79055 1.8004 1.79601 1.75372 1.79633 1.81971 1.80928 1.78729 1.83381 1.82122 1.80647 1.82422 1.78227 1.78152 1.78549 1.77104 1.80203 1.7666 1.78754 1.71591 1.81072 1.69951 1.78159 1.78537 1.78267 1.71058 1.71184 1.73507 1.8011 1.78731 1.77498 1.78909 1.77827 1.77566 1.80822 1.79412
1.72153 1.78858 1.77885 1.75107 1.77103 1.77452 1.81481 1.78396 1.8124 1.77882 1.82164 1.81891 1.72548 1.7943 1.66145 1.82211 1.81595 1.8066 1.79567 1.78599 1.80673 1.81056 1.80745 1.77401 1.82111 1.81192 1.77646 1.79479 1.8078 1.82721 1.83395 1.77166 1.80862 1.81583 1.82308 1.82104 1.76448 1.7729 1.81943 1.80084 1.82461 1.81195 1.74182 1.81552 1.80888 1.82701 1.79569 1.8057 1.70191 1.79581 1.80397 1.76948 1.76109 1.80766 1.80137 1.79432 1.78031
1.81823 1.81581 1.80707 1.79707 1.80238 1.79707 1.76061 1.77881 1.79675 1.78898 1.79302 1.79531 1.80651 1.7991 1.76662 1.79336 1.8068 1.82156 1.80705 1.81465 1.78836 1.82791 1.81152 1.79973 1.79888 1.77815 1.78986 1.8015 1.76935 1.80762 1.75927 1.76837 1.78895 1.79874 1.80376 1.8132 1.80425 1.77532 1.81763 1.81833 1.80448 1.81008 1.82188 1.77766 1.79229 1.75828 1.80262 1.80571 1.79516 1.6895
1.77319 1.78928 1.75726 1.71243 1.6749 1.81934 1.8045 1.81453 1.78599 1.71928 1.81249 1.7907 1.78883 1.78274 1.80647 1.82013 1.80243 1.83121 1.80819 1.77442 1.79346 1.74457 1.70641 1.7253 1.74127 1.81926 1.80727 1.70641 1.79642 1.77577 1.84393 1.8263 1.74796 1.81694 1.78136 1.81425 1.78317 1.79958 1.76684 1.77385 1.76799 1.77278 1.83756 1.78856 1.78838 1.74283 1.7995 1.83937 1.76394 1.71852 1.79611 1.85653 1.76015 1.76005 1.78142
