1.829
1.87501
1.83553
1.83726
1.81991
1.81433
1.84183
1.85567
1.81765
1.83461
1.8602
1.82657
1.81753
1.83701
1.81263
1.85301
1.82989
1.84383
1.82666
1.82535
1.83851
1.77932
1.82221
1.82128
1.85503
1.84495
1.8247
1.82709
1.8415
1.86212
1.80268
1.80632
1.85809
1.84942
1.79691
1.81113
1.84019
1.8259
1.82731
1.81505
1.8141
1.85831
1.84873
1.79638
1.79493
1.81006
1.83336
1.79975
1.82686
1.84023
1.80555
1.84333
1.85518
1.82594
1.83978
1.84651
1.80409
1.79398
1.80786
1.83863
1.86068
1.79437
1.85024
1.81478
1.83895
1.8404
1.83602
1.83665
1.84077
1.84953
