1.79053
1.82984
1.80193
1.73846
1.80958
1.75918
1.76767
1.81098
1.83065
1.83998
1.7726
1.74349
1.77042
1.72559
1.77054
1.64725
1.79723
1.75921
1.80257
1.79889
1.78729
1.76153
1.79211
1.80111
1.73859
1.80743
1.76368
1.80609
1.81843
1.84625
1.77278
1.63873
1.7577
1.80226
1.77905
1.78607
1.78158
1.7529
1.79272
1.78352
1.75536
1.83008
1.83588
1.78828

1.71327
1.8228
1.68406
1.84407
1.79386
1.77823
1.83659
1.76359
1.77199
1.72643
1.8192
1.78949
1.78073
1.78327
1.70479
1.80768
1.75722
1.80007
1.76958
1.79459
1.83365
1.78004
1.81735
1.80764
1.78288
