1.79711
1.68822
1.78585
1.76067
1.82388
1.744
1.78368
1.83734
1.80765
1.82953
1.85042
1.79371
1.80883
1.73706
1.78848
1.72038
1.7709
1.82366
1.79034
1.81185
1.8292
1.77858
1.79388
1.79708
1.79659
1.81949
1.80105
1.79726
1.81828
1.83833
1.76212
1.66864
1.83636
1.81713
1.79402
1.77129
1.82827
1.76633
1.7903
1.79453
1.79318
1.85465
1.78549
1.77021
1.63376
1.80498
1.8281
1.69455
1.82312
1.79408
1.78516
1.84065
1.8309
1.81413
1.67578
1.82008
1.79819
1.79049
1.78999
1.75224
1.82851
1.76992
1.80908
1.69993
1.73807
1.80241
1.79884
1.82682
1.81705
1.83953
