1.81581
1.76077
1.81325
1.76807
1.83304
1.77461
1.80239
1.84021
1.81519
1.83577
1.85564
1.82131
1.7993
1.77308
1.80717
1.79499
1.82583
1.80019
1.81705
1.81293
1.83812
1.78292
1.80129
1.81633
1.83328
1.83544
1.79739
1.80045
1.81036
1.85917
1.79361
1.81623
1.82926
1.84449
1.81108
1.79666
1.81543
1.82041
1.80923
1.79002
1.79451
1.84717
1.83033
1.79915
1.71988
1.78363
1.81932
1.73393
1.81908
1.82669
1.79935
1.82455
1.81998
1.81279
1.80257
1.83446
1.82493
1.79367
1.81007
1.819
1.84898
1.7843
1.84932
1.75171
1.78249
1.8074
1.78571
1.83006
1.82786
1.83357
