1.83108
1.87923
1.83312
1.80407
1.79039
1.78714
1.83559
1.82149
1.82316
1.85381
1.83041
1.81077
1.81295
1.82312
1.82369
1.84459
1.81288
1.8219
1.8083
1.82844
1.84223
1.78584
1.82455
1.80612
1.8367
1.83933
1.82563
1.8179
1.82133
1.85845
1.79419
1.81399
1.85445
1.82286
1.79956
1.80143
1.83478
1.80637
1.81528
1.79597
1.81195
1.85825
1.81754
1.79365
1.71977
1.79083
1.833
1.74442
1.83064
1.82211
1.80881
1.8462
1.82182
1.83376
1.82003
1.84517
1.81087
1.78384
1.80632
1.8019
1.83645
1.79283
1.84525
1.78595
1.81711
1.8448
1.82862
1.83359
1.84082
1.85149
