1.83428
1.88345
1.83639
1.821
1.8309
1.79904
1.84596
1.8308
1.82807
1.8527
1.83585
1.84527
1.81117
1.8576
1.8374
1.83916
1.83774
1.82978
1.81248
1.83242
1.84212
1.79346
1.82511
1.82684
1.85261
1.83587
1.82394
1.81347
1.83962
1.86105
1.8172
1.83292
1.85525
1.85665
1.8094
1.81305
1.83737
1.83558
1.82433
1.77661
1.82764
1.86103
1.84732
1.8169
1.74416
1.83265
1.83894
1.82849
1.82834
1.83361
1.80543
1.84107
1.8546
1.8028
1.8318
1.83735
1.82543
1.78377
1.80542
1.81689
1.85825
1.80953
1.85525
1.78485
1.84763
1.84487
1.84465
1.83445
1.84945
1.85393
