1.8052
1.87884
1.82817
1.8232
1.80986
1.78041
1.83742
1.81664
1.82304
1.85752
1.81731
1.83517
1.81271
1.84214
1.81351
1.82912
1.82007
1.81555
1.82341
1.81486
1.82766
1.80195
1.82045
1.81845
1.84652
1.833
1.80598
1.82591
1.82412
1.8592
1.8045
1.81289
1.84436
1.80172
1.79601
1.77628
1.80572
1.8169
1.81037
1.80426
1.80669
1.85016
1.82523
1.773
1.7105
1.796
1.82725
1.79378
1.83067
1.82796
1.80145
1.85094
1.85147
1.78983
1.84231
1.82703
1.801
1.77857
1.7775
1.81337
1.84458
1.78455
1.85394
1.76322
1.80522
1.83709
1.81705
1.82524
1.84426
1.8474
