1.80197
1.8392
1.82142
1.84104
1.80391
1.79411
1.83957
1.80819
1.8324
1.85646
1.80589
1.81654
1.80012
1.81327
1.81949
1.84145
1.80908
1.81328
1.8147
1.82174
1.81446
1.78025
1.81062
1.81387
1.74637
1.82599
1.79138
1.79573
1.80149
1.85905
1.7874
1.80786
1.82919
1.79768
1.79115
1.79113
1.83978
1.81985
1.80846
1.73952
1.80231
1.83121
1.81655
1.77155
1.76906
1.78046
1.81791
1.73715
1.81775
1.82495
1.77649
1.85503
1.8401
1.8215
1.74559
1.82579
1.79257
1.78396
1.79063
1.8176
1.83381
1.78361
1.85307
1.71037
1.77687
1.82549
1.82394
1.81362
1.82379
1.84882
