1.81673
1.82704
1.83525
1.79245
1.85197
1.77756
1.82088
1.80202
1.81813
1.83432
1.84956
1.80028
1.82088
1.81155
1.81262
1.81688
1.814
1.75914
1.81413
1.82677
1.8248
1.78435
1.80761
1.8027
1.80641
1.82229
1.80697
1.82342
1.81173
1.86039
1.76473
1.74113
1.84337
1.80968
1.78018
1.80485
1.79103
1.7669
1.80069
1.78046
1.79067
1.859
1.80726
1.79135
1.6909
1.75826
1.82795
1.71191
1.82384
1.79688
1.80838
1.84082
1.81764
1.81151
1.67485
1.81548
1.79852
1.7957
1.79132
1.7372
1.8549
1.74575
1.84196
1.74896
1.80467
1.82427
1.81155
1.82417
1.82364
1.84298
