1.8651
1.84279
1.82573
1.87134
1.81466
1.81137
1.84059
1.79859
1.85013
1.82805
1.85171
1.81292
1.85242
1.84146
1.81266
1.83726
1.79777
1.81644
1.8274
1.83726
1.80938
1.843
1.82927
1.83938
1.84377
1.86392
1.81417
1.79699
1.83352
1.81922
1.81675
1.79243
1.84793
1.83674
1.79394
1.80538
1.82823
1.82006
1.81713
1.78152
1.83921
1.81623
1.81465
1.84645
1.82096
1.84961
1.8097
1.82412
1.79098
1.85648
1.83462
1.82709
1.80847
1.84207
1.81124
1.85307
1.80253
1.75617
1.85206
1.81857
1.81144
1.79728
1.76115
1.82809
1.83769
1.8266
