1.83929
1.83602
1.83692
1.84824
1.82873
1.82005
1.7906
1.81904
1.82461
1.85518
1.8562
1.82135
1.84917
1.84002
1.8414
1.83599
1.82287
1.83463
1.83873
1.85047
1.80938
1.85412
1.83313
1.84249
1.84225
1.82544
1.82101
1.82451
1.83698
1.81344
1.81789
1.77565
1.85715
1.84593
1.79003
1.81799
1.83681
1.83819
1.83412
1.78573
1.83143
1.83573
1.80744
1.84474
1.83429
1.84092
1.81749
1.83759
1.81489
1.86139
1.81973
1.81974
1.81103
1.85224
1.80841
1.84792
1.76977
1.79748
1.8444
1.8189
1.82956
1.80401
1.81392
1.83516
1.83682
1.82044
