1.86861
1.82153
1.8325
1.84201
1.81852
1.82041
1.83605
1.81884
1.85706
1.85319
1.80933
1.84472
1.80819
1.86432
1.84535
1.84143
1.83405
1.84326
1.84358
1.82605
1.8349
1.82182
1.85237
1.83419
1.84679
1.83218
1.85924
1.79473
1.82077
1.83498
1.82305
1.78593
1.85284
1.84155

1.80916
1.84557
1.83314
1.83309
1.81316
1.83855
1.84798
1.80068
1.8441
1.836
1.86049
1.82121
1.84915
1.82035
1.8529
1.82986
1.82997
1.82078
1.85408
1.82275
1.85
1.76383
1.82671
1.84464
1.82875
1.82918
1.81307
1.78798
1.83253
1.84125
1.82622
