1.81821
1.83572
1.78491
1.84657
1.81297
1.67557
1.70156
1.77348
1.84605
1.823
1.83606
1.79178
1.78192
1.83272
1.77159
1.82655
1.79028
1.72839
1.82051
1.80665
1.85209
1.81089
1.81394
1.83599
1.82791
1.79394
1.76147
1.78229
1.82362
1.79571
1.77853
1.77659
1.81318
1.7836
1.77138
1.75926
1.78157
1.79059
1.81118
1.80687
1.7254
1.75799
1.77544
1.77004
1.80906
1.78333
1.72833
1.74514
1.77577
1.769
1.78683
1.73441
1.75375
1.82741
1.77983
1.81098
1.75279

1.83228
1.78243
1.78909
1.80013
1.78494
1.82718
1.80241
1.79884
