1.85889
1.80267
1.82762
1.84701
1.80988
1.80654
1.78564
1.77815
1.84881
1.83122
1.85724
1.80332
1.84757
1.83592
1.83233
1.83579
1.83503
1.82096
1.82752
1.84335
1.81064
1.85065
1.82441
1.83996
1.83192
1.86101
1.80977
1.78967
1.8342
1.83626
1.82799
1.8203
1.839
1.8446
1.77019
1.79585
1.83702
1.84038
1.82146
1.77351
1.82246
1.83888
1.82071
1.84204
1.81888
1.85127
1.80804
1.84753
1.81186
1.85592
1.81881
1.80577
1.79391
1.84245
1.82873
1.8463
1.76017
1.8034
1.86234
1.82667
1.81575
1.80336
1.75955
1.83045
1.82407
1.8169
