1.81465
1.83038
1.81658
1.85069
1.82181

1.71933
1.79837
1.81215
1.83518
1.80735
1.78799
1.79003
1.80185
1.82487
1.80851
1.82376
1.7893
1.76687
1.81193
1.80364
1.79392
1.81864
1.81038
1.81573
1.80837
1.85442
1.74793
1.80006
1.81318
1.80286
1.78884
1.82427
1.83295
1.79062
1.7707
1.70776
1.76715
1.8192
1.79606
1.80644
1.78644
1.77796
1.79019
1.79261
1.73023
1.77068
1.79562
1.77771
1.81779
1.80675
1.75073
1.75465
1.81654
1.80697
1.76313
1.74925
1.79972
1.83708
1.80413
1.79417
1.80565
1.77565
1.79347
1.81029
1.81703
