1.83299
1.81836
1.82692
1.86274
1.82344
1.80359
1.69249
1.77478
1.84201
1.83558
1.8473
1.80555
1.85168
1.83566
1.80651
1.83325
1.79761
1.77659
1.81825
1.83899
1.80721
1.85181
1.81074
1.83368
1.84624
1.80457
1.80274
1.81295
1.82957
1.81091
1.80828
1.80797
1.8471
1.82824
1.77787
1.75585
1.83671
1.81608
1.82005
1.77357
1.8247
1.81775
1.80092
1.83153
1.81897
1.86038
1.78136
1.82333
1.7943
1.84311
1.837
1.82577
1.80929
1.81852
1.79827
1.83924
1.71727
1.79385
1.84236
1.81695
1.80334
1.77605
1.75367
1.81649
1.82324
1.81848
