1.86065
1.83254
1.82844
1.8448
1.81527
1.81323
1.70558
1.79292
1.81485
1.84773
1.80141
1.82283
1.79394
1.84197
1.83601
1.79473
1.83446
1.79343
1.77453
1.81865
1.82526
1.80099
1.84729
1.79681
1.81736
1.83496
1.79667
1.76488
1.80038
1.82879
1.81126
1.80338
1.82543
1.83706

1.75459
1.82809
1.81404
1.82096
1.7788
1.82906
1.79104
1.79849
1.83062
1.80314
1.81508
1.76584
1.82815
1.80389
1.84451
1.8187
1.80025
1.78462
1.84631
1.81472
1.81293
1.73829
1.81561
1.84506
1.82314
1.80548
1.80454

1.82509
1.8281
1.825
