1.84567
1.76846
1.84571
1.83315
1.84185
1.82639
1.85061
1.80842
1.81467
1.81955
1.84567
1.83151
1.82427
1.73188
1.82535
1.7748
1.82575
1.83237
1.83989
1.82301
1.83713
1.82801
1.83701
1.84856
1.83341
1.83781
1.76106
1.83973
1.82041
1.82066
1.83331
1.81538
1.83755
1.82861
1.81613
1.83857
1.84966
1.82666
1.82731
1.82636
1.7864
1.77937
1.82876
1.83611
1.83591
1.78659
1.84578
1.83406
1.82319
1.83439
1.82158
1.82185
1.84862
1.83637
1.82019
1.83584
1.76566
1.82736
1.82245
1.83103
1.83975
1.82853
1.81791
1.83059
1.82732
1.8513
1.82885
1.80686
1.8445
1.82432
1.82856
1.82193
