1.8491
1.7662
1.85952
1.80908
1.84395
1.84827
1.83212
1.83982
1.84111
1.8411
1.85383
1.84302
1.826
1.81061
1.85775
1.83257
1.83282
1.86545
1.84679
1.85334
1.85218
1.85359
1.85887
1.85528
1.83665
1.85722
1.82305
1.84876
1.84568
1.83027
1.8521
1.85472
1.84288
1.81885
1.85797
1.8516
1.85576
1.85384
1.84621
1.84417
1.81196
1.83985
1.84174
1.84364
1.86217
1.82944
1.85129
1.84719
1.84525
1.83565
1.83846
1.81786
1.84091
1.85324
1.84185
1.82182
1.8138
1.84904
1.84034
1.85392
1.85337
1.82621
1.83161
1.84282
1.83611
1.8637
1.83415
1.81492
1.84384
1.8409
1.85033
1.83697
