1.82161
1.79284
1.85239
1.79116
1.83373
1.82497
1.81666
1.82481
1.8353
1.82681
1.82591
1.80638
1.81787
1.80351
1.85037
1.79124
1.83906
1.8376
1.81735
1.83956
1.81136
1.80852
1.83271
1.83555
1.82363
1.84028
1.78711
1.8423
1.82113
1.80719
1.82104
1.83914
1.82676
1.81315
1.83835
1.82355
1.85257
1.80834
1.82953
1.8253
1.8063
1.79981
1.81871
1.82743
1.83633
1.80403
1.84526
1.80021
1.80822
1.79564
1.8217
1.84086
1.84145
1.82734
1.82087
1.82826
1.80006
1.82182
1.80585
1.83937
1.83043
1.78417
1.81378
1.80995
1.80628
1.85802
1.83213
1.829
1.82979
1.81671
1.82032
1.81165
