1.84788
1.77243
1.84969
1.77589
1.84976
1.84545
1.79459
1.80976
1.80488
1.82682
1.84857
1.83344
1.81837
1.7515
1.84
1.81743
1.82371
1.85034
1.82825
1.83577
1.85491
1.80653
1.84079
1.84913
1.83891
1.84295
1.73931
1.83382
1.83522
1.82914
1.84939
1.84308
1.83951
1.83598
1.83939
1.84025
1.82775
1.82069
1.81312
1.82554
1.81575
1.81567
1.84408
1.8307
1.82781
1.80873
1.85361
1.81286
1.82147
1.82257
1.83523
1.82036
1.82424
1.8362
1.83493
1.83691
1.7919
1.79675
1.82352
1.81848
1.82409
1.81638
1.82885
1.83068
1.83122
1.85834
1.829
1.82086
1.83365
1.82667
1.82251
1.81241
