1.85533
1.76911
1.85721
1.8236
1.84117
1.84567
1.85715
1.83622
1.84124
1.84196
1.85567
1.84465
1.84217
1.8274
1.86332
1.82956
1.83454
1.86098
1.8586
1.84988
1.84958
1.85199
1.86175
1.85467
1.84324
1.86138
1.82813
1.85232
1.84742
1.82799
1.85886
1.84898
1.84782
1.85026
1.8564
1.85056
1.85217
1.8508
1.83826
1.85026
1.83676
1.83752
1.85081
1.83142
1.86289
1.84109
1.85446
1.85034
1.84874
1.83639
1.83613
1.82244
1.84134
1.8457
1.84866
1.82195
1.82113
1.83602
1.84661
1.85362
1.85511
1.83085
1.83844
1.83953
1.83553
1.86017
1.83574
1.81486
1.84863
1.83947
1.84501
1.82344
