1.80663
1.79086
1.82738
1.80432
1.84066
1.82688
1.82599
1.81558
1.7775
1.81579
1.79194
1.82581
1.80831
1.75965
1.8187
1.78107
1.81939
1.83308
1.81997
1.80187
1.8042
1.80178
1.8348
1.84193
1.81618
1.83879
1.80314
1.83402
1.8231
1.80873
1.83169
1.82877
1.80494
1.83653
1.80665
1.82589
1.83724
1.81495
1.81148
1.81361
1.80152
1.77493
1.80248
1.82028
1.82794
1.78966
1.82603
1.81076
1.80288
1.81391
1.83242
1.8225
1.82425
1.82315
1.83973
1.81602
1.79562
1.80906
1.80782
1.82917
1.83321
1.81504
1.81215
1.82129
1.81516
1.84316
1.82903
1.80597
1.83048
1.81111
1.81685
1.82012
