1.85072
1.78151
1.8618
1.8207
1.84725
1.8456
1.8597
1.8301
1.82441
1.82282
1.8531
1.83947
1.83966
1.82779
1.85035
1.82476
1.84394
1.8596
1.85168
1.84302
1.8559
1.85106
1.85376
1.85486
1.84484
1.85691
1.81519
1.85357
1.85092
1.82558
1.86266
1.84927
1.8505
1.83665
1.85723
1.84002
1.84971
1.84781
1.84341
1.84386
1.82395
1.81703
1.85271
1.83799
1.86153
1.8161
1.84951
1.84357
1.84054
1.83702
1.85132
1.8116
1.8479
1.85107
1.83576
1.82567
1.81944
1.82701
1.83685
1.85453
1.84402
1.83071
1.83667
1.8483
1.8451
1.86187
1.83647
1.82544
1.84386
1.83624
1.83139
1.82014
