1.85314
1.77776
1.86541
1.83068
1.84799
1.84726
1.85479
1.83447
1.84394
1.84167
1.85177
1.84278
1.85151
1.82951
1.85965
1.83262
1.84807
1.86832
1.86051
1.8486
1.8565
1.85925
1.86531
1.85682
1.84656
1.86131
1.84327
1.85211
1.84528
1.83002
1.85451
1.84806
1.84066
1.83956
1.8537
1.84988
1.82516
1.85423
1.84501
1.83755
1.83167
1.83503
1.85444
1.84088
1.86417
1.8428
1.85398
1.84255
1.84025
1.83049
1.84228
1.81819
1.84957
1.84989
1.8485
1.82134
1.81678
1.83894
1.84494
1.85098
1.84811
1.82186
1.8269
1.84753
1.84158
1.85482
1.83123
1.8192
1.84505
1.83127
1.84534
1.8215
