1.84337
1.7936
1.85934
1.79414
1.84909
1.84064
1.8429
1.83613
1.82953
1.83881
1.84921
1.8388
1.83958
1.824
1.85808
1.82642
1.82965
1.86254
1.8412
1.85052
1.8425
1.86295
1.86503
1.85182
1.83919
1.85535
1.8149
1.84769
1.83787
1.8237
1.85212
1.85043
1.83882
1.81416
1.85491
1.84776
1.85196
1.83877
1.83986
1.84515
1.81365
1.825
1.83993
1.82993
1.86219
1.84315
1.85831
1.84474
1.84069
1.83421
1.8386
1.82625
1.84704
1.84228
1.84461
1.83239
1.81281
1.83932
1.83621
1.83909
1.84476
1.82687
1.82314
1.83565
1.83049
1.85821
1.83469
1.81982
1.83915
1.82373
1.84221
1.82827
