1.85771
1.77348
1.8625
1.80942
1.84103
1.84458
1.85325
1.83444
1.83497
1.83096
1.84868
1.84384
1.84157
1.8204
1.86567
1.83347
1.84474
1.86935
1.86304
1.85589
1.85075
1.86203
1.85417
1.8511
1.84307
1.86172
1.83339
1.85674
1.84684
1.83308
1.85597
1.85139
1.84393
1.85186
1.85364
1.85499
1.86277
1.84997
1.85309
1.84189
1.83181
1.85348
1.85125
1.84848
1.85706
1.84066
1.85238
1.84323
1.85091
1.84017
1.841
1.81956
1.8539
1.85193
1.84709
1.82787
1.81683
1.85057
1.83398
1.85052
1.84785
1.82397
1.83625
1.84939
1.83887
1.86586
1.84151
1.833
1.83595
1.84414
1.84464
1.82098
