1.84288
1.78889
1.85542
1.82635
1.84231
1.84732
1.85675
1.81399
1.84299
1.82222
1.85312
1.83594
1.83979
1.81246
1.84738
1.81994
1.83285
1.85158
1.85382
1.84705
1.83957
1.84627
1.86772
1.85054
1.84589
1.856
1.81269
1.84768
1.83697
1.82684
1.85948
1.84843
1.84696
1.85199
1.83814
1.83631
1.84358
1.84689
1.85198
1.84813
1.82403
1.81368
1.84323
1.84705
1.8538
1.8193
1.8546
1.83723
1.83933
1.84427
1.85083
1.81272
1.84484
1.84443
1.84943
1.82291
1.81876
1.84085
1.84072
1.8456
1.85016
1.83077
1.83356
1.83871
1.83895
1.86484
1.83112
1.81356
1.81749
1.8376
1.84054
1.82621
