1.84417
1.78651
1.86123
1.80769
1.84217
1.84392
1.85717
1.82708
1.84596
1.839
1.85284
1.83627
1.83245
1.83497
1.85724
1.83519
1.83145
1.86419
1.85605
1.85247
1.85195
1.86139
1.85465
1.85273
1.8461
1.85223
1.80875
1.85844
1.84976
1.82607
1.84914
1.84729
1.83576
1.85501
1.85195
1.85185
1.82748
1.85312
1.83201
1.83851
1.83271
1.84622
1.85256
1.84449
1.86133
1.83556
1.8574
1.84091
1.8493
1.83635
1.84363
1.82556
1.84563
1.84356
1.84776
1.825
1.82008
1.83979
1.8465
1.8476
1.83737
1.81776
1.83701
1.84555
1.83217
1.86252
1.83752
1.80923
1.83605
1.84213
1.8419
1.81361
