1.85656
1.78565
1.85789
1.81472
1.84435
1.84488
1.84364
1.83248
1.81785
1.81708
1.84959
1.83522
1.84667
1.79722
1.8558
1.82547
1.8447
1.85797
1.84716
1.84378
1.85183
1.85698
1.85807
1.85347
1.84025
1.86201
1.82026
1.8512
1.83412
1.81921
1.85688
1.84919
1.82986
1.82996
1.85253
1.83066
1.8184
1.85178
1.8281
1.83807
1.82429
1.82912
1.84526
1.83847
1.85662
1.82511
1.85279
1.82436
1.83804
1.84493
1.83335
1.82306
1.84823
1.84384
1.8449
1.83348
1.82071
1.83825
1.82385
1.85035
1.85371
1.8123
1.83084
1.84597
1.83559
1.86033
1.83257
1.82514
1.85161
1.83842
1.84872
1.81878
