1.8475
1.79143
1.83427
1.77279
1.84323
1.83276
1.8492
1.81927
1.771
1.82227
1.85054
1.83258
1.77029
1.77064
1.83671
1.78031
1.83005
1.84485
1.83449
1.82922
1.83984
1.80983
1.81595
1.84535
1.83373
1.85026
1.76111
1.84969
1.82654
1.81973
1.84914
1.78601
1.84059
1.81441
1.82594
1.83848
1.821
1.82916
1.85685
1.81373
1.83051
1.80895
1.82938
1.84634
1.84726
1.8192
1.8472
1.81562
1.83151
1.82366
1.8251
1.80505
1.83055
1.84557
1.82697
1.83653
1.76397
1.81436
1.79738
1.80972
1.82419
1.8246
1.82104
1.82979
1.82094
1.86059
1.81837
1.76502
1.82329
1.83786
1.83972
1.82705
