1.8183
1.86328
1.8238
1.8552
1.85575
1.84834
1.84496
1.83904
1.83813
1.86047
1.84097
1.84635
1.86018
1.84161
1.85079
1.8481
1.85035
1.85224
1.84402
1.83735
1.82758
1.84467
1.82475
1.82223
1.84914
1.83758
1.83758
1.83588
1.84901
1.86098
1.853
1.82361
1.83906
1.85364
1.83991
1.84983
1.84032
1.86173
1.85755
1.84333
1.83843
1.8605
1.84216
1.86311
1.84758
1.8596
1.85341
1.84529
1.8295
1.8467
1.86968
1.79831
1.84485
1.83513
1.85161
1.83468
1.8309
1.83535
1.83293
1.8303
1.84359
1.84577
1.85984
1.84274
1.85611
