1.80648
1.85991
1.83417
1.83637
1.85406
1.84872
1.81223
1.8341
1.83212
1.85515
1.83668
1.85662
1.84241
1.84035
1.842
1.83489
1.84754
1.85448
1.82091
1.82598
1.82668
1.83709
1.82481
1.84691
1.85108
1.83569
1.83569
1.83011
1.84137
1.83889
1.84263
1.81592
1.83893
1.85462
1.8307
1.84532
1.835
1.87254
1.84731
1.83773
1.82041
1.85628
1.84546
1.86488
1.83216
1.85519
1.85035
1.83592
1.82402
1.84502
1.86435
1.80209
1.84006
1.84596
1.84774
1.84111
1.83058
1.83369
1.83266
1.826
1.82832
1.82052
1.85886
1.84134
1.85696
