1.84058
1.86496
1.85306
1.84906
1.85081
1.83726
1.8479
1.84045
1.8454
1.85648
1.84309
1.85468
1.85477
1.85188
1.84909
1.84714
1.8578
1.84815
1.84937
1.84194
1.83859
1.8497
1.83242
1.86101
1.849
1.8446
1.8446
1.8404
1.85925
1.86817
1.84842
1.83561
1.84956
1.84631
1.83828
1.85182
1.84462
1.86149
1.85295
1.83719
1.83737
1.85891
1.83991
1.86605
1.84843
1.85437
1.84956
1.84597
1.82347
1.84912
1.86802
1.81024
1.84394
1.83681
1.84986
1.84779
1.83963
1.83977
1.84167
1.82763
1.84929
1.85536
1.85935
1.84529
1.86198
