1.84268
1.86185
1.83045
1.84809
1.85634
1.83906
1.86001
1.8261
1.85444
1.829
1.85249
1.85313
1.84907
1.84588
1.84449
1.85266
1.84746
1.8593
1.84313
1.85225
1.84628
1.84264
1.82969
1.85492
1.84511
1.8311
1.8311
1.82461
1.85545
1.86006
1.85499
1.83627
1.84739
1.8422
1.84345
1.84905
1.84076
1.84339
1.85408
1.83864
1.83792
1.84844
1.84221
1.86978
1.82986
1.8563
1.84733
1.84949
1.83309
1.84398
1.86401
1.8041
1.84916
1.83845
1.84909
1.84859
1.83619
1.8381
1.83664
1.8318
1.84944
1.8504
1.85787
1.84186
1.8571
