1.81377
1.85828
1.8343
1.85074
1.85404
1.84922
1.83636
1.81262
1.85619
1.84102
1.85348
1.86407
1.85337
1.84973
1.84611
1.85164
1.85309
1.85639
1.84259
1.83601
1.8362
1.85174
1.82836
1.86091
1.84412
1.79374
1.79374
1.83454
1.85608
1.86264
1.85457
1.82542
1.8454
1.84647
1.84103
1.84516
1.8433
1.84068
1.84869
1.83816
1.83022
1.86059
1.85095
1.87509
1.85602
1.85684
1.84589
1.84941
1.82426
1.8419
1.86686
1.80409
1.85235
1.83662
1.84187
1.84138
1.84774
1.83635
1.83785
1.82658
1.84887
1.83216
1.85991
1.84869
1.8567
