1.78134
1.85533
1.81717
1.84533
1.82602
1.85525
1.78622
1.79229
1.84395
1.84845
1.80003
1.83765
1.84898
1.83684
1.84777
1.82719
1.84951
1.80319
1.80608
1.82478
1.791
1.81337
1.82587
1.82423
1.83627
1.81426
1.81426
1.82717
1.83467
1.81943
1.84457
1.81792
1.82342
1.85781
1.82421
1.83403
1.82866
1.85973
1.84694
1.80905
1.81453
1.84944
1.8427
1.8312
1.82505
1.84875
1.85204
1.82816
1.81056
1.84341
1.85011
1.79334
1.83106
1.83558
1.84404
1.80289
1.82529
1.82981
1.83713
1.82565
1.84109
1.81786
1.85334
1.81705
1.8456
