1.79962
1.85653
1.84597
1.85319
1.85387
1.85007
1.85424
1.84277
1.85719
1.85169
1.85102
1.86202
1.85029
1.85427
1.84657
1.8437
1.85867
1.86252
1.84535
1.84768
1.84024
1.8484
1.83127
1.86249
1.84618
1.80088
1.80088
1.83137
1.85302
1.86603
1.85404
1.82344
1.84795
1.84729
1.8439
1.85244
1.83814
1.84579
1.85278
1.83835
1.8319
1.85863
1.84878
1.87146
1.85107
1.85626
1.85255
1.84556
1.82654
1.84606
1.86785
1.80118
1.84641
1.84079
1.84332
1.83837
1.85242
1.83788
1.83424
1.83462
1.84449
1.84317
1.85721
1.85019
1.85492
