1.7693
1.85885
1.80146
1.82314
1.83591
1.85085
1.77802
1.82958
1.83321
1.85319
1.79824
1.84266
1.8425
1.83458
1.84009
1.83758
1.84361
1.81902
1.79947
1.76415
1.80715
1.79071
1.81099
1.79938
1.8339
1.79381
1.79381
1.83646
1.84238
1.825
1.84426
1.80624
1.79924
1.84037
1.8239
1.83941
1.82548
1.86349
1.83668
1.81605
1.79582
1.85406
1.84924
1.8091
1.84277
1.85458
1.84164
1.82985
1.83769
1.84636
1.8442
1.78295
1.80184
1.83014
1.8461
1.81025
1.8223
1.82697
1.82165
1.83896
1.83624
1.78357
1.85452
1.83526
1.85289
