1.78513
1.83994
1.79876
1.81807
1.82223
1.83342
1.75709
1.76812
1.80569
1.83602
1.78827
1.82675
1.81786
1.81706
1.82418
1.78227
1.78253
1.79846
1.79716
1.78939
1.83366
1.78331
1.80827
1.78968
1.84547
1.82927
1.82436
1.80036
1.79179
1.79247
1.83163
1.80803
1.8178
1.83163
1.80783
1.81722
1.80021
1.84257
1.82336
1.81247
1.80008
1.82583
1.82519
1.81303
1.79961
1.81661
1.8183
1.80021
1.86618
1.82818
1.83891
1.78169
1.80652
1.81887
1.83014
1.80575
1.81259
1.81901
1.82075
1.82236
1.81358
1.84212
1.84404
1.82926
1.81369
