1.79908
1.85555
1.82364
1.83534
1.8533
1.83256
1.81767
1.86516
1.83404
1.85074
1.84526
1.85094
1.83883
1.83597
1.84016
1.83948
1.84561
1.85338
1.83869
1.84593
1.84195
1.8427
1.83505
1.84938
1.84188
1.82661
1.82661
1.8288
1.84739
1.83532
1.83608
1.82727
1.82679
1.85061
1.83087
1.84229
1.82767
1.86129
1.85392
1.83346
1.82459
1.84627
1.84526
1.85477
1.86187
1.85439
1.84794
1.84017
1.8351
1.84741
1.86777
1.79269
1.83108
1.83987
1.84542
1.83587
1.84413
1.8346
1.83189
1.83165
1.83922
1.83291
1.85781
1.83337
1.85836
