1.77805
1.8431
1.75472
1.81469
1.81979
1.83295
1.7822
1.68737
1.77606
1.81816
1.81259
1.81584
1.82752
1.78552
1.78347
1.74853
1.77678
1.77142
1.79664
1.72386
1.81936
1.74968
1.78386
1.76763
1.81631
1.77578
1.77578
1.81583
1.82036
1.69666
1.81636
1.79889
1.83214
1.80077
1.81731
1.82383
1.79614
1.82255
1.83047
1.80033
1.79604
1.84145
1.82271
1.80645
1.81054
1.82704
1.81348
1.82055
1.85428
1.82881
1.8308
1.78889
1.78995
1.82069
1.82637
1.79578
1.81452
1.78165
1.79598
1.80724
1.80417
1.80522
1.82183
1.80209
1.81134
