1.83263
1.86479
1.83272
1.85228
1.85363
1.83696
1.84646
1.82055
1.85072
1.84638
1.83615
1.85119
1.85606
1.84919
1.84991
1.85699
1.85406
1.8564
1.85372
1.84226
1.85153
1.85457
1.83922
1.86024
1.84827
1.83866
1.83866
1.83225
1.85544
1.85947
1.85458
1.82347
1.84856
1.84333
1.83577
1.84875
1.83609
1.8446
1.84829
1.83536
1.83667
1.84906
1.84329
1.86746
1.85016
1.85911
1.8517
1.84432
1.83252
1.85208
1.86176
1.80016
1.84569
1.8418
1.85193
1.84405
1.84951
1.83026
1.83407
1.83044
1.84802
1.84967
1.85904
1.83815
1.85758
