1.79721
1.8462
1.79646
1.81286
1.83164
1.84889
1.76523
1.79904
1.83071
1.84879
1.80311
1.84552
1.83176
1.8242
1.83133
1.8184
1.8247
1.82116
1.80929
1.76713
1.77978
1.77996
1.81186
1.81714
1.83285
1.79407
1.79407
1.82479
1.80939
1.8256
1.82967
1.80337
1.81613
1.84712
1.81745
1.82485
1.81715
1.83262
1.84196
1.83216
1.81559
1.85459
1.84294
1.84207
1.83388
1.8453
1.82621
1.82595
1.86308
1.84593
1.85621
1.79187
1.81503
1.83932
1.84508
1.81229
1.83269
1.82477
1.82218
1.828
1.82925
1.80968
1.85445
1.82503
1.84915
