1.8102
1.85997
1.83749
1.83359
1.84529
1.83528
1.83566
1.80665
1.83726
1.85512
1.83613
1.85665
1.83765
1.84626
1.8501
1.82922
1.84512
1.84334
1.84144
1.83639
1.83751
1.83694
1.82725
1.85964
1.84687
1.83772
1.83772
1.83114
1.84346
1.85458
1.84506
1.83493
1.84212
1.85053
1.8307
1.84524
1.82112
1.86097
1.85251
1.82721
1.83586
1.85097
1.84155
1.86532
1.83792
1.85497
1.85071
1.82861
1.85656
1.84935
1.86389
1.80059
1.83562
1.84208
1.84361
1.83906
1.8352
1.83335
1.83847
1.83494
1.83704
1.85726
1.85664
1.83478
1.85496
