1.838
1.83618
1.83584
1.8292
1.83747
1.8356
1.83339
1.83556
1.85365
1.84039
1.82421
1.83538
1.82915
1.82752
1.82362
1.8
1.82678
1.82106
1.82917
1.80109
1.82189
1.83098
1.85429
1.84726
1.83653
1.84206
1.8498
1.83829
1.81296
1.84129
1.84839
1.85783
1.84096
1.83849
1.80584
1.83795
1.85684
1.84261
1.85665
1.83698
1.8376
1.81839
1.84588
1.83946
1.86667
1.83945
1.81248
1.8399
1.83184
1.84134
1.85545
1.84173
1.83584
1.83818
1.85164
1.84026
1.84463
1.83587
1.84144
1.83399
1.80946
1.83409
1.84474
1.8423
