1.83589
1.82892
1.83111
1.83837
1.83928
1.84733
1.83589
1.83625
1.84751
1.82892
1.82939
1.82057
1.79974
1.81345
1.8268
1.80296
1.83379
1.81339
1.8122
1.84825
1.8557
1.84056
1.82909
1.79441
1.84004
1.82532
1.83743
1.81199
1.79111
1.83232
1.84662
1.85887
1.84292
1.83986
1.81033
1.82922
1.85022
1.8472
1.85099
1.83348
1.81915
1.81565
1.85694
1.8293
1.86524
1.83677
1.8205
1.84428
1.84516
1.82924
1.83271
1.83418
1.82195
1.84475
1.86276
1.83737
1.84709
1.83114
1.83181
1.81891
1.78905
1.83159
1.80513
1.84221
