1.82869
1.83113
1.8422
1.83971
1.84547
1.8445
1.83833
1.83631
1.84411
1.82674
1.82028
1.81253
1.77971
1.77018
1.82614
1.79518
1.82137
1.80956
1.83284
1.85077
1.85335
1.83362
1.83086
1.80414
1.83946
1.82015
1.83923
1.8258
1.78024
1.83389
1.8343
1.85159
1.8317
1.82935
1.8103
1.81842
1.83989
1.84351
1.84375
1.82916
1.80288
1.81067
1.85841
1.83129
1.85886
1.83312
1.80109
1.84396
1.8421
1.82797
1.83484
1.81599
1.82229
1.84737
1.8464
1.8358
1.83999
1.82075
1.82465
1.81367
1.78024
1.82513
1.79867
1.83783
