1.82407
1.83074
1.81683
1.80919
1.82262
1.83449
1.83374
1.8355
1.83696
1.81375
1.82021

1.75703
1.79782
1.79069
1.77909
1.82091
1.80129
1.83987
1.82532
1.83973
1.83556
1.82316
1.77093
1.83398
1.82471
1.84494
1.77717
1.78562
1.82455
1.83969
1.83689
1.82886
1.82632
1.81606
1.83093
1.85096
1.84881
1.8552
1.81994
1.79283
1.81131
1.83762
1.80871
1.85259
1.83006
1.80439
1.83399
1.84992
1.82044
1.84142
1.79803
1.81333
1.83046
1.84554
1.82434
1.84112
1.82853
1.78905
1.79941
1.79094
1.82781
1.80542
1.83204
