1.8036
1.79213
1.79129
1.78404
1.80359
1.83166
1.8289
1.81182
1.80231
1.79229
1.76245
1.81306
1.7852
1.60458
1.71718
1.7362
1.79284
1.58069
1.74995
1.77972
1.76635
1.72283
1.8172
1.80935
1.81939
1.80769
1.82468
1.73752
1.77886
1.81388
1.81319
1.78914
1.79985
1.80761
1.76797
1.78776
1.8305
1.82408
1.83502
1.80892
1.77233
1.7989
1.80745
1.77083
1.84238
1.81033
1.75918
1.81034
1.8509
1.81481
1.83383
1.63097
1.78973
1.82814
1.83732
1.80001
1.81206
1.82567
1.74604
1.78493
1.77053
1.81679
1.78271
1.7869
