1.81858
1.82975
1.83836
1.79441
1.81847
1.82786
1.83571
1.83188
1.84052
1.82709
1.81312
1.81578
1.82974
1.80493
1.78973
1.79603
1.79567
1.79479
1.83539
1.79318
1.82222
1.82183
1.83559
1.83039
1.83972
1.82617
1.84581
1.81884
1.80072
1.82967
1.84101
1.84085
1.83328
1.83683
1.79879
1.82783
1.84556
1.84021
1.84911
1.83213
1.82969
1.81619
1.85151
1.8375
1.85331
1.83577
1.79757
1.82921
1.83814
1.83072
1.84394
1.78325
1.83275
1.83534
1.84154
1.8289
1.83613
1.82784
1.81034
1.82117
1.80337
1.82739
1.82644
1.844
