1.83756
1.84343
1.84665
1.8228
1.83531
1.83443
1.84435
1.84434
1.84259
1.8233
1.83106
1.82997
1.81447
1.79651
1.82492
1.79861
1.83991
1.82401
1.82516
1.85122
1.85334
1.86018
1.83767
1.81783
1.8391
1.83624
1.85052
1.82085
1.82024
1.84178
1.85461
1.84975
1.82334
1.84402
1.80273
1.82755
1.85388
1.85879
1.84701
1.84231
1.83193
1.81859
1.85101
1.84442
1.85729
1.83924
1.80915
1.83968
1.84981
1.84081
1.85344
1.84295
1.82801
1.85022
1.85024
1.84734
1.84966
1.83203
1.82462
1.83106
1.82059
1.83434
1.84062
1.84075
