1.80026
1.81463
1.76236
1.80157
1.7881
1.80973
1.81476
1.8028
1.82785
1.79241
1.74499
1.78315
1.75836
1.66751
1.73319
1.79857
1.77442
1.63238
1.80672
1.78769
1.7964
1.70222
1.81578
1.78548
1.80085
1.80609
1.80956
1.72731
1.78105
1.81192
1.79405
1.8072
1.79241
1.79827
1.78319
1.79574
1.81796
1.81632
1.82577
1.79756
1.74537
1.80324
1.81905
1.78439
1.8204
1.82069
1.69905
1.78783
1.82972
1.81644
1.8241
1.68344
1.78247
1.81472
1.8251
1.76905
1.79878
1.80171
1.75833
1.7419
1.77433
1.82193
1.7989
1.78058
