1.81838
1.82225
1.81865
1.81798
1.82322
1.83247
1.83998
1.82348
1.83571
1.8276
1.8185
1.82025
1.80233
1.79768
1.75142
1.79989
1.76817
1.73734
1.82028
1.80938
1.80669
1.81896
1.84197
1.83473
1.83709
1.82246
1.8306
1.79315
1.80039
1.83136
1.84574
1.83861
1.84345
1.82882
1.79633
1.82135
1.84753
1.83244
1.84314
1.8292
1.79668
1.80838
1.85221
1.82939
1.85128
1.83086
1.8014
1.82751
1.84486
1.82419
1.8439
1.80889
1.81472
1.83407
1.84402
1.81777
1.83696
1.82638
1.80958
1.81909
1.79068
1.82537
1.81713
1.82924
