1.82838
1.83087
1.83826
1.82106
1.8402
1.83654
1.83748
1.83263
1.84021
1.82301
1.82402
1.82366
1.81682
1.7894
1.7469
1.78312
1.80945
1.75912
1.81086
1.80589
1.81087
1.80555
1.85168
1.83975
1.83971
1.82165
1.84096
1.78328
1.80655
1.83014
1.84605
1.84076
1.84132
1.82602
1.80647
1.83514
1.85372
1.83965
1.84864
1.83616
1.80422
1.81509
1.85214
1.84091
1.8618
1.82818
1.7974
1.82906
1.84107
1.82645
1.84099
1.80467
1.82755
1.83711
1.84699
1.8306
1.8447
1.8326
1.81831
1.81575
1.79187
1.82779
1.79103
1.83825
