1.8347
1.83521
1.8311
1.82761
1.83933
1.84022
1.84589
1.8262
1.8354
1.82991
1.82532
1.81401
1.79178
1.80426
1.81189
1.77689
1.83209
1.81498
1.81204
1.85248
1.84785
1.84982
1.83887
1.7883
1.83744
1.82386
1.84264
1.82464
1.78908
1.82785
1.84767
1.85781
1.80317
1.83603
1.80411
1.82785
1.85875
1.8502
1.84655
1.83177
1.83129
1.82681
1.85452
1.82201
1.86193
1.83292
1.81428
1.84066
1.8357
1.83787
1.83652
1.82086
1.82282
1.84068
1.85047
1.83513
1.85146
1.82692
1.83085
1.82525
1.78307
1.83062
1.81618
1.83493
