1.86856
1.82465
1.81554
1.76604
1.82508
1.83791
1.76955
1.75045
1.8224
1.81397
1.78299
1.82657
1.80442
1.77594
1.79147
1.82942
1.82307
1.77579
1.84716
1.83459
1.7882
1.84336
1.82665
1.82354
1.82427
1.8175
1.80335
1.84078
1.81338
1.79011
1.79575
1.79631
1.82537
1.8439
1.81998
1.8302
1.81727
1.83918
1.83377
1.84377
1.83728
1.82109
1.84998
1.82136
1.77158
1.786
1.83579
1.81073
1.85691
1.84087
1.80591
1.84847
1.75194
1.83544
1.77653
1.81966
1.80185
1.77511
1.82283
1.82306
1.80301
1.83437
1.83145
1.8364
1.83241
1.83724
