1.8561
1.83386
1.82761
1.80856
1.85613
1.85859
1.79785
1.78426
1.84371
1.83037
1.79883
1.82876
1.84644
1.84454
1.83631
1.83515
1.83657
1.80335
1.85527
1.84572
1.82355
1.84541
1.84109
1.82857
1.83334
1.83377
1.82008
1.85427
1.83889
1.83627
1.81594
1.81646
1.85708
1.85821
1.85532
1.84124
1.84029
1.81837
1.84047
1.84598
1.8612
1.83619
1.85595
1.8351
1.81874
1.77218
1.85416
1.84182
1.85825
1.85194
1.84779
1.85566
1.84687
1.83162
1.79566
1.84322
1.82287
1.81062
1.81829
1.84523
1.8307
1.84119
1.83747
1.85615
1.84683
1.8502
