1.8409
1.84073
1.82864
1.82375
1.86222
1.86075
1.81155
1.84386
1.83324
1.81074
1.85293
1.84429
1.83693
1.8427
1.83837
1.86269
1.84455
1.83111
1.79971
1.83302
1.84446
1.8165
1.85467
1.83787
1.8303
1.83705
1.82539
1.85076
1.84719
1.83636
1.82559
1.83506
1.86103
1.85802
1.85555
1.84298
1.85094
1.84586
1.84162
1.86069
1.86259
1.8367
1.84681
1.83949
1.838
1.76244
1.85454
1.84516
1.86013
1.85337
1.8525
1.84263
1.85069
1.85239
1.8141
1.83734
1.8239
1.82636
1.83428
1.84515
1.83201
1.84176
1.84583
1.858
1.85248
1.84823
