1.84439
1.84143
1.82223
1.8224
1.85677
1.85969
1.82002
1.79145
1.85404
1.83626
1.81089
1.8331
1.85136
1.85359
1.84532
1.84527
1.84586
1.83807
1.85699
1.8495
1.82746
1.85024
1.85351
1.83242
1.83135
1.83271
1.82686
1.85765
1.84538
1.84018
1.81015
1.82261
1.86149
1.856
1.83506
1.85118
1.84762
1.81348
1.8425
1.85737
1.86513
1.83574
1.84754
1.83471
1.84055
1.77376
1.85584
1.83821
1.84744
1.85015
1.85057
1.84129
1.85376
1.84358
1.80802
1.84125
1.83049
1.81999
1.82473
1.85168
1.8281
1.83903
1.84425
1.86229
1.85826
1.85059
