1.83257
1.83027
1.82324
1.79093
1.84576
1.85469
1.77158
1.83648
1.8242
1.79419
1.84752
1.82417
1.83949
1.83676
1.824
1.85128
1.84219
1.82151
1.76665
1.82921
1.84139
1.80166
1.83709
1.82963
1.81793
1.83368
1.82006
1.85677
1.81673
1.81736
1.81578
1.82502
1.85016
1.84826
1.85074
1.8299
1.83992
1.82314
1.83125
1.84656
1.84516
1.82405
1.83913
1.83451
1.82332
1.74533
1.85348
1.83693
1.85771
1.84937
1.84381
1.83962
1.84012
1.83475
1.79486
1.82848
1.83535
1.8129
1.84523
1.84356
1.81899
1.84722
1.82865
1.85834
1.84435
1.83046
