1.83511
1.83663
1.81829
1.80443
1.8408
1.85402
1.78521
1.76947
1.84691
1.82856
1.79949
1.83321
1.83404
1.82276
1.83921
1.83755
1.84118
1.81015
1.86026
1.84763
1.8181
1.85705
1.82863
1.8278
1.81584
1.83113
1.81683
1.8482
1.82804
1.83349
1.809
1.8096
1.83802
1.85742
1.8409
1.83544
1.83912

1.83048
1.84921
1.8525
1.82716
1.85221
1.83163
1.82519
1.75931
1.84216
1.83665
1.8559
1.85116
1.84442
1.84259
1.8388
1.83951
1.79227
1.83673
1.81861
1.81964
1.83877
1.83305
1.82811
1.85013
1.83963
1.85232
1.84802
1.843
