1.83961
1.83024
1.82844
1.83292
1.86431
1.86095
1.79431
1.84435
1.83012
1.81541
1.8509
1.83763
1.8388
1.84317
1.832
1.86002
1.84311
1.82008
1.78495
1.83612
1.84051
1.83712
1.83817
1.82383
1.82895
1.83241
1.81847
1.85843
1.84329
1.82883
1.80765
1.81728
1.86008
1.85064
1.84045
1.84561
1.8468
1.84379
1.83714
1.8515
1.86503
1.84094
1.85779
1.82508
1.83049
1.77399
1.85121
1.83395
1.85595
1.85088
1.85436
1.8531
1.85289
1.84399
1.81343
1.84034
1.83241
1.81435
1.82725
1.84737
1.83054
1.83938
1.83462
1.85878
1.84558
1.85072
