1.83328
1.84066
1.82611
1.83516
1.85819
1.85893
1.80765
1.83863
1.82716
1.80484
1.85196
1.83869
1.83939
1.8484
1.83738
1.86485
1.84414
1.81945
1.78141
1.83154
1.83976
1.84363
1.83726
1.82429
1.83157
1.83405
1.81726
1.86252
1.843
1.82008
1.82436
1.83114
1.86191
1.85443
1.85911
1.84644
1.84406
1.84288
1.84177
1.85425
1.85985
1.84225
1.8539
1.83767
1.8338
1.76793
1.85634
1.84011
1.85329
1.85259
1.85062
1.85571
1.84511
1.84981
1.80963
1.83838
1.83213
1.81699
1.82725
1.84429
1.82834
1.84345
1.83842
1.86233
1.85198
1.85332
