1.8593
1.81139
1.80647
1.78329
1.83141
1.83604
1.76003
1.8176
1.8123
1.78892
1.80739
1.79665
1.81521
1.82135
1.79926
1.85147
1.82887
1.80448
1.74875
1.80964
1.83087
1.81134
1.76812
1.82547
1.80836
1.8232
1.80962
1.84579
1.8025
1.76417
1.78409
1.80772
1.83941
1.84057
1.84672
1.83117
1.82299
1.82539
1.80695
1.84094
1.82172
1.8367
1.83746
1.82161
1.79407
1.79139
1.85287
1.80969
1.84792
1.84066
1.8301
1.84209
1.77406
1.83505
1.78248
1.80777
1.8041
1.79473
1.82162
1.8243
1.81056
1.83745
1.81331
1.83618
1.82824
1.81401
