1.85746
1.84078
1.81918
1.81016
1.84566
1.84609
1.80585
1.77836
1.8415
1.83035
1.80982
1.83454
1.8379
1.82143
1.83444
1.83761
1.84513
1.80982
1.85
1.84311
1.82211
1.82462
1.84669
1.82938
1.81883
1.83149
1.82515
1.85515
1.84382
1.81195
1.8119
1.81735
1.84978
1.85895
1.83701
1.8375
1.8352

1.82905
1.84475
1.85349
1.83172
1.84755
1.82948
1.84012
1.75192
1.85749
1.82761
1.8605
1.84306
1.84961
1.83939
1.83994
1.84717
1.8022
1.82762
1.83117
1.81899
1.83084
1.84236
1.8279
1.84132
1.83667
1.85027
1.84948
1.839
