1.82801
1.84375
1.81375
1.80056
1.84693
1.85525
1.79268
1.83893
1.82494
1.80689
1.85444
1.85046
1.84097
1.83375
1.82981
1.86089
1.84742
1.82359
1.76978
1.83627
1.8406
1.83578
1.83388
1.82666
1.83344
1.83111
1.82569
1.85914
1.84114
1.82541
1.81784
1.82275
1.86309
1.85199
1.85723
1.85084
1.84523
1.81843
1.8448
1.84184
1.85468
1.84313
1.84953
1.83893
1.83726
1.76781
1.85262
1.84234
1.84845
1.84925
1.84979
1.8468
1.84051
1.84841
1.81142
1.8418
1.83368
1.81714
1.82178
1.84399
1.83263
1.83962
1.84255
1.86268
1.85463
1.85003
