1.76957
1.81231
1.77968
1.74652
1.78965
1.82118
1.79606
1.72881
1.79754
1.81492
1.77665
1.82164
1.80476
1.79068
1.81746
1.83115
1.82379
1.78414
1.80711
1.82777
1.78214
1.83985
1.8358
1.80338
1.79199
1.80854
1.79069
1.81022
1.79636
1.78064
1.77778
1.78284
1.81317
1.84476
1.81384
1.81421
1.79846

1.80968
1.82158
1.81679
1.80574
1.82076
1.80099
1.80347
1.77021
1.7912
1.79548
1.81236
1.8145
1.80799
1.80957
1.76247
1.8266
1.7972
1.7748
1.79952
1.79472
1.82627
1.80207
1.80153
1.82664
1.817
1.81794
1.83409
1.79952
