1.83402
1.81698
1.79505
1.74004
1.79608
1.84345
1.78199
1.75449
1.82361
1.81462
1.77776
1.82349
1.78946
1.80087
1.81081
1.82091
1.82151
1.76532
1.8447
1.84426
1.79722
1.84104
1.80205
1.81935
1.81038
1.83206
1.78999
1.84067
1.80127
1.80333
1.79015
1.80163
1.82051
1.83297
1.82891
1.81924
1.83801

1.79915
1.83133
1.81993
1.81815
1.85483
1.81792
1.81794
1.72052
1.82175
1.81681
1.8547
1.83396
1.81775
1.84114
1.75192
1.83538
1.77974
1.80694
1.80756
1.80367
1.8306
1.82442
1.81749
1.83864
1.83539
1.84752
1.83201
1.81711
