1.76691
1.82221
1.8062
1.75949
1.81884
1.84327
1.77783
1.80615
1.82862
1.79073
1.82221
1.77251
1.81574
1.8184
1.77271
1.82675
1.82481
1.79575
1.77599
1.81579
1.82759
1.82683
1.81552
1.80833
1.80497
1.81429
1.81489
1.81621
1.78503
1.77165
1.78964
1.80253
1.81417
1.83079
1.81671
1.83295
1.79722

1.79806
1.81793
1.81589
1.81545
1.81945
1.8122
1.83446
1.7069
1.8217
1.81291
1.83048
1.834
1.81094
1.82273
1.78414
1.82962
1.78579
1.77975
1.79768
1.79813
1.82337
1.83616
1.80615
1.82878
1.8217
1.84628
1.8237
1.80632
