1.80885
1.82266
1.7981
1.81628
1.86013
1.84317
1.82933
1.86136

1.83102
1.80943
1.83854
1.80678
1.77859
1.81382
1.83391
1.82936
1.84387
1.80827
1.8184
1.81006
1.81967
1.83093
1.83547
1.83057
1.84716
1.84325
1.83362
1.8545
1.83648
1.83427
1.83553
1.82132
1.83077
1.81541
1.85328
1.83077
1.81511
1.81622
1.82253
1.83273
1.82064
1.84956
1.83491
1.84587
1.82576
1.85275
1.79731
1.83262
1.84943
1.83191
1.85068
1.82363
1.84112
1.85005
1.84856
1.80687
1.8427
1.82857
1.82551
1.85255
1.83895
1.82453
1.85255
1.83263
1.83597
1.82235
1.85346
1.83589
1.83985
1.85012
1.85445
1.8282
1.83518
1.81694
1.82855
1.85551
1.8361
1.84941
1.84714
1.83283
