1.65952
1.71221
1.60514
1.67272
1.82105
1.7667
1.77609
1.59973
1.80555

1.71144
1.64726
1.69223
1.75963

1.71458
1.79142
1.77673
1.75958
1.69627
1.77111
1.56891
1.62948
1.71747
1.731

1.66093
1.80195
1.7225
1.68815
1.71035
1.76294
1.60095
1.71333
1.76542
1.7691
1.63666
1.70767
1.7028
1.66639
1.8009

1.75219
1.57808

1.65082
1.73549
1.74594
1.79519
1.74754
1.72195
1.6729
1.63807
1.75606
1.71571
1.70791
1.74076
1.81751
1.72175
1.7489
1.76065
1.7718
1.76581
1.71826
1.76962
1.7791
1.71392
1.80136
1.77349
1.76656
1.77562
1.82245

1.69398
1.73193
1.78813
1.75647
1.79055
1.74331
1.77403
1.6853
