1.8095
1.81074
1.80189
1.8067
1.84703
1.84085
1.8433
1.85819

1.82659
1.79029
1.83938
1.79487
1.7757
1.80636
1.82409
1.82086
1.84451
1.8173
1.8181
1.8078
1.8151
1.8148
1.841
1.82486
1.83583
1.83183
1.82387
1.85462
1.83711
1.83718
1.83372
1.80711
1.81398
1.78834
1.84526
1.81398
1.7976
1.81094
1.81443
1.84705
1.79038
1.85077
1.83347
1.83368
1.80749
1.84671
1.80676
1.84179
1.8537
1.82505
1.82418
1.82417
1.84876
1.85202
1.84172
1.81706
1.84416
1.82962
1.82456
1.85593
1.83583
1.80725
1.85593
1.79912
1.82268
1.82587
1.82962
1.84496
1.83592
1.83629
1.85324
1.82418
1.82899
1.82607
1.82309
1.84786
1.82514
1.83882
1.84104
1.83418
