1.77325
1.67541
1.70304
1.69912
1.8048
1.80437
1.72317

1.71858

1.76786
1.69113
1.74206
1.76093
1.72471

1.68032
1.72653
1.74767
1.73122
1.78989
1.69385
1.70782
1.71269
1.67636
1.72993
1.7581
1.63938
1.73721
1.71945
1.71236
1.76555
1.64555
1.76577
1.74528
1.76177
1.70782
1.72305
1.75764
1.74418
1.77334
1.75872
1.7618
1.61612
1.74494
1.68605
1.6827
1.77625
1.79883
1.69091
1.71143
1.71439
1.71403
1.75787
1.76394
1.69578
1.75401
1.72146
1.73683
1.66644
1.77139
1.75599
1.76569
1.75982
1.73434
1.75566
1.68056
1.79267
1.78285
1.72035
1.79409
1.7726

1.72621
1.72301
1.73522
1.77556
1.79102
1.79855
1.78508
1.77289
