1.81339
1.83063
1.81974
1.79892
1.82386
1.83116
1.82321
1.83982
1.82401

1.82369
1.78604
1.82712
1.82139
1.82609
1.80025
1.81113
1.83574
1.82887
1.83495
1.79503
1.81442
1.82042
1.80934
1.81516
1.8221
1.83642
1.79731
1.82213
1.83815
1.81742
1.8264
1.83236
1.8288
1.83918
1.84795
1.82042
1.82462
1.80902
1.81323
1.83961
1.82384
1.83864
1.83001
1.83816
1.8236
1.83646
1.78719
1.83935
1.85346
1.82806
1.83765
1.82818
1.85624
1.84713
1.82763
1.80944
1.83964
1.81083
1.81792
1.83123
1.82763
1.80407
1.83123
1.81528
1.85172
1.80246
1.84446
1.83436
1.83427
1.83359
1.85715
1.81668
1.82052
1.82095
1.81026
1.83787
1.83319
1.84183
1.847
1.81271
