1.8132
1.83446
1.82895
1.8189
1.84295
1.83991
1.82981
1.78245

1.83736
1.80629
1.84201
1.8224
1.7912
1.8041
1.84892
1.83498
1.84243
1.81352
1.8133
1.8189
1.82568
1.82601
1.85041
1.8363
1.83745
1.84164
1.83425
1.83625
1.84359
1.83562
1.83546
1.82948
1.83294
1.79492
1.85367
1.83214
1.82605
1.8001
1.8288
1.84223
1.80721
1.85311
1.83869
1.84227
1.81313
1.85239
1.82157
1.83699
1.85681
1.8296
1.86152
1.83599
1.85971
1.85674
1.84694
1.81457
1.84815
1.82911
1.82595
1.84665
1.83459
1.8215
1.84665
1.82578
1.85002
1.82718
1.85207
1.84329
1.84301
1.8335
1.85151
1.82753
1.83455
1.83869
1.82672
1.85439
1.8348
1.84758
1.85393
1.85921
