1.80234
1.80399
1.80658
1.79328
1.82389
1.81936
1.83381
1.83427
1.8483

1.77887
1.80001
1.81512
1.79402
1.82218
1.79169
1.7903
1.80295
1.80528
1.82588
1.79522
1.79034
1.79171
1.79189
1.81897
1.80833
1.83742
1.7849
1.80983
1.83217
1.84203
1.81856
1.82314
1.8076
1.836
1.83373
1.79171
1.80842
1.80162
1.82004
1.84073
1.79031
1.83451
1.81471
1.83711
1.80675
1.84658
1.77768
1.82083
1.84328
1.81608
1.80823
1.80955
1.83548
1.83812
1.81768
1.79649
1.84148
1.80937
1.81681
1.83184
1.81033
1.81499
1.83184
1.81744
1.84422
1.79852
1.82912
1.83432
1.82891
1.8322
1.84696
1.809
1.8211
1.81264
1.79845
1.8464
1.81761
1.83358
1.84871
1.79687
