1.7699
1.71179
1.63041
1.73848
1.76445
1.81377
1.80595
1.76575

1.7133
1.72936
1.68204
1.74177
1.74099
1.80113
1.76722
1.72509
1.77341
1.79617
1.74023
1.74817
1.68801
1.75683
1.78284
1.72115
1.73998
1.81336
1.75475
1.52909
1.67397
1.80403
1.67654
1.72875
1.69368
1.80924
1.78019
1.69368
1.77375
1.74347
1.72892
1.80881
1.74496
1.80925
1.70475
1.73727
1.65528
1.73562
1.77515
1.7967
1.80072
1.74746
1.7038
1.75452
1.77721
1.74123
1.75292
1.75818
1.75722
1.77401
1.7167
1.75948
1.77793
1.76312
1.77007
1.73247
1.76136
1.65804
1.78756
1.77866
1.76375
1.7234
1.77474
1.74653
1.77483
1.71959
1.74543
1.82016
1.80197
1.76802
1.7756
1.74021
