1.81417
1.83646
1.82699
1.81221
1.84636
1.84516
1.83298
1.86445
1.8301

1.84084
1.80956
1.83576
1.83825
1.83916
1.80062
1.8209
1.84007
1.83895
1.84547
1.82078
1.81359
1.82855
1.82119
1.82945
1.82655
1.84616
1.81005
1.83045
1.85149
1.84691
1.83566
1.84244
1.84185
1.84061
1.8454
1.82855
1.83019
1.81263
1.83017
1.85234
1.79571
1.85243
1.83988
1.84576
1.81345
1.84195
1.8209
1.86059
1.85165
1.83241
1.85378
1.83387
1.85936
1.8375
1.84922
1.81948
1.83884
1.82946
1.82642
1.85229
1.83535
1.81957
1.85229
1.81722
1.84418
1.83017
1.85826
1.83988
1.847
1.84183
1.85969
1.84136
1.82461
1.84031
1.82493
1.84444
1.83885
1.84931
1.85383
1.85858
