1.60768
1.75481
1.67639
1.79395
1.80218
1.67329
1.71677
1.71292

1.69693
1.66132
1.66861
1.69772
1.66506
1.69214
1.75729
1.67816
1.71421
1.72794

1.68237
1.63772
1.5681
1.65508
1.70938
1.62511
1.66971
1.68467

1.70155
1.74602


1.67337
1.67091
1.6445
1.67443
1.69606
1.75911
1.72438
1.65891
1.68171
1.64257
1.64374
1.76859
1.61792
1.72686
1.80374
1.68337
1.7965
1.72283
1.62366
1.59823
1.6829
1.71844
1.61766
1.68511
1.71312
1.71281

1.70072
1.65728
1.70285
1.6836
1.65007


1.73296
1.75408
1.69366
1.64013
1.61137

1.74084
1.59611
1.78088
1.50978
1.75831
1.7124
1.63488
1.77007
