1.80297
1.82046
1.80584
1.81277
1.83974
1.85165
1.82079
1.85564

1.82584
1.80431
1.83648
1.81742
1.79325
1.80194
1.83558
1.84382
1.83329
1.82612
1.81864
1.8137
1.82825
1.82699
1.83049
1.83455
1.84512
1.84696
1.85159
1.83731
1.84079
1.84189
1.84057
1.82754
1.83195
1.80666
1.84738
1.83195
1.81909
1.80402
1.82873
1.83642
1.82566
1.84675
1.82709
1.8433
1.83297
1.85201
1.79513
1.83591
1.8523
1.83437
1.84828
1.82816
1.85644
1.84393
1.84537
1.80913
1.83283
1.82173
1.8284
1.85335
1.83804
1.81398
1.85335
1.80597
1.8464
1.8167
1.85995
1.84159
1.84984
1.84503
1.85474
1.82681
1.83611
1.83643
1.82673
1.85302
1.83914
1.85359
1.85366
1.85271
