1.75052
1.77316
1.77666
1.73907
1.80068
1.74503
1.78747
1.66655
1.77885

1.74186
1.71783
1.76523
1.78408

1.57737
1.78738
1.77234
1.75517
1.73976
1.75552
1.75034
1.67517
1.75041
1.76501
1.79761
1.71875

1.7366
1.72392
1.76872
1.76262
1.66702
1.74841
1.78671
1.76931
1.67408
1.75554
1.7772
1.77012
1.78836
1.73306
1.73331
1.75138
1.76389

1.75635
1.76166
1.71443
1.71644
1.7281
1.73941
1.72786
1.74303
1.79404
1.76992
1.76798
1.78115
1.72078
1.63786
1.76866
1.73731
1.7443
1.76274
1.74637
1.75467
1.73355
1.80622
1.74661
1.78599
1.77464
1.77164
1.68229
1.77081
1.74786
1.71819
1.73645
1.79564
1.78789
1.76543
1.73789
