1.79398
1.79801
1.78875
1.79437
1.82024
1.82812
1.81033
1.83842

1.81735
1.79689
1.81623
1.81202
1.77499
1.77612
1.7732
1.80288
1.83246
1.80016
1.79245
1.78811
1.81399
1.79243
1.79629
1.81434
1.82053
1.82923
1.81995
1.81907
1.82265
1.82887
1.83954
1.79836
1.79202
1.74725
1.8391
1.81878
1.78043
1.8028
1.79346
1.83748

1.83381
1.82597
1.82221
1.79743
1.83383
1.77619
1.81921
1.83199
1.81631
1.82294
1.81576
1.81257
1.83671
1.81323
1.81697
1.83572
1.80624
1.80386
1.84447
1.83008
1.80239
1.84447
1.81132
1.81153
1.80981
1.83134
1.81609
1.82257
1.82925
1.84166
1.81509
1.82066
1.82126
1.79749
1.83634
1.81466
1.80284
1.82731
1.80306
