1.80116
1.81482
1.80775
1.80468
1.83163
1.84033
1.81819
1.84179
1.84697

1.82304
1.79964
1.82711
1.81377
1.83451
1.76631
1.80182
1.82938
1.81691
1.8451
1.81027
1.80913
1.81548
1.79849
1.81702
1.80983
1.83494
1.80907
1.81758
1.83254
1.83875
1.82406
1.84833
1.82677
1.8309
1.83506
1.81548
1.8081
1.78678
1.82458
1.84241
1.77707
1.84449
1.8316
1.84207
1.80349
1.83718
1.79741
1.82491
1.84417
1.82031
1.8192
1.82548
1.83929
1.84441
1.83665
1.80836
1.85462
1.81248
1.82504
1.84219
1.83334
1.81552
1.84219
1.81457
1.83643
1.7988
1.85171
1.8355
1.83678
1.82494
1.85312
1.82428
1.82336
1.83869
1.81646
1.85112
1.82865
1.83634
1.85285
1.84443
