-0.09873
-0.05058
-0.09669
-0.12574
-0.13942
-0.14267
-0.09422
-0.10832
-0.10665
-0.076
-0.0994
-0.11904
-0.11686
-0.10669
-0.10612
-0.08522
-0.11693
-0.10791
-0.12151
-0.10137
-0.08758
-0.14397
-0.10526
-0.12369
-0.09311
-0.09048
-0.10418
-0.11191
-0.10848
-0.07136
-0.13562
-0.11582
-0.07536
-0.10695
-0.13025
-0.12838
-0.09503
-0.12344
-0.11453
-0.13384
-0.11786
-0.07156
-0.11227
-0.13616
-0.21004
-0.13898
-0.09681
-0.18539
-0.09917
-0.1077
-0.121
-0.08361
-0.10799
-0.09605
-0.10978
-0.08464
-0.11894
-0.14597
-0.12349
-0.12791
-0.09336
-0.13698
-0.08456
-0.14386
-0.1127
-0.08501
-0.10119
-0.09622
-0.08899
-0.07832
