0.12784
0.09061
0.10839
0.08877
0.1259
0.1357
0.09024
0.12162
0.09741
0.07335
0.12392
0.11327
0.12969
0.11654
0.11032
0.08836
0.12073
0.11653
0.11511
0.10807
0.11535
0.14956
0.11919
0.11594
0.18344
0.10382
0.13843
0.13408
0.12832
0.07076
0.14241
0.12195
0.10062
0.13213
0.13866
0.13868
0.09003
0.10996
0.12135
0.19029
0.1275
0.0986
0.11326
0.15826
0.16075
0.14935
0.1119
0.19266
0.11206
0.10486
0.15332
0.07478
0.08971
0.10831
0.18422
0.10402
0.13724
0.14585
0.13918
0.11221
0.096
0.1462
0.07674
0.21944
0.15294
0.10432
0.10587
0.11619
0.10602
0.08099
