0.02911
0.04003
0.0117
-0.03697
-0.01352
-0.00697
-0.00398
0.0133
-0.00924
-0.00265
0.02452
-0.00577
0.01283
0.00985
0.0042
0.00314
0.0038
0.00862
-0.0064
0.0067
0.02777
0.00559
0.01393
-0.00775
0.09033
0.01334
0.03425
0.02217
0.01984
-0.0006
0.00679
0.00613
0.02526
0.02518
0.00841
0.0103
-0.005
-0.01348
0.00682
0.05645
0.00964
0.02704
0.00099
0.0221
-0.04929
0.01037
0.01509
0.00727
0.01289
-0.00284
0.03232
-0.00883
-0.01828
0.01226
0.07444
0.01938
0.0183
-0.00012
0.01569
-0.0157
0.00264
0.00922
-0.00782
0.07558
0.04024
0.01931
0.00468
0.01997
0.01703
0.00267
