-0.0886
-0.09954
-0.09469
-0.1078
-0.0812
-0.08084
-0.09527
-0.08554
-0.08097
-0.08964
-0.08614
-0.13924
-0.1105
-0.08238
-0.11079
-0.11219
-0.11708
-0.10905
-0.15242
-0.10295
-0.09337
-0.07541
-0.08442
-0.09662
-0.09737
-0.11994
-0.08849
-0.10526
-0.0743
-0.08423
-0.08955
-0.10166
-0.08472
-0.10388
-0.10635
-0.1053
-0.10567
-0.07838
-0.10801
-0.09087
-0.09842
-0.10317
-0.088
-0.08487
-0.09595
-0.08333
-0.09875
-0.09717
-0.12953
-0.10293
-0.11731
-0.09063
-0.08299
-0.08759
-0.09614
-0.09119
-0.12525
-0.08124
-0.10383
-0.08629
