-0.07092
-0.12714
-0.10219
-0.0828
-0.11993
-0.12327
-0.14417
-0.15166
-0.081
-0.09859
-0.07257
-0.12649
-0.08224
-0.09389
-0.09748
-0.09402
-0.09478
-0.10885
-0.10229
-0.08646
-0.11917
-0.07916
-0.1054
-0.08985
-0.09789
-0.0688
-0.12004
-0.14014
-0.09561
-0.09355
-0.10182
-0.10951
-0.09081
-0.08521
-0.15962
-0.13396
-0.09279
-0.08943
-0.10835
-0.1563
-0.10735
-0.09093
-0.1091
-0.08777
-0.11093
-0.07854
-0.12177
-0.08228
-0.11795
-0.07389
-0.111
-0.12404
-0.1359
-0.08736
-0.10108
-0.08351
-0.16964
-0.12641
-0.06747
-0.10314
-0.11406
-0.12645
-0.17026
-0.09936
-0.10574
-0.11291
