0.09682
0.11145
0.10289
0.06707
0.10637
0.12622
0.23732
0.15503
0.0878
0.09423
0.08251
0.12426
0.07813
0.09415
0.1233
0.09656
0.1322
0.15322
0.11156
0.09082
0.1226
0.078
0.11907
0.09613
0.08357
0.12524
0.12707
0.11686
0.10024
0.1189
0.12153
0.12184
0.08271
0.10157
0.15194
0.17396
0.0931
0.11373
0.10976
0.15624
0.10511
0.11206
0.12889
0.09828
0.11084
0.06943
0.14845
0.10648
0.13551
0.0867
0.09281
0.10404
0.12052
0.11129
0.13154
0.09057
0.21254
0.13596
0.08745
0.11286
0.12647
0.15376
0.17614
0.11332
0.10657
0.11133
