0.0259
-0.01569
0.0007
-0.01573
-0.01356
0.00295
0.09315
0.00337
0.0068
-0.00436
0.00994
-0.00223
-0.00411
0.00026
0.02582
0.00254
0.03742
0.04437
0.00927
0.00436
0.00343
-0.00116
0.01367
0.00628
-0.01432
0.05644
0.00703
-0.02328
0.00463
0.02535
0.01971
0.01233
-0.0081
0.01636
-0.00768
0.04
0.00031
0.0243
0.00141
-6e-05
-0.00224
0.02113
0.01979
0.01051
-9e-05
-0.00911
0.02668
0.0242
0.01756
0.01281
-0.01819
-0.02
-0.01538
0.02393
0.03046
0.00706
0.0429
0.00955
0.01998
0.00972
0.01241
0.02731
0.00588
0.01396
0.00083
-0.00158
