 -0.11036   0.18797   0.29833 
  0.02851   0.14222   0.11371 
  0.00331   0.04559   0.04228 
 -0.00122   0.03028    0.0315 
 -0.07627   0.09999   0.17626 
 -0.03657   0.02636   0.06293 
 -0.04107   0.06774   0.10881 
 -0.06837   0.01566   0.08403 
 -0.01882   0.04229   0.06111 
 -0.03121   0.08376   0.11497 
  0.00095   0.08464   0.08369 
 -0.06359   0.02773   0.09132 
 -0.02576   0.06119   0.08695 
  0.03532   0.07052    0.0352 
 -0.00346   0.06649   0.06995 
 -0.07088   0.10335   0.17423 
 -0.03753   0.06942   0.10695 
  -0.0448   0.11339   0.14356 
  0.00816   0.07208   0.15819 
 -0.00368   0.04406   0.06392 
 -0.04555   0.03909   0.04774 
 -0.06048   0.07087   0.08464 
   0.0326   0.10353   0.13135 
 -0.01508   0.03944   0.07093 
  0.03448   0.08067   0.05452 
 -0.03079   0.07573   0.04619 
  0.02973   0.12284   0.10652 
 -0.00473   0.13541   0.09311 
  0.02423   0.11368   0.14014 
   0.0277   0.07507   0.08945 
  0.02856   0.08878   0.04737 
  0.00066   0.07422   0.06022 
 -0.02588     0.057   0.07356 
 -0.08623   0.02886   0.08288 
  0.12561   0.22113   0.07077 
 -0.00271   0.14196   0.11509 
 -0.11797   0.04268   0.09552 
 -0.03866   0.04142   0.14467 
 -0.02392    0.0608   0.16065 
  0.03108   0.08907   0.08008 
  0.00813   0.11274   0.08472 
  0.02331   0.09271   0.05799 
  0.02737   0.10263   0.10461 
 -0.04678   0.05575    0.0694 
  0.05911   0.09761   0.07526 
    5e-05   0.05594   0.10253 
 -0.04679   0.04685    0.0385 
  0.00838   0.06764   0.05589 
  0.01097   0.06548   0.09364 
