  0.08946   0.00112  -0.08834 
  0.07993  -0.00062  -0.08055 
  0.11091   0.00213  -0.10878 
  0.09825  -0.00937  -0.10762 
  0.10132   0.02605  -0.07527 
  0.09031   0.00905  -0.08126 
  0.10103   0.00706  -0.09397 
  0.05238   0.00103  -0.09004 
  0.08494   0.00592  -0.05135 
  0.08779  -0.00325  -0.07902 
  0.14699   0.00828  -0.09104 
  0.09833  -0.00126  -0.13871 
  0.08603  -0.02543  -0.09959 
  0.13175   -0.0052  -0.11146 
  0.08399   0.00874  -0.13695 
  0.11054  -0.00338  -0.07525 
  0.10193   0.00302  -0.11392 
  0.09769   0.00474  -0.09891 
  0.07874   0.00565  -0.09295 
  0.10235   0.01123  -0.07309 
   0.0857  -0.00873  -0.09112 
  0.10887   0.00374  -0.09443 
  0.07317   -0.0024  -0.10513 
  0.09401  -0.00243  -0.07557 
  0.12858   0.01066  -0.09644 
  0.11335   0.01943  -0.11792 
  0.13192   0.00935  -0.09392 
  0.09113  -0.00092  -0.12257 
   0.1149   0.01292  -0.09205 
  0.11874   0.02263  -0.10198 
  0.09625  -0.00301  -0.09611 
  0.11995   0.01204  -0.09926 
  0.10246   0.00545  -0.10791 
  0.12998   0.00423  -0.09701 
  0.07613   0.00843  -0.12575 
  0.11954   0.00765   -0.0677 
  0.10548   0.02188  -0.11189 
  0.06535    -0.014   -0.0836 
  0.10129   0.00255  -0.07935 
  0.08325   0.00115  -0.09874 
  0.08643   0.00164   -0.0821 
  0.08309  -0.01224  -0.08479 
   0.1044   0.00796  -0.09533 
  0.10057  -0.00867  -0.09644 
  0.07651      0.01  -0.10924 
   0.0998   0.00049  -0.06651 
  0.11421   0.01151  -0.09931 
  0.09497  -0.00252   -0.1027 
  0.08937   0.00568  -0.09749 
  0.12004   0.02955  -0.08369 
