 -0.17388   0.07685   0.25073 
 -0.02641   0.08068   0.10709 
 -0.01886   0.09117   0.11003 
 -0.04787   0.02783    0.0757 
 -0.04872   0.11332   0.16204 
 -0.01152   0.01736   0.02888 
  0.07244    0.2014   0.12896 
 -0.04182   0.02405   0.06587 
  0.04202    0.0767   0.06936 
  0.05329   0.06408   0.03468 
  0.02228   0.07311   0.01079 
 -0.00267   0.11435   0.05083 
  0.08197   0.11696   0.11702 
  0.02131   0.08661   0.03499 
 -0.04021   0.02611    0.0653 
  0.02771   0.04823   0.06632 
  0.00428    0.0372   0.02052 
  0.07521   0.11657   0.03292 
  0.04846   0.10383   0.04136 
  0.01611   0.03688   0.05537 
 -0.05015   0.00889   0.02077 
 -0.03525   0.01249   0.05904 
 -0.01405   0.07383   0.04774 
  0.03671   0.11303   0.08788 
 -0.07243   0.03745   0.07632 
 -0.15827   0.01712   0.10988 
 -0.10148    0.0621   0.17539 
 -0.06417   0.05179   0.16358 
  0.04878   0.08429   0.11596 
  0.05282   0.07105   0.03551 
 -0.01149   0.06654   0.01823 
 -0.02754    0.0715   0.07803 
 -0.01022   0.14245   0.09904 
 -0.00174   0.07275   0.15267 
  0.12699     0.201   0.07449 
   0.0675   0.18251   0.07401 
 -0.07072    0.0729   0.11501 
  -0.0034   0.05575   0.14362 
 -0.01598   0.03549   0.05915 
 -0.02237   0.08921   0.05147 
   0.0029   0.09405   0.11158 
    0.013   0.05331   0.09115 
  0.02717   0.05789   0.04031 
  0.04583   0.11216   0.03072 
 -0.02252   0.05263   0.06633 
 -0.03091   0.04279   0.07515 
  0.03494   0.08094    0.0737 
 -0.01389   0.04325     0.046 
