 -0.05538   0.02189   0.07727 
  0.02144   0.09701   0.04285 
 -0.00599   0.04557   0.07557 
  0.12325   0.21633   0.05156 
 -0.18679   0.05228   0.09308 
 -0.05438   0.07111   0.23907 
 -0.02925    0.1178   0.12549 
  0.03167   0.08152   0.14705 
 -0.03431   0.10236   0.04985 
 -0.01389   0.02905   0.13667 
 -0.12935   0.06001   0.04294 
 -0.06722   0.03093   0.01781 
  0.02047   0.14992   0.18936 
 -0.03582   0.05592   0.09815 
 -0.02695   0.04457   0.12945 
 -0.05394   0.05876   0.09174 
 -0.02788   0.07631   0.07152 
 -0.05748   0.00434    0.1127 
 -0.04832   0.02249   0.10419 
 -0.00828   0.05137   0.06182 
 -0.00933   0.07077   0.07081 
 -0.06597     0.037   0.05965 
  0.11444   0.18655    0.0801 
  0.04272    0.0901   0.10297 
 -0.05961   0.03142   0.07211 
 -0.05335   0.05318   0.04738 
  -0.0115   0.06735   0.09103 
  0.07447   0.09664   0.10653 
 -0.04804   0.21044   0.07885 
  0.02358   0.16152   0.02217 
 -0.20111   0.10073   0.25848 
   0.0175   0.09448   0.13794 
  -0.0894   0.01902   0.30184 
 -0.01524   0.02601   0.07698 
 -0.07047   0.03741   0.10842 
  0.07908   0.19987   0.04125 
 -0.04784   0.22098   0.10788 
  -0.1007   0.08927   0.12079 
 -0.15617   0.09147   0.26882 
 -0.02214   0.09057   0.18997 
  0.00518    0.1126   0.24764 
  0.00422   0.08393   0.11271 
  0.20234   0.22755   0.10742 
  -0.0586   0.11245   0.07971 
 -0.03212   0.04955   0.02521 
 -0.04708   0.01608   0.17105 
 -0.07786    0.0212   0.08167 
  0.03607   0.09865   0.06316 
 -0.03816   0.01787   0.09906 
