  0.10404   0.00501  -0.09903 
  0.09615    0.0154  -0.08075 
  0.11551    0.0074  -0.10811 
  0.08241   0.00027  -0.08214 
  0.08915  -0.00139  -0.09054 
  0.08048   0.00731  -0.07317 
  0.10625   0.01748  -0.08877 
  0.10896   0.01641  -0.09255 
  0.11244  -0.00789  -0.12033 
  0.09588   0.00845  -0.08743 
  0.09084   0.00566  -0.08518 
  0.08521    -2e-05  -0.08523 
  0.08284  -0.00703  -0.08987 
  0.07436  -0.00331  -0.07767 
  0.12268   0.02011  -0.10257 
   0.0842   0.00579  -0.07841 
  0.08949   0.00864  -0.08085 
  0.08762   0.00309  -0.08453 
  0.11377   0.02471  -0.08906 
  0.09732   0.00779  -0.08953 
  0.08713  -0.00521  -0.09234 
  0.12865   0.00231  -0.12634 
  0.09227  -0.00655  -0.09882 
  0.09808   0.00063  -0.09745 
  0.10204   0.00053  -0.10151 
  0.13197  -0.00132  -0.13329 
  0.08338   0.00069  -0.08269 
  0.09341  -0.00521  -0.09862 
  0.08742  -0.00538   -0.0928 
    0.094   0.00629  -0.08771 
  0.08852  -0.00255  -0.09107 
  0.07936  -0.00682  -0.08618 
  0.08732  -0.00122  -0.08854 
   0.0879  -0.00641  -0.09431 
  0.09259   0.00347  -0.08912 
  0.09979  -0.00809  -0.10788 
  0.08438  -0.00626  -0.09064 
  0.09178  -0.00999  -0.10177 
   0.0479   -0.0053   -0.0532 
  0.09423   0.00985  -0.08438 
  0.09369  -0.00709  -0.10078 
  0.07382  -0.00465  -0.07847 
  0.08089  -0.01396  -0.09485 
  0.09202    0.0096  -0.08242 
   0.0832   0.00619  -0.07701 
  0.11576   0.00249  -0.11327 
  0.08441    0.0076  -0.07681 
  0.07512   0.00418  -0.07094 
  0.10746  -0.00057  -0.10803 
  0.10573   0.01623   -0.0895 
  0.11357   0.00382  -0.10975 
