 -0.05316   0.03717   0.09033 
 -0.15958   0.07566   0.23524 
 -0.02102   0.05625   0.07727 
 -0.05331   0.05801   0.11132 
 -0.06408   0.14242    0.2065 
 -0.09261   0.09958   0.19219 
 -0.02468   0.06736   0.09204 
  0.01945   0.10607   0.08662 
 -0.02569   0.05019   0.07588 
  -0.0662   0.10424   0.17044 
 -0.11043   0.01707    0.1275 
  0.10764   0.25183   0.14419 
 -0.02903   0.05121   0.08024 
 -0.07467   0.11229   0.18696 
 -0.02067   0.06009   0.08076 
  0.03294    0.0596   0.02666 
 -0.02644   0.07716    0.1036 
 -0.00664   0.04525   0.05189 
 -0.00401   0.07352   0.07753 
  0.04945   0.10829   0.05884 
  0.05673   0.11001   0.05328 
  -0.0045    0.0212    0.0257 
  0.00585   0.03948   0.03363 
 -0.04309   0.07373   0.11682 
 -0.02265   0.03512   0.05777 
   0.0383   0.09176   0.05346 
 -0.03808    0.1156   0.15368 
 -0.04329  -0.00434   0.03895 
   -0.019   0.02342   0.04242 
 -0.06901    0.0174   0.08641 
  0.04266   0.10841   0.06575 
  0.00988    0.0422   0.09676 
  -0.0924   0.04047   0.03232 
 -0.08332   0.01504   0.13287 
  -0.0561   0.05113   0.09836 
 -0.14645    0.0298   0.10723 
 -0.08435   0.05424   0.17625 
  -0.0811   0.03703   0.13859 
 -0.07388   0.13004   0.21114 
 -0.04249   0.11438    0.1818 
 -0.05066   0.10792   0.12383 
 -0.05328   0.08134   0.13314 
  -0.0301   0.08248   0.15318 
  0.03174    0.0999   0.08672 
 -0.08839   0.05662   0.02494 
 -0.03768   0.05668   0.13055 
  0.01103   0.04216   0.09929 
  0.00094   0.06161   0.02373 
