 -0.00615   0.07223   0.07838 
 -0.01441    0.0721   0.08651 
 -0.13753    0.1162   0.19183 
 -0.04031    0.0543   0.09877 
 -0.04573   0.05846   0.19731 
  0.01496   0.15158   0.09506 
  0.02468   0.11002   0.09845 
 -0.09568   0.12313    0.1288 
  0.01676   0.14557   0.11735 
 -0.12411   0.03312   0.23222 
   0.0006   0.13411   0.08783 
  0.03781   0.10811    0.0709 
   0.0727    0.0746   0.08885 
   0.0122   0.08843   0.06363 
 -0.07923   0.10871   0.14315 
  0.04868   0.16155   0.12293 
  0.01088   0.07583    0.0563 
 -0.04081   0.06392   0.15817 
 -0.02207   0.17161   0.15085 
 -0.01736   0.06718   0.23794 
 -0.14597   0.11736   0.28179 
  -0.2091   0.12878   0.33983 
 -0.13762   0.22058   0.17456 
 -0.03054   0.13582   0.14202 
  0.02742   0.13073    0.0334 
  0.06405   0.03694   0.08671 
  0.02761   0.11148    0.0737 
 -0.10111   0.06082   0.15531 
  0.03538   0.15076   0.04222 
 -0.03127   0.10131   0.05579 
  0.03304    0.0542   0.07698 
 -0.02744    0.0776   0.11207 
   0.0311   0.02452   0.06888 
  0.00657   0.11002    0.0109 
  0.04452   0.08463   0.00302 
 -0.03704   0.09998    0.1108 
 -0.06397   0.01747   0.11998 
 -0.03046   0.15897   0.33443 
   0.0039   0.04754   0.21551 
 -0.00612   0.08294   0.00424 
 -0.02315   0.27046   0.14105 
  0.05086   0.18505   0.14256 
  -0.0435   0.00814   0.24189 
  0.00685   0.13493   0.02567 
 -0.00651   0.11941   0.07643 
 -0.02807   0.07653   0.05247 
 -0.01829   0.03293   0.04591 
  0.00594   0.05932   0.05058 
  0.00179    0.0394   0.08846 
  0.12241   0.02251   0.08614 
  0.03225   0.07017   0.05282 
 -0.00556   0.09208   0.06048 
 -0.00628   0.05461   0.07974 
  0.01547   0.18289   0.17776 
 -0.02749   0.11199   0.08657 
  0.03049    0.1722   0.02539 
  0.05726   0.08029    0.1155 
  0.02592   0.04086   0.10322 
