  0.09199   0.00895  -0.08304 
  0.09802   0.00507  -0.09295 
  0.09695   0.00779  -0.08916 
  0.09276    0.0068  -0.08596 
  0.08072  -0.00368   -0.0844 
  0.09919   0.00431  -0.09488 
  0.09965   0.00594  -0.09371 
  0.09339   0.00845  -0.08494 
   0.1143  -0.00215  -0.11645 
  0.09055   0.01144  -0.07911 
  0.08528  -0.00059  -0.08587 
   0.0883  -0.00214  -0.09044 
  0.11432   0.01115  -0.10317 
  0.12844   0.03797  -0.09047 
  0.09849  -0.00289  -0.10138 
  0.10035  -0.00672  -0.10707 
  0.13051   0.03295  -0.09756 
  0.08773   0.00119  -0.08654 
  0.07251   0.00104  -0.07147 
  0.08878   -0.0019  -0.09068 
  0.09644    0.0072  -0.08924 
  0.08206  -0.00803  -0.09009 
  0.06974   0.00519  -0.06455 
  0.09196  -0.00516  -0.09712 
  0.08381  -0.02365  -0.10746 
  0.08702    0.0224  -0.06462 
  0.07777  -0.01501  -0.09278 
  0.07362  -0.00507  -0.07869 
  0.06171  -0.00294  -0.06465 
  0.07872  -0.00309  -0.08181 
  0.07713  -0.00453  -0.08166 
   0.1232     0.022   -0.1012 
  0.10462     0.002  -0.10262 
  0.10361   0.00892  -0.09469 
   0.0903   0.01152  -0.07878 
  0.10468   -0.0021  -0.10678 
  0.10988   -0.0178  -0.12768 
  0.09476    0.0103  -0.08446 
   0.1616   0.00249  -0.15911 
  0.06562   0.01288  -0.05274 
  0.09086   0.00438  -0.08648 
  0.08721   0.00809  -0.07912 
  0.10198   0.00615  -0.09583 
  0.15694  -0.01053  -0.16747 
  0.08867   0.00509  -0.08358 
  0.08545  -0.00391  -0.08936 
  0.06441  -0.00566  -0.07007 
  0.12886    0.0306  -0.09826 
  0.10593  -0.00052  -0.10645 
  0.09477  -0.00577  -0.10054 
  0.13568   0.01243  -0.12325 
  0.10023   0.00303   -0.0972 
  0.07731    0.0007  -0.07661 
  0.11409   0.01832  -0.09577 
  0.10924   0.00627  -0.10297 
  0.12258   0.01771  -0.10487 
   0.1041   0.00552  -0.09858 
  0.12209   0.03331  -0.08878 
  0.10527    -3e-05   -0.1053 
  0.12512   0.01192   -0.1132 
  0.11095   0.00826  -0.10269 
  0.07827   0.01285  -0.06542 
   0.1119   0.01378  -0.09812 
  0.08344   0.01025  -0.07319 
  0.10835   0.02047  -0.08788 
