   0.0014   0.04907   0.04767 
 -0.08952   0.08105   0.17057 
 -0.11515   0.16577   0.16631 
 -0.18063    0.1522   0.21237 
 -0.04857   0.05116   0.15392 
  -0.1808   0.03174   0.25849 
 -0.03443   0.10535   0.13777 
 -0.06376   0.12233   0.14103 
 -0.11621   0.07769   0.17143 
 -0.08215   0.10334   0.13254 
  0.02312   0.07727   0.06237 
 -0.09507   0.05522   0.11609 
 -0.08327   0.05039   0.11922 
 -0.16375   0.08549   0.26758 
  0.01165   0.02102   0.04063 
    -0.03   0.03595   0.19846 
 -0.00637   0.10383   0.14409 
  0.03581   0.05228   0.21018 
 -0.14195   0.16846   0.27332 
 -0.06947   0.13772   0.19232 
 -0.07245   0.24599   0.17253 
 -0.22704   0.13137   0.26748 
 -0.04941    0.1067   0.21377 
  0.07378   0.12285    0.0873 
 -0.01731   0.10008   0.19411 
  0.02664   0.04044   0.07816 
 -0.07939   0.16436    0.1068 
  -0.0171   0.16108   0.06757 
 -0.13238    0.1768   0.15593 
 -0.09869    0.1048   0.13036 
 -0.09716   0.02741   0.13708 
  0.01625   0.05047   0.04689 
 -0.05475   0.02355   0.09437 
  0.01539   0.03167  -0.02706 
 -0.01461   0.03992   0.06795 
 -0.11784   0.06314   0.15422 
  0.07925   0.03962   0.25532 
 -0.09721   0.13814  -0.04281 
 -0.08519  -0.01167   0.15337 
 -0.05294   0.11241   0.12127 
 -0.07707   0.05334   0.10909 
 -0.16123   0.13748   0.11478 
 -0.10662   0.03644   0.19922 
 -0.03876   0.05616   0.14627 
 -0.01631   0.03608    0.0562 
   -0.026   0.18534   0.04932 
 -0.01944   0.05615   0.09933 
  -0.1843   0.03771   0.06036 
 -0.16444   0.03799   0.20439 
 -0.02574   0.03965   0.22337 
 -0.04898   0.01744   0.12933 
 -0.00581   0.03301   0.07662 
 -0.10461   0.07333   0.17892 
  -0.0547   0.04092   0.19875 
 -0.17052   0.02009   0.10442 
