  0.00247   0.04652   0.04405 
  0.03071   0.10986   0.07915 
  0.00194   0.10491   0.10297 
 -0.04751    0.0281   0.07561 
 -0.02672   0.01399   0.04071 
 -0.00086   0.10917   0.11003 
  0.01182   0.09347   0.08165 
  0.02203   0.03633    0.0143 
 -0.07743   0.07761   0.15504 
  0.04348   0.16405   0.12057 
 -0.00618   0.02974   0.03592 
  -0.0402   0.06601   0.10621 
  0.01139   0.09489    0.0835 
 -0.05805   0.00985    0.0679 
 -0.03791   0.06864   0.10655 
 -0.04675   0.02898   0.07573 
 -0.02683   0.09173   0.11856 
 -0.01225   0.08889   0.10114 
 -0.03262   0.12697   0.09992 
  0.02643    0.0673   0.07103 
  -0.0208   0.09746   0.03534 
 -0.08351   0.01454   0.08893 
 -0.03014   0.00542    0.0461 
 -0.00964   0.01596   0.01941 
 -0.00264   0.00977   0.06782 
 -0.01392   0.06518   0.05079 
 -0.11636   0.03687   0.20777 
  -0.0322   0.09141   0.10063 
 -0.06743   0.06843   0.08735 
 -0.11132   0.01992     0.224 
 -0.07946   0.11268   0.29801 
 -0.02301   0.21855   0.02975 
  0.01307   0.00674   0.04051 
  0.02174   0.05358   0.01219 
 -0.02978   0.03393   0.06103 
   0.0043   0.03125   0.04072 
 -0.06653   0.04502   0.07938 
 -0.02216   0.01285   0.11921 
  0.00396   0.09705   0.11112 
 -0.03012   0.11508   0.09379 
  0.00438   0.06367   0.08115 
 -0.12713   0.08553   0.19708 
 -0.03074   0.06995   0.05401 
 -0.05436   0.02327   0.08239 
  0.01375   0.02803   0.07208 
 -0.06428   0.08583   0.07623 
 -0.11719   0.01195   0.18472 
 -0.05691   0.06753   0.07509 
  0.01483   0.01818   0.09069 
  -0.0341   0.10552   0.04422 
