  0.12014   0.00569  -0.11445 
  0.07447  -0.00098  -0.07545 
  0.09192   0.00641  -0.08551 
  0.07892  -0.02159  -0.10051 
  0.08655  -0.00107  -0.08762 
   0.0612  -0.00771  -0.06891 
  0.09356   0.00423  -0.08933 
  0.07377   -0.0199  -0.09367 
  0.08507   0.01019  -0.07488 
  0.09327   0.01096  -0.08231 
  0.12107   0.00775  -0.11332 
  0.10414   0.01372  -0.09042 
  0.12447   0.02546  -0.09901 
  0.09283   0.00244  -0.09039 
  0.07278   0.00166  -0.07112 
  0.08312    0.0055  -0.07762 
  0.12127   0.00259  -0.11868 
  0.07187  -0.01296  -0.08483 
  0.10282   0.00205  -0.10077 
  0.09256   -0.0003  -0.09286 
  0.12625   0.00328  -0.12297 
  0.08927  -0.00843   -0.0977 
  0.10506   0.00226   -0.1028 
  0.11599   0.00712  -0.10887 
  0.11769    0.0035  -0.11419 
  0.10057   0.01836  -0.08221 
   0.0895   0.01238  -0.07712 
  0.10254   0.00268  -0.09986 
  0.10928   0.00201  -0.10727 
  0.12818   0.00871  -0.11947 
   0.0899   0.00335  -0.08655 
  0.07956  -0.00683  -0.08639 
  0.09941    0.0046  -0.09481 
  0.06827  -0.00421  -0.07248 
  0.11568  -0.00763  -0.12331 
  0.09215   0.00098  -0.09117 
  0.10792   -0.0023  -0.11022 
  0.09275   0.00748  -0.08527 
  0.08713  -0.00818  -0.09531 
  0.11325   0.00582  -0.10743 
  0.11939   0.02367  -0.09572 
   0.0942   0.00384  -0.09036 
  0.09219  -0.00306  -0.09525 
  0.09308   0.00162  -0.09146 
  0.09762  -0.00118   -0.0988 
  0.11058   0.00451  -0.10607 
  0.07586   0.00501  -0.07085 
  0.09219  -0.00306  -0.09525 
  0.09389   0.00789    -0.086 
  0.09183   0.00384  -0.08799 
  0.08597    0.0057  -0.08027 
