 -0.04028   0.03953   0.07981 
  0.02117   0.03945   0.01828 
 -0.09076   0.10096   0.19172 
 -0.02144   0.05559   0.07703 
 -0.03636   0.03491   0.07127 
  -0.0598   0.03599   0.09579 
  0.03514   0.12618   0.09104 
 -0.02631   0.01461   0.04092 
 -0.02141   0.08535    0.1437 
  -0.0102   0.12229   0.02771 
 -0.11044   0.01751   0.20244 
 -0.01396     0.092   0.09311 
  -0.1026   0.07915   0.13115 
 -0.04892   0.02855   0.09587 
 -0.11986   0.04695   0.16086 
 -0.07258     0.041   0.13424 
  -0.0158   0.06166   0.10086 
 -0.06042   0.08506   0.15839 
 -0.03105   0.09797   0.05392 
 -0.00534   0.02287   0.06201 
  -0.0246   0.05667   0.05106 
 -0.07134   0.02646   0.09144 
  0.03466    0.0201     0.088 
  0.03746   0.12266   0.07776 
 -0.06526   0.11522   0.10024 
 -0.05993   0.03498    0.1203 
  0.04001   0.06037    0.0902 
 -0.01001   0.13021   0.08825 
 -0.00336   0.07824   0.06559 
 -0.03355   0.06223   0.13031 
  0.07967   0.09676   0.15554 
 -0.02178   0.23521   0.10955 
 -0.03127   0.08777    0.0729 
 -0.01647   0.04163   0.07454 
 -0.00671   0.05807    0.0849 
 -0.04013   0.07819   0.05269 
 -0.04602   0.01256   0.10085 
 -0.02922   0.05483   0.03797 
 -0.00888   0.00875   0.05359 
  -0.0151   0.04471   0.04405 
 -0.01069   0.02895   0.04096 
  -0.0329   0.03027   0.06172 
 -0.05985     0.059    0.1395 
 -0.01706   0.02882   0.06959 
   0.0079   0.07965   0.08974 
 -0.05282   0.05253   0.07098 
 -0.01507   0.09764   0.04145 
  0.05876   0.01816   0.06614 
 -0.01449   0.02638   0.05614 
 -0.03805    0.1249   0.09002 
  0.03736   0.04165   0.04532 
  0.00283   0.09568   0.01651 
