 -0.02083   0.11651   0.13734 
   0.1445   0.39657   0.25207 
  0.04609    0.2459   0.19981 
 -0.05699    0.0525   0.10949 
 -0.08887   0.02307   0.11194 
   0.0066    0.1225    0.1159 
 -0.14932   0.17848    0.3278 
 -0.01602   0.04095   0.05697 
  0.04377   0.23188   0.18811 
 -0.05388   0.06377   0.11765 
 -0.03664   0.05128   0.08792 
  0.02836   0.14326    0.1149 
  0.01397   0.11351   0.09954 
 -0.07284   0.12812   0.21193 
 -0.19812   0.09481   0.16765 
 -0.01695    0.0222   0.22032 
  -0.2261   0.08028   0.09723 
  0.11779   0.05437   0.28047 
 -0.02737   0.11855   0.00076 
 -0.09194   0.10209   0.12946 
  0.03343   0.08032   0.15062 
  0.01491   0.05868    0.0634 
 -0.04433   0.09683   0.12927 
  0.03504   0.14418   0.08102 
 -0.01869   0.09816  -0.00438 
 -0.18392   0.03669   0.11088 
  0.02857   0.03066   0.27042 
 -0.09419   0.09219   0.19081 
  0.04786    0.0865    0.1596 
 -0.09673   0.23261   0.08787 
 -0.05392   0.12954   0.21499 
 -0.04922     0.049   0.08525 
 -0.15154   0.07268   0.17482 
 -0.10728   0.05475   0.22658 
 -0.24189   0.21938   0.17408 
 -0.00167   0.06541   0.30684 
 -0.07016   0.13573   0.07549 
 -0.17207   0.11826   0.13577 
  -0.2378   0.07901   0.21948 
  0.02213   0.03133   0.27164 
   0.0186    0.1256   0.22297 
  -0.1515   0.07504   0.07526 
 -0.07995    0.0668   0.20488 
  0.08204   0.06495   0.14753 
 -0.15085   0.07382   0.15954 
 -0.14782   0.06561    0.2068 
  0.02146    0.1513   0.27476 
