  0.09465  -0.00291  -0.09756 
  0.09433  -0.00095  -0.09528 
  0.07627  -0.00733   -0.0836 
   0.0829   0.00424  -0.07866 
  0.06984   0.00225  -0.06759 
  0.09614  -0.00425  -0.10039 
  0.07566  -0.00169  -0.07735 
  0.09982   0.02117  -0.07865 
  0.09092   0.00215  -0.08877 
  0.08325   0.00581  -0.07744 
  0.08987   0.00944  -0.08043 
  0.08926   0.00096   -0.0883 
  0.08025  -0.00907  -0.08932 
  0.15225   0.02032  -0.13193 
  0.11461   0.03524  -0.07937 
  0.09097   0.00787   -0.0831 
  0.10066  -0.00183  -0.10249 
  0.09221   0.00362  -0.08859 
  0.08617  -0.00503   -0.0912 
  0.10827  -0.00052  -0.10879 
  0.09134   0.01123  -0.08011 
  0.08281  -0.01019    -0.093 
  0.09547    0.0077  -0.08777 
  0.07436  -0.00592  -0.08028 
  0.10734   0.01093  -0.09641 
  0.08897   0.00861  -0.08036 
  0.09292     5e-05  -0.09287 
  0.07643   0.01121  -0.06522 
  0.08843   0.00582  -0.08261 
  0.09611   0.00249  -0.09362 
  0.10539   0.00539      -0.1 
  0.08668  -0.00431  -0.09099 
   0.0831   0.00941  -0.07369 
  0.08802   0.00489  -0.08313 
  0.11529   0.00238  -0.11291 
  0.09229   0.02674  -0.06555 
  0.09313  -0.01266  -0.10579 
  0.08457  -0.00661  -0.09118 
  0.09595   0.00772  -0.08823 
  0.09697   0.01061  -0.08636 
  0.10596   0.02385  -0.08211 
  0.08097   0.00937   -0.0716 
   0.0804    0.0014    -0.079 
   0.1026         0   -0.1026 
  0.08893   0.01108  -0.07785 
   0.0804    0.0014    -0.079 
  0.11579    0.0169  -0.09889 
  0.09166  -0.00419  -0.09585 
  0.10097   0.01186  -0.08911 
  0.08332   0.00168  -0.08164 
   0.0879  -0.00751  -0.09541 
    0.101   0.00632  -0.09468 
  0.11564    0.0241  -0.09154 
  0.06992  -0.00017  -0.07009 
  0.06663  -0.00937    -0.076 
  0.08726   0.00638  -0.08088 
  0.10504   0.02333  -0.08171 
  0.08605  -0.01799  -0.10404 
  0.08635    0.0336  -0.05275 
   0.1193   0.02002  -0.09928 
  0.09884   0.02358  -0.07526 
  0.09895   0.01928  -0.07967 
