  0.05237   0.15005   0.09768 
  0.12385   0.12847   0.04316 
 -0.02631   0.16604   0.13167 
 -0.10012   0.16701   0.13121 
  0.09374   0.10536   0.14494 
 -0.05166   0.03109   0.14976 
  0.08487    0.2435   0.12243 
  0.02574   0.07077   0.10841 
   0.0296   0.19328   0.08067 
 -0.13396   0.10641   0.10048 
 -0.16707   0.03483   0.18161 
 -0.00503   0.13008   0.22237 
  0.03344   0.01894   0.13718 
   -0.078   0.04765  -0.00988 
 -0.08791    0.0553   0.14175 
  0.00109   0.13215   0.18932 
 -0.08918   0.02356   0.09921 
  0.03729   0.06375   0.21671 
 -0.13808   0.11896   0.03292 
 -0.16082   0.10141   0.16845 
 -0.00757    0.1003   0.22161 
 -0.10911   0.12753   0.09984 
 -0.06053   0.07021   0.13336 
  0.01542   0.03037    0.2046 
  0.11077   0.06079   0.08552 
 -0.01753   0.15011   0.06618 
  -0.0671   0.09227    0.1311 
 -0.06042   0.02425   0.18732 
 -0.00044   0.14407   0.18325 
 -0.02501   0.10094   0.06661 
 -0.04619    0.1333   0.10966 
  0.06188   0.15972   0.07408 
  0.00816   0.15742   0.10659 
 -0.16348   0.06708   0.14241 
  0.07695   0.18317    0.2325 
 -0.28612   0.17695   0.12286 
 -0.27998    0.1018   0.30488 
 -0.21556   0.11357   0.30711 
 -0.03244   0.12022   0.29218 
 -0.14552   0.12283   0.12255 
 -0.17485   0.06617   0.21396 
  -0.1463   0.08465    0.2884 
 -0.09427   0.02789   0.22669 
