 -0.06334   0.01856    0.0819 
 -0.02809    0.1557   0.18379 
 -0.02018   0.08182     0.102 
 -0.04905    0.0314   0.08045 
 -0.00669   0.05225   0.05894 
  0.00305   0.06804   0.06499 
 -0.02375   0.04806   0.07181 
 -0.01092    0.1572   0.16812 
  0.04858   0.09352   0.04494 
 -0.06364   0.08991   0.15355 
  -0.0069   0.13777   0.14467 
  -0.0643   0.05079   0.11509 
 -0.23413   0.09383   0.32796 
 -0.00308   0.09621   0.12017 
   0.0192   0.05877   0.09929 
  0.05017   0.07486   0.03957 
 -0.05913   0.07842   0.02469 
 -0.00867   0.06364   0.13755 
  0.02971    0.0764   0.07231 
 -0.04983   0.06289   0.04669 
 -0.01065    0.0311   0.11272 
  0.05855   0.17481   0.04175 
 -0.01857   0.07373   0.11626 
 -0.06888   0.09925    0.0923 
   0.1097   0.23678   0.16813 
  0.01196   0.06364   0.12708 
  0.05024   0.10987   0.05168 
 -0.04224   0.01821   0.05963 
 -0.02554   0.04684   0.06045 
 -0.02817   0.02729   0.07238 
 -0.01373   0.04672   0.05546 
 -0.06184   0.02158   0.06045 
  0.00053   0.07468   0.08342 
 -0.01403   0.06195   0.07415 
 -0.02904   0.00917   0.07598 
 -0.03329   0.12672   0.03821 
  -0.0487    0.0839   0.16001 
 -0.08652   0.04111    0.1326 
   -7e-05   0.12672    0.0814 
 -0.03906   0.09295   0.12763 
  0.03916   0.15288   0.12679 
 -0.02222   0.05869   0.13201 
 -0.06732   0.03212   0.11372 
  0.15716   0.23454   0.08091 
