  0.10057  -0.00565  -0.10622 
  0.09461  -0.00722  -0.10183 
  0.11153   0.01556  -0.09597 
  0.08433  -0.01996  -0.10429 
  0.12141   0.00515  -0.11626 
  0.09726   0.00439  -0.09287 
  0.06831   0.00085  -0.06746 
  0.08753   0.00518  -0.08235 
  0.09782   0.00285  -0.09497 
  0.11307   0.01722  -0.09585 
   0.1024   0.01999  -0.08241 
  0.12158   0.01814  -0.10344 
  0.07283  -0.00799  -0.08082 
  0.08999   0.00929   -0.0807 
  0.08776   0.00383  -0.08393 
  0.09738    0.0195  -0.07788 
  0.09929   0.02163  -0.07766 
  0.09896  -0.00615  -0.10511 
  0.11082  -0.01725  -0.12807 
  0.12206   0.01123  -0.11083 
   0.0916   0.00502  -0.08658 
  0.09942   -0.0097  -0.10912 
  0.06243  -0.00632  -0.06875 
  0.10223   0.00809  -0.09414 
  0.07449  -0.02265  -0.09714 
  0.11711   0.00219  -0.11492 
  0.10058   0.00716  -0.09342 
  0.12794   0.01335  -0.11459 
  0.07269  -0.00068  -0.07337 
  0.11045   0.00938  -0.10107 
   0.1021   0.00038  -0.10172 
  0.07269  -0.00068  -0.07337 
  0.07643   0.00174  -0.07469 
  0.08398  -0.00581  -0.08979 
  0.10167   0.00363  -0.09804 
  0.08585  -0.00291  -0.08876 
  0.08579   0.01337  -0.07242 
  0.07759  -0.00025  -0.07784 
  0.09856   -0.0087  -0.10726 
  0.08093   0.00317  -0.07776 
  0.08579   0.01337  -0.07242 
  0.11152   0.03535  -0.07617 
  0.09569   0.01466  -0.08103 
  0.10032   0.00161  -0.09871 
  0.10817   0.01228  -0.09589 
   0.0882  -0.00027  -0.08847 
  0.06903   0.00191  -0.06712 
