 -0.10061   0.00295   0.10356 
 -0.05937   0.09068   0.11308 
 -0.06133   0.05371   0.08185 
 -0.04793   0.02052   0.08294 
 -0.00077   0.03501   0.04783 
 -0.05144   0.04706   0.13163 
  0.02527   0.08019   0.02303 
  0.00279    0.0483   0.13812 
  -0.0252   0.14091   0.08597 
 -0.02494   0.06077   0.15603 
  0.18764   0.13109   0.08067 
  0.03216   0.26831   0.06667 
 -0.00893   0.09883   0.02577 
  0.10755   0.01684   0.00869 
  0.02039   0.11624   0.11788 
  0.01179   0.13827   0.09418 
 -0.03579   0.10597   0.14125 
 -0.03479   0.10546   0.09575 
 -0.03806   0.06096   0.06024 
 -0.05348   0.02218   0.08391 
 -0.02855   0.03043   0.09384 
 -0.16563   0.06529   0.28355 
 -0.07058   0.11792   0.11272 
 -0.01794   0.04214   0.11537 
  0.06875   0.09743   0.12064 
  0.00445   0.18939   0.04224 
  0.00433   0.04669   0.08048 
  0.01429   0.08481   0.08407 
 -0.03398   0.09836   0.07049 
 -0.06496   0.03651   0.06201 
 -0.02502  -0.00295   0.07735 
 -0.03784   0.05233   0.08909 
 -0.09141   0.05125   0.12884 
 -0.03004   0.03743    0.0895 
 -0.01975   0.05946   0.07807 
 -0.08328   0.05832    0.1227 
 -0.04378   0.03942   0.09965 
 -0.01983   0.05587   0.06026 
 -0.10666   0.04043   0.17144 
 -0.09661   0.11382   0.14928 
 -0.08403   0.06478   0.12204 
 -0.15551   0.05267   0.24935 
 -0.23773   0.09361   0.33407 
