 -0.13075   0.08741   0.21816 
  -0.0854   0.04106   0.12646 
 -0.01235   0.09494   0.10729 
  0.06003   0.09555   0.18224 
 -0.14542   0.24227   0.20517 
 -0.16514   0.05975   0.16019 
 -0.19569   0.06575    0.2591 
 -0.00977  -0.00495   0.15888 
 -0.02106   0.06341   0.08849 
  -0.1017   0.14911   0.16507 
 -0.15856   0.06743   0.22985 
  -0.1227   0.06337   0.22247 
 -0.12962   0.11109   0.23362 
 -0.19472   0.07129   0.21037 
  -0.2516   0.09977   0.27754 
 -0.08848     0.104   0.26093 
  0.05423   0.15147   0.02415 
 -0.11057   0.01565   0.17586 
 -0.10331   0.09012   0.23532 
 -0.13527   0.02594   0.20237 
 -0.08171   0.17245   0.13894 
 -0.08996   0.07838   0.18368 
 -0.00053   0.06529    0.0962 
  -0.2084   0.13201   0.26395 
 -0.07028    0.1158   0.15203 
  -0.0202    0.0671   0.16029 
 -0.04402   0.03848   0.12182 
 -0.18596   0.05723    0.1878 
 -0.07319   0.09372   0.15163 
 -0.08564   0.02558   0.09069 
 -0.13577   0.14469    0.1626 
 -0.17412   0.09567   0.30988 
 -0.08435   0.05555   0.25045 
