  0.11364   0.00303  -0.11061 
  0.07924   0.00657  -0.07267 
  0.07988  -0.00585  -0.08573 
  0.07124  -0.00674  -0.07798 
  0.07876   0.00028  -0.07848 
  0.08937  -0.00156  -0.09093 
  0.07061  -0.01348  -0.08409 
  0.07848   0.00972  -0.06876 
  0.07226   0.00243  -0.06983 
   0.1085   0.00211  -0.10639 
  0.11588    0.0233  -0.09258 
  0.08142  -0.00586  -0.08728 
  0.07311   0.00673  -0.06638 
  0.10617   0.00302  -0.10315 
  0.10428   0.00754  -0.09674 
  0.08082  -0.01447  -0.09529 
  0.08326  -0.00752  -0.09078 
  0.10707   0.00889  -0.09818 
  0.09694     5e-05  -0.09689 
  0.08926   0.00757  -0.08169 
  0.08553   0.00478  -0.08075 
  0.08046    -0.004  -0.08446 
  0.07838   0.00405  -0.07433 
  0.10038   0.01524  -0.08514 
  0.08916   0.00032  -0.08884 
   0.0924    0.0074    -0.085 
  0.08337  -0.00314  -0.08651 
  0.09564   0.00422  -0.09142 
   0.1287   0.01856  -0.11014 
  0.08328  -0.00398  -0.08726 
  0.08076   0.01472  -0.06604 
  0.08509  -0.00652  -0.09161 
  0.09269   0.00962  -0.08307 
  0.09155   0.01605   -0.0755 
  0.11387   0.01918  -0.09469 
  0.10402   0.00607  -0.09795 
  0.06634   0.00095  -0.06539 
  0.08853   0.00014  -0.08839 
  0.06775  -0.00525    -0.073 
  0.08147   -0.0108  -0.09227 
  0.08861  -0.00058  -0.08919 
  0.10371   0.01615  -0.08756 
  0.07694   0.00684   -0.0701 
