 -0.09779   0.12894   0.16455 
 -0.07461   0.07198   0.13497 
 -0.01182   0.06676   0.11004 
 -0.05196    0.0913   0.10255 
  -0.1542   0.11979   0.25841 
 -0.02323   0.07507   0.08803 
 -0.13761   0.06036   0.20739 
 -0.01884   0.09822   0.11705 
 -0.07508   0.06603   0.14643 
  0.02108   0.05059   0.06689 
 -0.19704   0.10421    0.3065 
 -0.03699    0.0648   0.06953 
 -0.16349   0.06978   0.23478 
 -0.23828   0.09821   0.30675 
 -0.08578   0.07135   0.16638 
 -0.26766   0.13251   0.33698 
 -0.15499   0.08797   0.28367 
 -0.13385   0.08326   0.17669 
 -0.08604   0.03255   0.11977 
 -0.08815   0.04982   0.14379 
 -0.12908   0.12552   0.14217 
  0.16133   0.10946   0.24171 
