 -0.05008   0.06872    0.1188 
 -0.05359    0.0986   0.15219 
 -0.06642   0.10816   0.14072 
 -0.10757    0.0743   0.22554 
 -0.23848   0.11797   0.29238 
 -0.09213    0.0539   0.12274 
 -0.04654   0.16984   0.10971 
 -0.02416   0.03061   0.07013 
 -0.09344   0.06317   0.11517 
 -0.18216   0.04597   0.23033 
 -0.14385   0.02173   0.20201 
 -0.07943   0.04817   0.22924 
 -0.11311   0.05816   0.21156 
 -0.12017   0.03749   0.16463 
 -0.08192   0.14981   0.20289 
 -0.08224   0.09845   0.16495 
  0.02194   0.04446   0.11698 
 -0.06751   0.12097   0.14402 
 -0.01838   0.08271   0.13172 
  0.02827   0.13892   0.12499 
 -0.03079   0.07651   0.17645 
 -0.05363   0.11334   0.14735 
 -0.08008   0.15326   0.14132 
 -0.20323   0.14566   0.22978 
 -0.13044   0.09372   0.14411 
 -0.04142   0.06124   0.12841 
 -0.03525   0.02655   0.13673 
 -0.09622   0.01367   0.16689 
 -0.09607   0.08699   0.15964 
   0.0185   0.10148   0.22968 
 -0.06843   0.07067   0.09224 
 -0.09803   0.14546    0.1329 
  0.00126    0.0965    0.0934 
 -0.03157   0.08923   0.14748 
 -0.18363   0.06357   0.24213 
 -0.02939   0.24818   0.12342 
 -0.01791   0.15199   0.05588 
 -0.05089   0.02381   0.13058 
 -0.07495   0.13511   0.12033 
 -0.10175   0.03487   0.18922 
 -0.09546   0.09466   0.15191 
 -0.08635   0.11591   0.11716 
 -0.11192    0.0585   0.14892 
 -0.13637   0.09403   0.15765 
 -0.16997   0.13676   0.19111 
 -0.06218    0.0696   0.13395 
 -0.05278   0.05465   0.14858 
 -0.07539   0.03797   0.15913 
 -0.07066   0.07969   0.10493 
