   0.1086   0.00538  -0.10322 
  0.08957  -0.00373   -0.0933 
  0.07684  -0.00294  -0.07978 
  0.08737  -0.00027  -0.08764 
  0.09458    0.0082  -0.08638 
  0.07873  -0.00752  -0.08625 
  0.08504   -0.0039  -0.08894 
   0.0904   0.00017  -0.09023 
  0.08451   0.00343  -0.08108 
  0.07482  -0.00723  -0.08205 
  0.10642  -0.00036  -0.10678 
  0.10298   0.01702  -0.08596 
  0.10053  -0.00589  -0.10642 
  0.10766  -0.00655  -0.11421 
  0.09396  -0.00572  -0.09968 
  0.09331   0.01455  -0.07876 
   0.0879   0.00566  -0.08224 
   0.0927  -0.01856  -0.11126 
  0.08069   0.00247  -0.07822 
  0.10206   0.00333  -0.09873 
  0.09196  -0.00012  -0.09208 
  0.09878   -0.0092  -0.10798 
  0.07674  -0.00708  -0.08382 
  0.09024  -0.00484  -0.09508 
  0.09669   -0.0061  -0.10279 
  0.09433  -0.00217   -0.0965 
  0.09249  -0.00508  -0.09757 
  0.08748  -0.00337  -0.09085 
  0.08376   0.00759  -0.07617 
  0.09515   0.00735   -0.0878 
  0.08026   0.00134  -0.07892 
  0.10335  -0.00021  -0.10356 
  0.09607   0.00296  -0.09311 
  0.10398   0.00327  -0.10071 
  0.10541  -0.00364  -0.10905 
  0.09936  -0.00865  -0.10801 
  0.13317   0.01316  -0.12001 
  0.08333   0.00553   -0.0778 
  0.08052  -0.00159  -0.08211 
  0.10153   0.00721  -0.09432 
  0.10459    0.0175  -0.08709 
  0.10327   0.00156  -0.10171 
  0.09749   0.00388  -0.09361 
  0.09226   0.00723  -0.08503 
  0.09683   0.00318  -0.09365 
  0.11056   0.00904  -0.10152 
  0.09266  -0.01354   -0.1062 
  0.09402    0.0096  -0.08442 
  0.09393  -0.00776  -0.10169 
  0.07887  -0.00137  -0.08024 
  0.11049   0.01294  -0.09755 
  0.11538  -0.00171  -0.11709 
  0.09456  -0.00785  -0.10241 
  0.11884  -0.00533  -0.12417 
  0.08164   0.00044   -0.0812 
  0.07631  -0.00106  -0.07737 
   0.0789  -0.00337  -0.08227 
  0.07981  -0.00027  -0.08008 
  0.08544   0.00169  -0.08375 
  0.10248   0.00977  -0.09271 
  0.08403   0.00079  -0.08324 
  0.09038   0.00226  -0.08812 
  0.08377  -0.00143   -0.0852 
