  0.05614   0.07528   0.01914 
 -0.11021   0.05111   0.16132 
 -0.08051   0.11453   0.19504 
 -0.07419   0.08397   0.15816 
 -0.01001   0.11306   0.12307 
 -0.24181  -0.01025   0.27286 
 -0.29093   0.15399   0.32015 
 -0.06109   0.03105   0.09365 
 -0.43227   0.06838   0.44654 
 -0.04823   0.02922   0.08823 
  0.01627   0.03256   0.02713 
 -0.13291  -0.00099    0.2371 
  0.01035   0.04061   0.03638 
  0.02778   0.01427   0.07395 
 -0.09823   0.14879   0.14566 
 -0.10328   0.01726   0.32408 
 -0.10113      0.04   0.17406 
 -0.22652    0.0434    0.1688 
 -0.14517   0.10419   0.23438 
 -0.30255   0.04673   0.18395 
 -0.14149   0.10173    0.3092 
 -0.05604   0.04743   0.18303 
 -0.05388   0.10891   0.09668 
 -0.18927   0.07078   0.09241 
   0.0861   0.06767   0.20488 
  0.00311   0.00786   0.08633 
  0.06656   0.03878   0.08469 
 -0.02279    0.0536   0.08911 
 -0.14845   0.00665   0.09059 
    0.014   0.04154   0.19983 
 -0.05441   0.13619   0.10198 
 -0.05847   0.06774   0.06979 
 -0.07684   0.04064   0.07515 
  -0.1021   0.04532   0.10974 
  -0.0441   0.14385   0.12149 
 -0.06987   0.03853   0.12641 
 -0.07519   0.01561   0.08536 
 -0.12875   0.17243   0.10304 
 -0.11846    0.0878   0.16412 
 -0.05052   0.15567   0.12558 
 -0.17552   0.07071   0.11684 
  0.04899   0.11856   0.21655 
 -0.20388    0.0678   0.05417 
