 -0.36704  -0.00563   0.36141 
  0.01919   0.14003  -0.01532 
 -0.15832   0.00387   0.23358 
 -0.05637   0.07526   0.19569 
  0.00011   0.07285   0.05695 
 -0.26831   0.13932   0.37802 
 -0.17228   0.05706   0.23723 
 -0.15948   0.10971   0.26332 
 -0.14767   0.06495   0.16159 
 -0.06974   0.10384    0.0745 
  0.06205   0.13124   0.15059 
 -0.06523   0.01392   0.06148 
 -0.11745   0.08085   0.15737 
 -0.17955   0.12353   0.19604 
  0.07094   0.09214    0.1979 
  0.04811   0.07859   0.10426 
 -0.04224   0.01835   0.09551 
 -0.08263    0.1752   0.08828 
 -0.11842   0.14362    0.1415 
 -0.13873   0.04604   0.22594 
  -0.0304   0.05887   0.21558 
  -0.1573   0.10752   0.14611 
 -0.04242   0.07685   0.17757 
 -0.08856   0.11571   0.09812 
 -0.00943   0.13856   0.08317 
 -0.06095   0.02027   0.12059 
  0.21759   0.16398   0.25666 
 -0.10707    0.0557   0.03452 
 -0.05478  -0.00539   0.16167 
  -0.0444    0.2006   0.19951 
 -0.15634   0.11116    0.1472 
 -0.12569   0.19571   0.24459 
  0.00791    0.1508   0.21674 
 -0.04249   0.25211   0.06422 
 -0.15841    0.0546   0.21681 
 -0.07662   0.14473   0.15412 
 -0.05583   0.12318   0.08875 
 -0.02763    0.1028   0.13291 
 -0.03607   0.15836   0.11551 
 -0.07317   0.08825   0.22848 
   -0.104   0.09105   0.17221 
 -0.05763   0.07213   0.09208 
 -0.07079    0.0584    0.3304 
 -0.02063    0.0775   0.07025 
 -0.05847   0.03292   0.18797 
 -0.10705   0.01386   0.19038 
  0.11762   0.10528   0.04108 
  -0.1674   0.07944   0.21688 
 -0.11255   0.15531   0.20142 
 -0.06547   0.06821   0.12644 
 -0.03749   0.03445   0.12463 
 -0.07927   0.25961   0.13628 
 -0.04061   0.08421   0.05825 
  -0.0897   0.04962   0.15184 
