  0.12418   0.01555  -0.10863 
  0.12021   0.02218  -0.09803 
  0.13527   0.00164  -0.13363 
  0.12399   0.01314  -0.11085 
  0.08428  -0.00394  -0.08822 
  0.09161   0.00097  -0.09064 
  0.07743   0.00029  -0.07714 
  0.11463  -0.00287   -0.1175 
  0.10843   0.01498  -0.09345 
  0.09185  -0.00596  -0.09781 
  0.08627   0.00457   -0.0817 
   0.1005   0.00292  -0.09758 
  0.10047   0.01805  -0.08242 
  0.10724   0.00972  -0.09752 
  0.09499   0.00407  -0.09092 
  0.12953   0.00315  -0.12638 
  0.10816   0.02467  -0.08349 
  0.11825  -0.02494  -0.14319 
  0.17438    0.0442  -0.13018 
  0.12489   0.02884  -0.09605 
  0.08787  -0.00494  -0.09281 
  0.08608   0.01168   -0.0744 
  0.14575   0.00944  -0.13631 
   0.1076  -0.00979  -0.11739 
  0.11073   0.02279  -0.08794 
  0.11374  -0.00601  -0.11975 
  0.11981  -0.00913  -0.12894 
  0.11246   0.01551  -0.09695 
  0.14477   0.00941  -0.13536 
  0.12911   0.01904  -0.11007 
  0.10652   0.00164  -0.10488 
  0.10403  -0.01401  -0.11804 
  0.09469    0.0245  -0.07019 
  0.08281   -0.0055  -0.08831 
  0.14563   0.04255  -0.10308 
  0.09549   0.01429   -0.0812 
   0.0943   0.00436  -0.08994 
  0.10687   0.00395  -0.10292 
  0.15212   0.03593  -0.11619 
  0.12325   0.02147  -0.10178 
  0.11207   0.01372  -0.09835 
  0.10146  -0.00435  -0.10581 
    0.095  -0.00103  -0.09603 
  0.11586     0.009  -0.10686 
  0.13611   0.00563  -0.13048 
  0.14149  -0.00467  -0.14616 
  0.23648   -0.0481  -0.28458 
   0.0955  -0.00181  -0.09731 
  0.11403   0.01342  -0.10061 
   0.0896  -0.00934  -0.09894 
  0.14123   0.00692  -0.13431 
  0.07246   0.00365  -0.06881 
  0.09127   0.00179  -0.08948 
  0.09755   0.00684  -0.09071 
  0.10086   0.00512  -0.09574 
  0.08043   0.00207  -0.07836 
  0.09497   0.00901  -0.08596 
  0.14857   0.01354  -0.13503 
  0.10509  -0.01387  -0.11896 
  0.11064  -0.00089  -0.11153 
  0.12996   0.01203  -0.11793 
  0.12504   0.01698  -0.10806 
 -0.02659   0.11717   0.11809 
 -0.09777    0.0915   0.13333 
 -0.09028   0.03556   0.12708 
 -0.13506    0.0368   0.18135 
