 -0.20198   0.02651   0.22849 
 -0.18482   0.11241    0.3068 
  -0.1004    0.0329   0.20373 
  0.01531   0.12198    0.1129 
 -0.22131   0.08792   0.26755 
 -0.00861   0.10333   0.05627 
  0.02314   0.12076   0.12903 
  0.05458   0.05658  -0.02017 
 -0.17578   0.07344   0.21369 
 -0.15366   0.13263   0.20495 
 -0.06541   0.12821   0.20691 
  0.03079   0.01486     0.058 
  0.00689   0.04624   0.08967 
 -0.03025   0.04766   0.07087 
  -0.0022   0.15217   0.05914 
 -0.11912   0.05782   0.14245 
  0.07485   0.04034   0.06672 
 -0.00118   0.03441   0.09042 
 -0.05352   0.03791   0.12321 
  0.09808   0.05129   0.00082 
 -0.02337   0.07553   0.20262 
 -0.25664   0.15484     0.308 
 -0.16891    0.1415   0.19898 
 -0.16179   0.08879     0.015 
  0.01386   0.09656   0.13795 
 -0.07418   0.04062    0.1641 
 -0.11838   0.05694   0.06344 
  0.06811    0.1225   0.16821 
 -0.14731   0.00696   0.18423 
 -0.14357   0.02333   0.32009 
 -0.16019   0.14157   0.22493 
  -0.0388   0.08924   0.13406 
 -0.11957   0.11871   0.11227 
  -0.0449   0.09609   0.11673 
 -0.00623   0.07962   -0.0087 
  0.12535   0.01571    0.0861 
 -0.05638   0.09738   0.07148 
