 -0.04298   0.02577   0.06875 
 -0.14173   0.04694   0.18867 
 -0.07092   0.03892   0.10984 
  0.02915   0.07924   0.05009 
 -0.10636   0.08369   0.19005 
  0.05571   0.13467   0.07896 
 -0.10489   0.07464   0.17953 
 -0.00907   0.11134   0.19258 
  -0.1144   0.03978   0.12041 
 -0.12347    0.1025   0.15418 
  0.01132   0.08698   0.22597 
 -0.19146   0.05034   0.07566 
 -0.21839   0.06366    0.2418 
  0.00971   0.11875   0.28205 
  0.03074   0.11927   0.10904 
  0.03932   0.08384   0.13624 
  0.07336   0.15465   0.08853 
  0.00577   0.09925   0.08738 
 -0.00012   0.05095   0.04452 
 -0.10418   0.04141   0.08129 
 -0.02295   0.05312   0.09348 
 -0.09062   0.02074   0.05107 
 -0.12891   0.04765   0.14559 
   0.0099   0.11648   0.07607 
  -0.0174   0.10229   0.11136 
  0.00938   0.12482   0.17656 
  -0.1282    0.0825   0.10658 
  0.01408   0.12021   0.11969 
  0.02292   0.11762   0.11544 
 -0.04643   0.08346    0.2107 
 -0.10312   0.07507   0.10613 
 -0.01669   0.04249    0.0947 
 -0.06696   0.14916   0.12989 
 -0.02631   0.05864   0.14561 
 -0.21577   0.06066   0.16585 
 -0.10479    0.0794    0.1256 
  0.03599      0.16   0.08697 
  -0.0683   0.19078   0.29517 
  0.00644   0.02263   0.26479 
 -0.04614    0.0514   0.15479 
