 -0.04282  -0.02173   0.02109 
 -0.01729   0.09106   0.10835 
  0.03004   0.06264    0.0326 
  0.00229   0.03057   0.02828 
 -0.02578   0.05347   0.07925 
  0.03807   0.06974   0.03167 
  0.03643   0.09842   0.06199 
  0.05288   0.09228    0.0394 
  0.04192   0.09269   0.05077 
  0.00364   0.05862   0.05498 
 -0.04921   0.09688   0.14609 
 -0.00958   0.15398   0.16356 
  0.00459      0.08   0.18699 
   0.0234   0.09171   0.07541 
  0.01136   0.07969   0.06831 
 -0.05449     0.057   0.06833 
 -0.02805   0.04601   0.11149 
  -0.0407   0.13913   0.07406 
 -0.01249   0.07753   0.17983 
 -0.03892   0.20183   0.09002 
 -0.01911   0.03185   0.24075 
 -0.05109   0.08834   0.05096 
 -0.07773   0.06198   0.13943 
  0.17023    0.2804   0.13971 
  0.03163   0.06135   0.11017 
 -0.02639   0.12289   0.09126 
 -0.00912   0.04953   0.07592 
  0.13672   0.06493   0.07405 
  0.00799   0.20925   0.07253 
  0.02925   0.07795   0.06996 
 -0.00257   0.06906   0.03981 
  0.07223   0.05815   0.06072 
 -0.04029   0.11641   0.04418 
  0.01579   0.04096   0.08125 
  0.03921   0.07957   0.06378 
 -0.01166   0.08585   0.04664 
 -0.09512   0.07111   0.08277 
 -0.14313   0.11108    0.2062 
  0.00151   0.06879   0.21192 
  0.08252   0.08354   0.08203 
  0.07035   0.13915   0.05663 
    0.137   0.11816   0.04472 
 -0.03449   0.19842   0.04781 
 -0.08141   0.05768   0.06142 
  0.04143   0.01095   0.09217 
 -0.01811     0.049   0.09236 
 -0.00483   0.02071   0.00757 
 -0.04443   0.05323   0.03882 
 -0.08077   0.04389   0.05806 
