  0.09834   0.00174   -0.0966 
  0.10617   0.01297   -0.0932 
  0.13404    0.0073  -0.12674 
   0.1083   0.00781  -0.10049 
  0.11673   0.00596  -0.11077 
   0.1269   0.01969  -0.10721 
  0.12949  -0.00593  -0.13542 
  0.09873   0.01152  -0.08721 
  0.09022   0.00121  -0.08901 
  0.11611   0.02721   -0.0889 
  0.10106    0.0047  -0.09636 
  0.13457  -0.02125  -0.15582 
  0.10442    0.0109  -0.09352 
  0.10703  -0.00197    -0.109 
  0.09716  -0.00171  -0.09887 
  0.11245  -0.00693  -0.11938 
  0.09941   0.00013  -0.09928 
  0.09139  -0.00699  -0.09838 
  0.11412   0.00318  -0.11094 
  0.08979    0.0046  -0.08519 
  0.07832   0.00079  -0.07753 
  0.12235   0.03956  -0.08279 
  0.08227   0.01215  -0.07012 
  0.11586   0.01266   -0.1032 
  0.12738   0.02697  -0.10041 
  0.11978   0.00241  -0.11737 
  0.08875  -0.00033  -0.08908 
  0.07321  -0.00663  -0.07984 
  0.09725   -0.0097  -0.10695 
   0.0936   0.00384  -0.08976 
  0.06723   0.00238  -0.06485 
  0.05905  -0.01776  -0.07681 
  0.10783      0.02  -0.08783 
  0.10225   0.00558  -0.09667 
  0.09075  -0.00761  -0.09836 
  0.11017   0.00755  -0.10262 
   0.1129   0.01398  -0.09892 
  0.11023   0.00404  -0.10619 
  0.09313  -0.01425  -0.10738 
  0.13082   0.00284  -0.12798 
  0.09723   0.01563   -0.0816 
  0.14258   0.02297  -0.11961 
  0.09864  -0.00276   -0.1014 
  0.12131   0.00821   -0.1131 
  0.08796  -0.00824   -0.0962 
  0.08476  -0.00408  -0.08884 
   0.1143   0.00797  -0.10633 
  0.09924  -0.00658  -0.10582 
  0.07508   0.00264  -0.07244 
  0.07276  -0.00279  -0.07555 
  0.09733  -0.01026  -0.10759 
  0.12596   0.03584  -0.09012 
  0.09091   0.00818  -0.08273 
  0.17011   0.00276  -0.16735 
