 -0.00527   0.01933    0.0246 
 -0.01101    0.1214   0.13241 
  0.01959   0.04518   0.02559 
  0.02007   0.08458   0.06451 
 -0.01171   0.05395   0.06566 
  0.03936   0.05159   0.01223 
  0.00604   0.09116   0.08512 
  0.00905   0.05483   0.04578 
 -0.09438    0.0104   0.10478 
 -0.04064   0.12486    0.1655 
  0.09501   0.26907   0.17406 
 -0.02292   0.08786   0.11078 
  0.09148   0.12069   0.02921 
  0.00955   0.05844   0.04889 
  0.01484   0.07382   0.05898 
  0.01495   0.10032   0.02882 
 -0.04727   0.04377   0.09845 
  0.08296   0.05118   0.10628 
  0.03514   0.18924   0.05298 
  0.07486   0.08812   0.17288 
 -0.04266   0.24774   0.14424 
  0.01342   0.10158   0.04713 
  0.00647   0.06055    0.0457 
 -0.04998   0.05217   0.08607 
   0.0023   0.03609   0.07093 
  0.01903   0.07323   0.05435 
 -0.05583   0.07338   0.07829 
 -0.08483   0.02246   0.17146 
  0.00323   0.08663   0.08129 
 -0.00071   0.08452   0.07548 
 -0.00566   0.07477   0.03821 
   0.0221   0.03255    0.0385 
  0.00975    0.0606   0.11171 
 -0.06979   0.04192   0.05754 
 -0.02443   0.03311   0.07637 
 -0.02338   0.05299   0.05443 
  0.01599   0.07042    0.1016 
 -0.01832   0.08328   0.03662 
  0.19626   0.23288   0.11985 
 -0.02244   0.09741   0.04373 
  0.16921   0.21294   0.21455 
   0.0225   0.23705   0.07645 
  0.00548   0.08193   0.10977 
  0.02859   0.13836   0.05889 
 -0.03123   0.02766   0.06239 
 -0.04001   0.02238   0.07169 
 -0.07153   0.00016   0.06451 
 -0.00931    0.0552   0.05752 
 -0.00416   0.05336   0.07989 
  -0.0164   0.06349  -0.01491 
