 -0.16215   0.05239   0.21454 
 -0.02088    0.0771   0.09798 
 -0.07642    0.1197   0.12188 
  -0.1166   0.04546   0.15231 
 -0.01892   0.03571   0.06688 
 -0.04632   0.04796   0.09481 
 -0.02284   0.04849   0.07585 
 -0.04747   0.05301   0.06139 
 -0.08177   0.01392    0.1395 
 -0.11111   0.05773   0.20034 
 -0.09458   0.08923   0.16142 
 -0.05959   0.07979   0.18652 
 -0.12695   0.06684     0.231 
 -0.08246   0.12693   0.21349 
 -0.08439   0.10405   0.10524 
 -0.10611   0.02278   0.12722 
 -0.05035   0.05843     0.116 
 -0.07017   0.04283   0.11987 
 -0.03645   0.00989   0.08275 
 -0.05419   0.06952   0.07448 
 -0.14651   0.01258   0.10201 
 -0.00169   0.03803   0.20605 
 -0.06007   0.10133   0.13093 
 -0.03242   0.04782   0.11284 
 -0.03093   0.05954   0.14116 
 -0.06285   0.12924   0.14689 
 -0.02441   0.05277   0.22422 
  0.02545   0.10874   0.08273 
 -0.13726   0.11596    0.0441 
 -0.07164   0.16137   0.18907 
  -0.0798   0.05832   0.13994 
 -0.08073   0.06955   0.11236 
 -0.09249    0.1599   0.25531 
 -0.01901   0.05181   0.12537 
 -0.12348    0.0683   0.16652 
 -0.02811   0.03256   0.04285 
 -0.12964   0.17458   0.17921 
  0.00041   0.03288   0.07696 
  -0.0205   0.13496   0.15315 
 -0.12069   0.02384   0.09532 
 -0.19961   0.02238   0.07562 
 -0.08575   0.05573   0.22664 
