  0.08742  -0.00321  -0.09063 
  0.08789   0.00532  -0.08257 
  0.17759   0.07541  -0.10218 
  0.15791   0.00665  -0.15126 
  0.12098   0.00232  -0.11866 
  0.09293   0.00253   -0.0904 
  0.09118   -0.0073  -0.09848 
  0.12372  -0.00375  -0.12747 
  0.09135   0.00612  -0.08523 
  0.10066   0.00486   -0.0958 
  0.10117   0.01719  -0.08398 
   0.0982  -0.01348  -0.11168 
  0.08156  -0.00233  -0.08389 
  0.09212   0.01697  -0.07515 
   0.0832  -0.01086  -0.09406 
  0.09044   -0.0092  -0.09964 
  0.07718  -0.00687  -0.08405 
  0.09504   0.01109  -0.08395 
  0.10917   0.00439  -0.10478 
  0.10311   0.00919  -0.09392 
  0.08671   0.00167  -0.08504 
  0.12051  -0.01996  -0.14047 
    0.147   0.00795  -0.13905 
  0.08528   -0.0008  -0.08608 
  0.08555   0.00435   -0.0812 
  0.09781   0.00104  -0.09677 
   0.1345  -0.00923  -0.14373 
  0.08156   0.00641  -0.07515 
  0.11035   0.00495   -0.1054 
  0.08241  -0.00309   -0.0855 
  0.11025   0.00411  -0.10614 
  0.07713   -0.0032  -0.08033 
   0.0953  -0.00043  -0.09573 
  0.08384   0.00347  -0.08037 
  0.09002   0.00417  -0.08585 
  0.11747    0.0024  -0.11507 
  0.09562   0.00992   -0.0857 
  0.12642    0.0018  -0.12462 
  0.15886   0.01319  -0.14567 
  0.12792   0.00131  -0.12661 
  0.10758   0.00731  -0.10027 
  0.08607    0.0062  -0.07987 
  0.09813  -0.00111  -0.09924 
  0.09958    0.0106  -0.08898 
  0.10526   0.01628  -0.08898 
  0.10964  -0.00122  -0.11086 
   0.0824  -0.00227  -0.08467 
  0.10825    0.0014  -0.13187 
  0.09351  -0.00614  -0.10685 
  0.12419  -0.00592  -0.09965 
  0.09471   0.00352  -0.13011 
  0.08401  -0.00804  -0.09119 
  0.09295   0.00105  -0.09205 
