 -0.10088   0.10809   0.20897 
 -0.18051   0.02941   0.20992 
  0.00256    0.1412   0.07029 
 -0.14967   0.07285   0.17129 
 -0.05285   0.02162   0.15557 
 -0.07486   0.10272   0.11837 
 -0.14865   0.04351   0.18746 
 -0.07604   0.03881   0.12591 
 -0.09193   0.07536   0.15756 
  -0.0969   0.04987   0.15754 
 -0.06187   0.06563   0.19169 
  -0.1188   0.06064   0.27562 
 -0.01035   0.12982   0.02471 
 -0.02019   0.15682   0.10339 
 -0.00104   0.01436   0.09383 
 -0.12054    0.0832   0.13829 
 -0.04485   0.09279   0.11135 
 -0.05691   0.01775   0.09886 
 -0.05586    0.0665   0.10664 
 -0.08541   0.04195   0.09736 
 -0.01951   0.05078   0.04866 
  -0.0687   0.01195   0.09136 
 -0.12142   0.02915   0.17775 
 -0.06171   0.02266   0.11144 
   0.0563   0.05633  -0.00068 
 -0.01815   0.04973   0.09372 
 -0.06294   0.05562   0.20327 
 -0.02659   0.05301    0.0843 
  -0.0647   0.07557   0.11823 
 -0.07242   0.04895   0.10696 
 -0.09313   0.14033   0.19946 
 -0.01644   0.05771   0.13709 
 -0.06666   0.05353   0.12386 
  -0.0762   0.03454   0.07935 
 -0.11721   0.06647   0.13211 
 -0.01645   0.10633   0.10915 
 -0.03154   0.12065    0.0834 
 -0.06077   0.09559   0.11187 
    0.026    0.0572   0.09993 
 -0.04689   0.08061   0.08018 
 -0.04043   0.08272   0.16342 
 -0.07819   0.00315   0.13753 
 -0.09274    0.0149   0.12288 
