  0.04829    0.0849   0.03661 
 -0.03474   0.09239   0.12713 
  -0.0044    0.0606     0.065 
  0.00821   0.07159   0.06338 
 -0.04182   0.02525   0.06707 
  0.01778   0.07584   0.05806 
 -0.00311   0.08257   0.08568 
 -0.04514   0.11395   0.15909 
 -0.00944   0.08383   0.09327 
   0.1013   0.16685   0.06555 
 -0.00508   0.07956   0.08208 
  0.03919    0.0738   0.08464 
 -0.00866   0.14992   0.03461 
  0.20854   0.25164   0.15858 
  -0.0486    0.1226    0.0431 
 -0.01078   0.05014   0.06225 
  0.08499   0.19117    0.1712 
  0.04546   0.12998   0.17588 
  0.06484    0.2806   0.06092 
  0.20976   0.13536   0.10618 
 -0.09111   0.18729   0.08452 
  0.09867    0.0901   0.07084 
 -0.01922   0.15979   0.22647 
  0.10274   0.14732   0.08862 
  0.02892   0.08328   0.10932 
  0.02704   0.16249   0.05705 
  0.02826   0.07812    0.1184 
   0.0241    0.1168   0.05624 
  0.03796   0.09883   0.13423 
  0.00643   0.14471   0.05402 
  0.05758   0.06952   0.07884 
  0.00445   0.16679    0.0924 
  0.06247   0.06635   0.08713 
  0.02215   0.04133   0.06507 
 -0.01552   0.00892   0.10432 
 -0.04186   0.05599    0.0442 
 -0.00044   0.09944   0.05685 
 -0.10253   0.18371   0.05078 
   0.0245   0.26194   0.05643 
  0.16686   0.03087   0.20197 
 -0.03374   0.25369   0.15921 
  0.17302   0.10858   0.09508 
 -0.03906   0.19003   0.06461 
  0.16811   0.10483   0.08067 
  0.00907   0.06124   0.14764 
  -0.0571   0.12322   0.02192 
  0.06488   0.05188   0.09576 
 -0.00453   0.08211   0.11834 
 -0.00911   0.04682   0.05834 
 -0.06484   0.27455   0.05641 
  0.13159   0.06045   0.09122 
 -0.01076   0.06398   0.11166 
