  0.08887  -0.01161  -0.10048 
  0.11648   0.01079  -0.10569 
  0.09527   0.00057   -0.0947 
  0.10073   0.01356  -0.08717 
  0.09834   0.01019  -0.08815 
  0.12845   0.01845     -0.11 
  0.06107  -0.01222  -0.07329 
   0.0967   0.00164  -0.09506 
    0.088   0.00475  -0.08325 
  0.09981   0.00713  -0.09268 
   0.1309  -0.00699  -0.13789 
  0.06386  -0.00243  -0.06629 
  0.14904   0.02257  -0.12647 
   0.0825   0.01428  -0.06822 
  0.17699   0.09284  -0.08415 
  0.07614   0.00259  -0.07355 
  0.08543   0.00369  -0.08174 
  0.09893   0.00523   -0.0937 
  0.09952  -0.01295  -0.12256 
  0.18991   0.06623  -0.11247 
   0.1253   0.03721  -0.12368 
  0.10175   0.00749  -0.08809 
  0.07549  -0.00255  -0.09426 
  0.10604   0.01529  -0.07804 
  0.10048  -0.00455  -0.09075 
  0.09352  -0.00427  -0.10503 
  0.09749   0.00395  -0.09779 
  0.12804   0.01155  -0.09354 
  0.16572    0.0673  -0.11649 
  0.07563  -0.00798  -0.09842 
  0.08485  -0.00482  -0.08361 
  0.10191   0.01886  -0.08967 
  0.08773   0.01976  -0.08305 
  0.09815   0.00689  -0.06797 
  0.09627  -0.00789  -0.09126 
  0.10353  -0.00122  -0.10416 
  0.08951   0.00342  -0.10475 
  0.08432  -0.00134  -0.08609 
  0.08439   0.00327  -0.08566 
  0.10028   -0.0072  -0.08112 
  0.08376   0.00196  -0.10748 
  0.08747   0.00512   -0.0818 
  0.11454   0.01161  -0.08235 
  0.09596   0.00093  -0.10293 
  0.09209   0.00386  -0.09503 
  0.08802    0.0004  -0.08823 
   0.0962  -0.00399  -0.08762 
  0.13995   0.00437  -0.10019 
  0.10088  -0.00132  -0.13558 
  0.11561   0.00728   -0.1022 
  0.10501    -0.006  -0.10833 
  0.11603  -0.01161  -0.11101 
   0.0911  -0.00739  -0.12764 
  0.10157  -0.01165  -0.09849 
   0.0948   0.00143  -0.11322 
