  0.00605   0.05745    0.0514 
  0.00682   0.12626   0.11944 
  0.03612   0.12399   0.08787 
  0.08251   0.09655   0.01404 
 -0.05181    0.0422   0.09401 
 -0.02672   0.06068    0.0874 
  0.02271    0.2023   0.17959 
 -0.02818   0.03468   0.06286 
  0.01026   0.07051   0.06025 
  0.15994   0.19354    0.0336 
    7e-05   0.03675   0.03668 
  0.10905   0.23532   0.12627 
  0.16755   0.19406   0.02651 
 -0.06082     0.135   0.19582 
 -0.03123   0.22806   0.08313 
 -0.09804    0.0519   0.17688 
     0.06   0.07884    0.0927 
 -0.09651   0.13259   0.06304 
 -0.06756   0.16202   0.07259 
 -0.09892    0.1664   0.25853 
 -0.07018   0.05331   0.23396 
 -0.01687   0.09747   0.15223 
  0.08996   0.10392   0.16765 
   0.0461   0.21152   0.12079 
 -0.02821   0.17859   0.12156 
  0.00905   0.09555   0.13249 
  0.04369   0.07886   0.12376 
  0.00897    0.1419   0.06981 
 -0.01929   0.03583   0.09821 
  0.03836   0.05461   0.02686 
  0.00095   0.11125    0.0739 
 -0.02416   0.06417   0.07289 
   0.0866   0.05889   0.06322 
  0.03077   0.16324   0.08305 
 -0.00303   0.05561   0.07664 
 -0.02684   0.05128   0.02484 
  0.07431    0.0066   0.05431 
 -0.09368    0.1646   0.03344 
  0.14312   0.04965   0.09029 
  0.07786   0.17926   0.14333 
    0.067   0.11892   0.03614 
  0.02659   0.12871   0.14655 
  0.03957   0.07719   0.04106 
  -0.0142   0.10984   0.05184 
  0.02529   0.06883   0.06171 
  0.01125   0.06937    0.0506 
  0.03784   0.09307   0.07027 
  0.13472   0.10861   0.08303 
 -0.09112   0.23379   0.04408 
    0.009   0.17224   0.08182 
   0.0438    0.0957   0.07077 
