 -0.03252   0.15631   0.18883 
 -0.00262    0.1029   0.10552 
  0.00564   0.10784    0.1022 
 -0.07264   0.04201   0.11465 
  0.00105   0.14529   0.14424 
 -0.00235   0.07529   0.07764 
  0.00564   0.10784    0.1022 
  0.01877   0.12213   0.08182 
  -0.0923   0.09206   0.10336 
 -0.13723   0.06561   0.18436 
 -0.00087   0.05983   0.20284 
 -0.04622   0.02543    0.0607 
 -0.11821   0.12688   0.07165 
  0.02062   0.03271   0.24509 
   0.0379   0.06553   0.01209 
 -0.00366   0.11196   0.02763 
 -0.00505    0.0644   0.11562 
 -0.00822   0.11869   0.06865 
  -0.0092   0.20286   0.06945 
  0.05613   0.14108   0.12691 
  0.08832   0.12848   0.21206 
 -0.04906   0.02759   0.08495 
  0.07386   0.15255   0.04016 
 -0.00959   0.03533   0.07665 
 -0.02694   0.03041   0.07869 
   0.0886   0.17688   0.04492 
  0.06493   0.09859   0.05735 
 -0.00653   0.08136   0.08828 
 -0.01522     0.214   0.03366 
 -0.01616   0.11968   0.08789 
 -0.19473   0.03139   0.22922 
  0.00685   0.08865   0.13584 
 -0.01704   0.11378   0.22612 
 -0.09068   0.02849    0.0818 
  0.04986   0.10784   0.13082 
  0.04331   0.17276   0.11917 
 -0.02803   0.11311   0.05798 
  0.11097   0.18912   0.12945 
  0.02446   0.11266   0.14114 
  0.04048   0.14167   0.07815 
  0.05852   0.15484    0.0882 
  0.04575   0.08552   0.10119 
 -0.01592   0.04403   0.09632 
 -0.01022   0.04352   0.03977 
 -0.09224   0.07574   0.05995 
 -0.02036   0.06105   0.05374 
 -0.02898   0.04638   0.06853 
  0.05241   0.09204   0.16798 
  0.01511   0.07385   0.08141 
 -0.02632   0.03294   0.07536 
  0.03217   0.31452   0.03963 
 -0.02723   0.10596   0.05874 
 -0.07274   0.06227   0.05926 
 -0.04728   0.06492   0.07379 
 -0.02391   0.03991    0.0895 
  -0.0873   0.08783   0.13766 
  0.02259   0.15357   0.08719 
 -0.01344   0.17755   0.11174 
  0.02633   0.10417   0.24087 
  0.03259    0.0787   0.15496 
