  0.12947   0.04028  -0.08919 
   0.0939   0.00973  -0.08417 
  0.07108  -0.01834  -0.08942 
  0.11066   0.01818  -0.09248 
  0.13827   0.03143  -0.10684 
  0.09252  -0.00157  -0.09409 
  0.10815   0.01873  -0.08942 
   0.0888  -0.00762  -0.09642 
  0.08348  -0.00822   -0.0917 
  0.07766  -0.00151  -0.07917 
  0.09352   0.00081  -0.09271 
  0.09799  -0.00412  -0.10211 
  0.10361   0.01217  -0.09144 
  0.10831    0.0131  -0.09521 
  0.07789   0.00384  -0.07405 
  0.10814   0.01019  -0.09795 
  0.07886  -0.00246  -0.08132 
  0.06102  -0.00061  -0.06163 
  0.10328   0.01349  -0.08979 
  0.10041  -0.01636  -0.11677 
  0.09463   0.00216  -0.09247 
  0.10601    0.0089  -0.09711 
  0.08501  -0.00378  -0.08879 
  0.08951   0.00554  -0.08397 
  0.10407   0.00767   -0.0964 
  0.06771    0.0005  -0.06721 
  0.08737   -0.0045  -0.09187 
  0.11634   0.01809  -0.09825 
  0.08648   0.00503  -0.08145 
   0.2079   0.13048  -0.07742 
  0.13082   0.02984  -0.10098 
  0.09848   0.01086  -0.08762 
  0.09192   0.01264  -0.07928 
  0.08931   0.00379  -0.08552 
  0.20772   0.14181  -0.06591 
  0.08248   0.01561  -0.06687 
  0.08431  -0.00456  -0.08887 
  0.10215  -0.00246  -0.10461 
   0.1129  -0.01967  -0.13257 
   0.0931   0.00846  -0.08464 
  0.12994  -0.00407  -0.13401 
  0.11666  -0.00104   -0.1177 
  0.07849  -0.00535  -0.08384 
  0.09447  -0.01084  -0.10531 
   0.0844   0.01602  -0.06838 
  0.11345   0.00228  -0.11117 
  0.09333   0.00283   -0.0905 
  0.06957  -0.00381  -0.07338 
  0.09577   0.00799  -0.08778 
  0.09103  -0.01198  -0.10301 
   0.1086  -0.00245  -0.11105 
  0.07832   0.00698  -0.07134 
  0.08607  -0.01812  -0.10419 
  0.09237   0.02138  -0.07099 
  0.08411  -0.00731  -0.09142 
  0.10014   0.02107  -0.07907 
  0.10591   0.01076  -0.09515 
  0.11133  -0.01973  -0.13106 
  0.11415   0.01251  -0.10164 
  0.10396   0.00696    -0.097 
  0.08868   0.00418   -0.0845 
  0.07519   -0.0043  -0.07949 
  0.07405  -0.00367  -0.07772 
  0.13572   0.04636  -0.08936 
  0.10355  -0.00865   -0.1122 
  0.12187   0.01208  -0.10979 
