 -0.06405   0.11634   0.18039 
 -0.18553   0.05358   0.23911 
   0.0239   0.09885   0.07495 
 -0.07483   0.07308   0.14791 
  0.03948   0.07771   0.04884 
   0.0239   0.08832   0.07495 
 -0.06312   0.09885   0.07852 
 -0.10475    0.0154   0.17755 
  -0.0716    0.0728   0.18108 
 -0.02216   0.10948   0.07908 
  -0.1084   0.05692   0.12504 
 -0.00303   0.01664   0.06403 
 -0.04726     0.061   0.10473 
  0.05255   0.05747   0.15337 
  0.07336   0.20592   0.01246 
 -0.06137   0.08582   0.23947 
 -0.18718    0.1781   0.32423 
  0.06779   0.13705    0.1113 
  0.04101   0.17909    0.0914 
  0.03523   0.13241     0.056 
 -0.04786   0.09123   0.09393 
 -0.00023   0.04607   0.05052 
 -0.05696   0.05029   0.12566 
 -0.02219    0.0687   0.10216 
 -0.04853   0.07997   0.08591 
 -0.01295   0.30579   0.14435 
  0.00749   0.03738   0.12723 
   0.2455    0.1314   0.04372 
  0.00027   0.17399   0.08828 
  0.01214     0.163   0.12057 
 -0.06637   0.13472   0.12569 
 -0.00022   0.14744   0.06538 
 -0.03849   0.28922   0.13691 
  0.08347   0.08855   0.07855 
  0.05077   0.13271   0.05686 
  0.10022   0.05932   0.09768 
 -0.01746   0.06516   0.12844 
  0.04343   0.17075    0.0852 
 -0.02387   0.09842   0.04872 
 -0.06545   0.16202   0.11724 
 -0.11236   0.10763   0.25735 
 -0.01904    0.1979   0.14942 
 -0.04126   0.11098    0.0756 
 -0.02887   0.12863   0.04899 
 -0.04956   0.02485    0.1169 
 -0.00903   0.05179    0.0299 
  0.02529   0.14499   0.03642 
  0.18837   0.13038   0.04838 
  0.07481   0.03434   0.25354 
  0.01131   0.02012   0.07232 
  0.03238   0.06734   0.06193 
 -0.00815   0.02087   0.08377 
  0.02092   0.06171   0.06522 
  0.10469   0.23675    0.0799 
 -0.04439   0.32835   0.12425 
 -0.06913   0.08363   0.14463 
  0.06451   0.09431   0.14004 
  0.00294   0.07562   0.05893 
