 -0.02065   0.04941   0.07006 
  0.03001   0.15196   0.12195 
 -0.02461   0.07107   0.09568 
 -0.13023    0.0442   0.17443 
  0.00881   0.01977   0.18072 
  0.05881   0.14151   0.01096 
 -0.00049   0.14626    0.0827 
 -0.04759    0.0967   0.14675 
  0.09319   0.20925   0.14429 
  0.02723   0.09507   0.11606 
 -0.01724   0.09133   0.06784 
  0.11063   0.14904   0.10857 
  0.04083   0.14497   0.03841 
 -0.02603   0.07267   0.10414 
 -0.00237   0.11625    0.0987 
   0.0929   0.16262   0.11862 
  0.00064   0.12267   0.06972 
  0.07668    0.1704   0.12203 
 -0.02735   0.03132   0.09372 
  0.13263   0.21383   0.05867 
 -0.18581   0.05027    0.0812 
  0.00573   0.14248   0.23608 
  0.01683   0.12907   0.13675 
 -0.04805    0.0932   0.11224 
 -0.11783   0.11448   0.14125 
 -0.02601   0.09178   0.23231 
   0.1181   0.21895   0.11779 
  -0.0725   0.21805   0.10085 
  0.05621    0.0828   0.29055 
  0.00369   0.10957   0.02659 
  0.03723   0.16316   0.10588 
  0.01738   0.09401   0.12593 
  0.05584   0.15046   0.07663 
 -0.00131   0.05874   0.09462 
  0.00076   0.06534   0.06005 
  0.02334   0.15982   0.06458 
 -0.17749  -0.01675   0.13648 
  0.01491   0.09263   0.16074 
 -0.02876   0.05529   0.07772 
 -0.03097   0.08817   0.08405 
  0.00295   0.10802   0.11914 
 -0.04254   0.04208   0.10507 
 -0.06637   0.08133   0.08462 
 -0.01134   0.05139    0.1477 
 -0.05018   0.02286   0.06273 
  0.01485   0.11058   0.07304 
 -0.03204  -0.01491   0.09573 
 -0.03055   0.03476   0.01713 
 -0.09915   0.02673   0.06531 
  0.06422   0.11428   0.12588 
 -0.01748    0.0547   0.05006 
 -0.03347   0.06659   0.07218 
  -0.0093   0.11208   0.10006 
  0.00203   0.09868   0.12138 
 -0.03482   0.04648   0.09665 
 -0.09719   0.08158   0.10838 
 -0.00319   0.16702    0.0813 
 -0.04334   0.09634   0.17877 
 -0.12619   0.03296   0.17021 
  0.08388   0.14872   0.13968 
  0.12525   0.25773   0.15915 
  0.12763   0.20712   0.06484 
 -0.04706   0.06619   0.13248 
  0.04374   0.16407   0.07949 
 -0.19435   0.09682   0.11325 
