  0.08554     4e-05   -0.0855 
  0.09113   0.00478  -0.08635 
  0.13733   0.01636  -0.12097 
  0.08364   0.01173  -0.07191 
  0.10065   0.01647  -0.08418 
  0.09562   0.00698  -0.08864 
  0.10953   0.01586  -0.09367 
  0.09394   -0.0026  -0.09654 
  0.07756  -0.00462  -0.08218 
  0.09526   0.00019  -0.09507 
  0.07865  -0.00716  -0.08581 
  0.08151     0.002  -0.07951 
  0.08854   0.01093  -0.07761 
   0.0794    0.0002   -0.0792 
  0.07132   0.00603  -0.06529 
  0.15698  -0.01325  -0.17023 
  0.16575   0.06518  -0.10057 
  0.10003   0.00984  -0.09019 
  0.07732  -0.00368    -0.081 
  0.08376    -0.004  -0.08776 
  0.13852   0.06787  -0.07065 
  0.07241  -0.00711  -0.07952 
  0.06662  -0.00522  -0.07184 
  0.09546   0.01982  -0.07564 
  0.09318   0.01443  -0.07875 
  0.10091    0.0181  -0.08281 
  0.07146   -0.0117  -0.08316 
  0.08977    0.0419  -0.04787 
  0.09715   0.00505   -0.0921 
  0.13092     0.017  -0.11392 
  0.06782   0.00074  -0.06708 
  0.13629  -0.00445  -0.14074 
  0.11651  -0.02117  -0.13768 
  0.09766    0.0082  -0.08946 
  0.08955  -0.00089  -0.09044 
  0.11588    0.0102  -0.10568 
  0.10286  -0.00485  -0.10771 
   0.1132  -0.00302  -0.11622 
  0.12815   0.00399  -0.12416 
  0.09174   0.00178  -0.08996 
  0.12112   0.01048  -0.11064 
  0.07626  -0.00547  -0.08173 
  0.12552     9e-05  -0.12543 
   0.1095  -0.00745  -0.11695 
  0.12223   0.03327  -0.08896 
  0.07238  -0.00161  -0.07399 
   0.0741  -0.00523  -0.07933 
   0.0951  -0.00061  -0.09571 
    0.076   0.00088  -0.07512 
  0.15686   0.01792  -0.13894 
  0.10295  -0.00127  -0.10422 
  0.08356   0.01481  -0.06875 
  0.09187   0.00434  -0.08753 
  0.08503   0.00162  -0.08341 
  0.10229   0.00898  -0.09331 
  0.12097   0.01957   -0.1014 
   0.1335   0.01963  -0.11387 
  0.09739    0.0135  -0.08389 
  0.09546   0.01105  -0.08441 
  0.09378    0.0175  -0.07628 
  0.08495    0.0061  -0.07885 
  0.09412  -0.00912  -0.10324 
  0.07967   0.00039  -0.07928 
  0.10323   0.02627  -0.07696 
  0.09383   0.00121  -0.09262 
  0.12303   -0.0075  -0.13053 
  0.11461     2e-05  -0.11459 
