 -0.03605   0.04506   0.08111 
 -0.06587   0.07215   0.13802 
  0.08909    0.0703   0.11916 
  -0.0486   0.20825   0.16801 
 -0.00843   0.11941   0.15296 
  0.00914   0.14453   0.10818 
  0.11725   0.11732   0.03826 
  -0.1361   0.15551   0.23155 
   0.0449   0.09545   0.07019 
 -0.07075   0.11509   0.14848 
 -0.03592   0.07773   0.10438 
 -0.18509   0.06846   0.26031 
 -0.12215   0.07522    0.1747 
 -0.08007   0.05255   0.15809 
 -0.17585   0.07802   0.23145 
  0.00538    0.0556   0.09654 
    0.055   0.22768    0.2223 
 -0.00978   0.10935   0.05435 
  -0.0617   0.17259   0.18237 
 -0.01177   0.00515   0.19256 
 -0.09929   0.13086   0.14373 
 -0.02871   0.13196   0.20612 
  0.09875   0.10683    0.1368 
 -0.09884   0.13591   0.15931 
 -0.03727   0.10809   0.23481 
  0.03066   0.25806   0.05347 
 -0.04064   0.13597   0.08894 
 -0.01585    0.0162   0.16081 
  0.00386    0.1196   0.13073 
 -0.13344   0.15974   0.18166 
 -0.04321   0.09009   0.06444 
 -0.00632   0.16581   0.24213 
 -0.03065    0.0683   0.16525 
 -0.13387   0.10869    0.0651 
  0.01074   0.17726   0.06084 
   0.0596   0.12204   0.19038 
  0.14444   0.05878   0.05713 
 -0.02273   0.03019  -0.00197 
 -0.09354   0.05651   0.06041 
  0.04109   0.06787   0.06841 
 -0.02379   0.05763   0.10857 
 -0.10256   0.20485   0.08731 
 -0.14957   0.04568   0.03939 
  0.02891   0.01503    0.1843 
 -0.16132    0.1284   0.18314 
 -0.11008    0.0156   0.07347 
 -0.14554   0.08174   0.15711 
 -0.13936   0.03357   0.21183 
  0.00113   0.10238   0.24782 
   0.0367  -0.00421    0.2025 
 -0.07707   0.10175   0.16828 
  0.05229   0.10228   0.09492 
 -0.06294   0.06314   0.19808 
 -0.01536   0.16941   0.18089 
 -0.05727   0.13162   0.14032 
 -0.03362   0.12101   0.12681 
  0.11177   0.23318   0.13764 
 -0.00141   0.07738   0.28322 
  0.03982   0.11145   0.14067 
 -0.06906   0.08037   0.14242 
