  0.07836   0.21235   0.13399 
 -0.17794    0.0381   0.21604 
  0.14273   0.29713    0.1544 
 -0.01307   0.13542   0.14849 
   0.0567   0.10905   0.05235 
 -0.04552   0.08078    0.1263 
  0.04605   0.17688   0.13083 
  -0.1542    0.0741   0.15824 
  -0.0098   0.04408    0.2283 
  0.15008   0.19369   0.05388 
 -0.00088   0.07288   0.04361 
 -0.01284   0.06453   0.07376 
 -0.02961   0.08315   0.07737 
 -0.04343   0.08954   0.09499 
  0.03315   0.10957   0.11276 
  0.00588   0.11076   0.13297 
  0.03365   0.07991   0.07642 
  0.08176     0.136   0.10488 
 -0.19947   0.19857   0.10235 
 -0.01202   0.13474   0.11681 
  0.05217   0.11426   0.33421 
  0.13169   0.11736   0.12628 
 -0.07509   0.26412   0.06519 
 -0.06193   0.02057   0.13243 
 -0.09397   0.01404   0.09566 
  0.03108   0.11848   0.07597 
  0.01965   0.07326   0.21245 
  0.04566   0.08839   0.04218 
  0.04692    0.0928   0.14651 
  0.03777   0.07175   0.06874 
  0.12651   0.07437   0.04714 
  0.14681   0.30343   0.02483 
  0.07271   0.18537    0.0366 
 -0.01988   0.12387   0.17692 
 -0.07725   0.11068   0.03856 
  0.00674   0.01994   0.05116 
  0.05765   0.19848   0.13056 
 -0.00119   0.13527   0.09719 
  0.04406    0.1088   0.10228 
 -0.03327   0.11607   0.19174 
   0.0837   0.03213   0.07762 
  0.07053   0.11919   0.10999 
  0.06748   0.19996   0.07201 
  0.01932   0.12982    0.0654 
  0.07918   0.12063   0.03549 
  0.00933   0.15467   0.12943 
 -0.00986   0.11287   0.06234 
  0.14097   0.04036   0.10131 
 -0.03874   0.22009   0.07549 
 -0.03361   0.01125   0.10354 
 -0.10386   0.08538   0.05022 
  -0.0566   0.00962   0.07912 
  -0.0296   0.11376   0.04999 
 -0.03575      0.03   0.11899 
