  0.16007   0.07418  -0.08589 
  0.11147  -0.00334  -0.11481 
  0.16132   0.04271  -0.11861 
   0.1097   0.02042  -0.08928 
  0.09902   0.00652   -0.0925 
  0.15481   0.01477  -0.14004 
  0.08164  -0.00416   -0.0858 
  0.09346   0.00263  -0.09083 
  0.09734   0.00801  -0.08933 
  0.08873  -0.00039  -0.08912 
  0.08964   -0.0022  -0.09184 
  0.08607  -0.00344  -0.08951 
  0.09202   0.01497  -0.07705 
  0.08786  -0.00043  -0.08829 
  0.09455   0.01529  -0.07926 
   0.0976    0.0151   -0.0825 
  0.09556   0.01612  -0.07944 
  0.09719   0.00622  -0.09097 
  0.09409  -0.00873  -0.10282 
  0.13028   0.01839  -0.11189 
  0.10557    0.0134  -0.09217 
  0.11805   0.01523  -0.10282 
  0.09029   0.00261  -0.08768 
  0.10858    0.0419  -0.06668 
  0.08919   0.01116  -0.07803 
  0.09014   0.00428  -0.08586 
  0.09065  -0.00371  -0.09436 
  0.11381   0.01442  -0.09939 
  0.11042     0.006  -0.10442 
  0.10075   0.00541  -0.09534 
   0.1013   0.00378  -0.09752 
   0.1101  -0.00159  -0.11169 
   0.0738  -0.00551  -0.07931 
   0.0964   0.00166  -0.09474 
  0.08575   0.00316  -0.08259 
  0.08434   0.00871  -0.07563 
  0.12407   0.03152  -0.09255 
  0.09811   0.01086  -0.08725 
  0.08858    0.0073  -0.08128 
  0.11748   0.00755  -0.10993 
  0.08303   0.00912  -0.07391 
  0.08898   0.00669  -0.08229 
  0.10152   0.02842   -0.0731 
  0.11517  -0.00853   -0.1237 
  0.09571  -0.00106  -0.09677 
  0.11553   0.01498  -0.10055 
  0.07919   0.00228  -0.07691 
  0.10017  -0.00259  -0.10276 
   0.0925   0.01451  -0.07799 
  0.09783   0.00689  -0.09094 
  0.11707   0.02556  -0.09151 
   0.1024   0.01309  -0.08931 
  0.10404   0.01293  -0.09111 
  0.09363     3e-05   -0.0936 
  0.10833  -0.00513  -0.11346 
  0.09832   0.01183  -0.08649 
  0.10062   0.03435  -0.06627 
  0.09291  -0.01877  -0.11168 
  0.10424   0.01531  -0.08893 
