 -0.16228   0.00243   0.09977 
  0.04958   0.10273   0.09283 
  0.00296   0.13055   0.09157 
  0.03772   0.06881   0.15754 
 -0.02276   0.11081   0.09527 
 -0.04673   0.20161   0.04588 
  0.10634   0.04318   0.08847 
  -0.0027   0.05295   0.10866 
 -0.03552   0.06087   0.06535 
 -0.04779   0.05025    0.2275 
  -0.0151   0.10783   0.17708 
 -0.11967   0.01891   0.05968 
 -0.15817   0.21555   0.17794 
  0.15587   0.05857   0.09985 
 -0.11937   0.07835   0.08836 
  -0.0215     0.068   0.05025 
 -0.02036   0.05113   0.12865 
  0.00088    0.1482   0.16249 
  0.01955    0.2072   0.12438 
  0.04471   0.16982    0.1041 
  0.04544   0.22499   0.12665 
  0.12089   0.05389    0.1211 
 -0.07276   0.07616   0.28327 
 -0.04494   0.03326   0.11754 
 -0.25001   0.07197   0.04015 
 -0.04557   0.05239    0.0475 
  0.01224   0.04914   0.17594 
  0.00164   0.08012   0.04184 
 -0.09345   0.08249   0.07483 
 -0.00711   0.03473   0.12354 
 -0.05967   0.01516   0.20627 
   0.0166   0.14014   0.12897 
 -0.01764   0.18863   0.17533 
  0.03634   0.16531   0.16699 
 -0.05524   0.12009   0.04638 
  0.05103   0.21802   0.13642 
 -0.01064   0.24828   0.08762 
 -0.02487   0.03574   0.14701 
  0.07754   0.16474   0.17711 
 -0.06616   0.11155   0.18224 
 -0.02486   0.16516   0.06703 
  -0.0256   0.08085    0.2266 
  -0.0235   0.15225   0.15617 
 -0.16279   0.15664   0.09801 
 -0.05152   0.04353   0.11749 
 -0.01374   0.06381   0.12255 
  0.04396   0.10465   0.15434 
 -0.08565   0.08427   0.03097 
 -0.08114   0.02454   0.06101 
    0.014   0.16145   0.00975 
 -0.01212    0.0369   0.06752 
