  0.02087   0.07115   0.05028 
 -0.00876   0.03351   0.04227 
  0.01638   0.05391   0.03753 
   0.1228   0.18017   0.05737 
  0.00522   0.05515   0.04993 
  0.06441   0.09367   0.02926 
 -0.00347   0.09959   0.10306 
  0.06268    0.1831   0.12042 
  0.02857   0.15849   0.12992 
    0.079   0.14919   0.07019 
  0.03293   0.08452   0.05159 
  0.02633   0.14283    0.1165 
  0.01036   0.03778   0.02742 
 -0.02924   0.05145   0.08069 
 -0.02748    0.0397   0.06718 
 -0.00667   0.05393    0.0606 
 -0.04621   0.00936   0.05557 
  0.03043   0.11457   0.08414 
 -0.00357   0.04646   0.05003 
 -0.01102   0.04109   0.05211 
  0.15131   0.25614   0.10483 
 -0.01325   0.04054   0.05379 
  0.03454   0.08184    0.0473 
 -0.03601   0.01563   0.05164 
 -0.11956   0.03118   0.15074 
  0.06304    0.1311   0.06806 
 -0.01023   0.07665   0.08688 
   0.0027   0.09375   0.09105 
  0.03223   0.07753    0.0453 
  0.08346   0.13215   0.04869 
  0.00295   0.06339   0.06044 
 -0.03293   0.14723   0.18016 
 -0.00972    0.0613   0.07102 
 -0.01296    0.0113   0.02426 
 -0.01768   0.04948   0.06716 
  0.06831   0.16765   0.09934 
  0.19319   0.24755   0.05436 
  0.00864   0.04975   0.04111 
  0.11657    0.2613   0.14473 
 -0.00407   0.08349   0.08756 
  0.12459    0.1591   0.03451 
 -0.05595    0.0665   0.12245 
 -0.03941   0.03483   0.07424 
 -0.04313   0.01114   0.05427 
 -0.01478   0.06743   0.08221 
 -0.04253   0.02974   0.07227 
  0.03201   0.10955   0.07754 
 -0.05707   0.01595   0.07302 
   0.0473   0.09898   0.05168 
 -0.06198   0.12803   0.19001 
 -0.02969   0.11876   0.14845 
 -0.09938   0.08004   0.17942 
 -0.05671   0.13042   0.18713 
