  0.08154   0.00068  -0.08086 
  0.10765  -0.00209  -0.10974 
  0.09872  -0.00739  -0.10611 
  0.13553   0.01176  -0.12377 
  0.08651   0.00277  -0.08374 
  0.10162   0.00196  -0.09966 
  0.08658   0.01141  -0.07517 
  0.07404   -0.0011  -0.07514 
  0.10244  -0.00471  -0.10715 
  0.09719   0.00477  -0.09242 
  0.08195   0.00846  -0.07349 
  0.08107   0.00054  -0.08053 
  0.07806   0.00174  -0.07632 
  0.12122   0.00562   -0.1156 
  0.07931         0  -0.07931 
   0.0937    0.0041   -0.0896 
  0.10878   0.01399  -0.09479 
  0.08439   0.00451  -0.07988 
  0.08862  -0.00843  -0.09705 
   0.0979    0.0064   -0.0915 
   0.0956    0.0278   -0.0678 
  0.11708    0.0375  -0.07958 
  0.09039   0.02068  -0.06971 
  0.10242   0.01039  -0.09203 
   0.1302   0.05182  -0.07838 
  0.14548   0.05885  -0.08663 
  0.09541   0.00335  -0.09206 
  0.11186   0.01601  -0.09585 
  0.11026    0.0156  -0.09466 
   0.1133   -0.0091   -0.1224 
  0.11851   0.00682  -0.11169 
  0.11058   0.00128   -0.1093 
  0.10356   0.00082  -0.10274 
  0.05742  -0.00234  -0.05976 
  0.07436   0.00357  -0.07079 
  0.09072   0.01197  -0.07875 
  0.07736   0.01329  -0.06407 
   0.1196   0.01186  -0.10774 
  0.08289  -0.00344  -0.08633 
  0.11226   0.00984  -0.10242 
  0.10638   0.00824  -0.09814 
   0.0939  -0.00622  -0.10012 
  0.08683  -0.00432  -0.09115 
  0.09942   0.00082   -0.0986 
  0.08889   0.01532  -0.07357 
   0.0923  -0.00026  -0.09256 
  0.11538   0.02472  -0.09066 
  0.11282  -0.00013  -0.11295 
  0.10516   0.01404  -0.09112 
  0.07837   0.00049  -0.07788 
  0.08941   0.00723  -0.08218 
  0.07485   0.00168  -0.07317 
  0.07778  -0.00146  -0.07924 
