  0.01823   0.07197   0.05374 
   0.0132   0.05165   0.03845 
 -0.03506   0.02998   0.06504 
  0.06533   0.13278   0.06745 
 -0.00459   0.04447   0.04906 
 -0.01944   0.02352   0.04296 
 -0.10849   0.03825   0.14674 
 -0.01118   0.14326   0.06662 
  0.07019   0.05544   0.03567 
 -0.09525   0.10586   0.10729 
 -0.02945   0.01204   0.09115 
 -0.09843    0.0617   0.11242 
 -0.07616   0.01399   0.16396 
 -0.08887    0.0878   0.09765 
 -0.05352   0.00878   0.13501 
  -0.0537   0.08149   0.07336 
 -0.03687   0.01966    0.0676 
  0.06845   0.03073   0.01711 
  0.04038   0.08556   0.02227 
  0.02052   0.06265     0.033 
  0.11186   0.05352   0.05572 
  0.12309   0.16758   0.11063 
  0.01481   0.23372   0.10683 
  0.08567   0.12164     0.157 
 -0.00464   0.13916   0.05349 
 -0.01683   0.10089   0.10553 
 -0.03999   0.09736   0.11419 
 -0.00691    0.0697   0.10969 
  0.05248   0.10338   0.11029 
  0.06891   0.11239   0.05991 
 -0.01675   0.14241    0.0735 
 -0.05764   0.11337   0.13012 
  -0.1586    0.0465   0.10414 
 -0.07424   0.04016   0.19876 
 -0.05769   0.07105   0.17642 
 -0.09083   0.10218   0.09024 
 -0.00379   0.03255   0.15018 
 -0.00364   0.05935   0.11867 
 -0.02719   0.11488    0.0865 
 -0.02763   0.08286   0.12349 
 -0.02769    0.0963   0.08509 
 -0.08298   0.05746   0.04729 
  0.01413    0.0196   0.15208 
 -0.05165    0.0691   0.03883 
   0.0824   0.05296   0.09406 
  0.05087   0.04241   0.09546 
  0.05956   0.17786    0.0895 
   0.0221   0.14037   0.04421 
  0.02124   0.10377   0.09401 
   0.1012   0.11611   0.08007 
