 -0.06211   0.08502   0.14713 
 -0.06102   0.04083   0.10185 
 -0.09584    0.0863   0.15265 
 -0.08147   0.05681   0.13994 
 -0.14125   0.05847   0.18129 
 -0.01863   0.04004   0.11165 
 -0.03825   0.09302   0.10866 
 -0.12497   0.07041   0.19499 
 -0.09649   0.07002   0.15396 
 -0.00828   0.05747    0.0632 
 -0.08584   0.05492   0.09801 
   -0.215   0.01217    0.2179 
 -0.07605    0.0029     0.177 
 -0.09091   0.10095   0.23005 
 -0.14445   0.13914    0.2191 
 -0.11428   0.07465   0.19911 
 -0.06086   0.08483   0.15452 
 -0.02918   0.09366   0.09488 
  0.05593    0.0657   0.05947 
   -0.007    0.1154   0.06055 
  0.01406   0.05355   0.09147 
   0.0096   0.10553   0.05267 
 -0.03717   0.06227   0.08495 
 -0.07032   0.04778   0.11619 
 -0.13048   0.04587   0.20405 
  0.04442   0.07357   0.11856 
 -0.07649   0.11948   0.07506 
 -0.03644   0.06741    0.1439 
 -0.20058   0.05054   0.08698 
 -0.06193   0.08055   0.26592 
 -0.03353   0.06534   0.31186 
 -0.05119   0.24993   0.14704 
 -0.05762   0.11351   0.05206 
 -0.09311   0.00087   0.18314 
 -0.02889   0.12552   0.14176 
 -0.23716   0.04865   0.11476 
 -0.16523   0.08587   0.28946 
  -0.0803    0.0523   0.20953 
 -0.03243   0.13266   0.15284 
  -0.0764    0.0443   0.13104 
  0.04531   0.07254   0.15234 
 -0.04276   0.09861   0.06287 
 -0.15768   0.07594   0.06696 
 -0.08778   0.10818   0.19342 
 -0.08742    0.0242   0.10523 
 -0.13709   0.03574   0.20375 
 -0.06978   0.01745   0.16119 
