  0.06763  -0.00412  -0.07175 
  0.09569  -0.00062  -0.09631 
  0.08742  -0.00422  -0.09164 
  0.09159   0.00081  -0.09078 
  0.10512  -0.00017  -0.10529 
  0.08731  -0.01122  -0.09853 
  0.12801   0.00918  -0.11883 
  0.08593  -0.01697   -0.1029 
  0.10759   0.00689   -0.1007 
  0.11305    0.0084  -0.10465 
  0.10952   0.00311  -0.10641 
  0.10264  -0.01396   -0.1166 
  0.08051  -0.00222  -0.08273 
  0.11193    0.0117  -0.10023 
  0.11276   0.00846   -0.1043 
  0.08869   0.00048  -0.08821 
  0.07304   0.00761  -0.06543 
  0.11615   0.01568  -0.10047 
  0.08273   0.00223   -0.0805 
   0.1122    0.0127   -0.0995 
  0.11682  -0.01837  -0.13519 
  0.09594  -0.00852  -0.10446 
  0.09979   0.00758  -0.09221 
  0.09441   0.00521   -0.0892 
  0.11898   0.01188   -0.1071 
  0.11171   0.00962  -0.10209 
  0.07941  -0.01207  -0.09148 
  0.08397   -0.0077  -0.09167 
  0.09749   0.01206  -0.08543 
   0.0984  -0.00109  -0.09949 
  0.08235  -0.01813  -0.10048 
  0.09337   0.00463  -0.08874 
  0.09617   0.00649  -0.08968 
  0.12708   0.02843  -0.09865 
  0.08693  -0.00452  -0.09145 
  0.09736   0.01374  -0.08362 
  0.07338  -0.00711  -0.08049 
  0.08371   0.00081   -0.0829 
  0.08047  -0.00971  -0.09018 
  0.08649   0.00625  -0.08024 
  0.09914   0.01123  -0.08791 
  0.09767   0.01575  -0.08192 
  0.09823   0.01112  -0.08711 
  0.09367  -0.00073   -0.0944 
  0.07904   0.00397  -0.07507 
  0.10166   0.00086   -0.1008 
  0.10195   0.01944  -0.08251 
  0.11862   0.00259  -0.11603 
  0.09013  -0.00188  -0.09201 
  0.12723   0.01535  -0.11188 
  0.09758  -0.01376  -0.11134 
