 -0.12372   0.02334   0.14706 
 -0.06604   0.03152   0.09756 
  0.02657   0.12495   0.09838 
  0.05057   0.12187    0.0713 
 -0.05178    0.0341   0.08588 
 -0.14318   0.06721   0.21039 
 -0.03201   0.02923   0.06124 
 -0.12818   0.05018   0.17836 
  0.02922   0.01901  -0.01021 
 -0.04697   0.02233    0.0693 
 -0.09734   0.01267   0.20689 
 -0.13956   0.10955   0.16292 
  -0.1369   0.02336    0.2517 
 -0.00092    0.1148   0.09626 
 -0.08171   0.09534   0.14288 
 -0.12664   0.06117   0.19681 
 -0.05111   0.04859   0.11337 
  -0.0435   0.07017   0.13793 
 -0.07719   0.06226    0.1509 
 -0.09127   0.09443    0.1143 
 -0.03242   0.07371    0.1332 
 -0.03037   0.02303   0.11325 
 -0.09285    0.3038   0.17585 
 -0.00919   0.10078   0.13123 
  0.02719   0.08288   0.08433 
 -0.02932     0.083   0.02089 
 -0.17637   0.07514   0.10735 
 -0.22851   0.04808   0.20091 
   0.0935   0.07803   0.26676 
 -0.09268   0.02454   0.19884 
 -0.05152   0.03825   0.16234 
 -0.08698   0.29234   0.06528 
 -0.04898   0.06966   0.20041 
 -0.06138   0.01376   0.11393 
  0.04593   0.11343   0.11125 
  -0.1265   0.06495   0.04395 
  -0.0542   0.04987   0.19443 
 -0.03481   0.08988   0.08153 
 -0.10597   0.06793   0.09762 
 -0.15989   0.02733   0.18022 
 -0.01262   0.06281   0.18997 
 -0.02729   0.07425   0.02467 
 -0.09668   0.03008   0.04359 
 -0.05026   0.01205   0.13101 
 -0.05298    0.0163   0.08405 
 -0.09793   0.03433   0.10797 
 -0.05006   0.03379   0.16097 
