 -0.03053   0.02235   0.05288 
 -0.04527   0.05019   0.09546 
  0.01976   0.09863   0.07887 
 -0.02445   0.05935    0.0838 
 -0.02851   0.04151   0.07002 
 -0.00373   0.10007    0.1038 
 -0.08804   0.02792   0.11596 
  -0.0506    0.0832    0.1338 
 -0.01028   0.18416   0.19444 
 -0.18145   0.09674   0.27819 
 -0.23299   0.05872   0.29171 
 -0.24792   0.08785   0.33577 
  -0.0399   0.06468   0.10458 
 -0.05485   0.05589   0.11074 
 -0.04623   0.11232   0.13209 
 -0.02612   0.08586   0.09088 
 -0.03009   0.06476   0.05439 
 -0.05022    0.0243   0.07025 
 -0.02773   0.02003   0.11189 
  0.00203   0.08416   0.08777 
  0.05847    0.0898   0.12391 
 -0.07991   0.18238   0.14032 
   -0.092   0.06041   0.21532 
 -0.04719   0.12332   0.12124 
 -0.05396   0.07405   0.18415 
   -0.026   0.13019   0.08151 
 -0.04722   0.05551   0.15944 
 -0.04098   0.11222   0.15125 
 -0.12295   0.11027   0.16462 
 -0.02209   0.04167   0.14027 
 -0.07192   0.11818   0.09871 
  0.01226   0.02679   0.12926 
  -0.1424   0.14152   0.18657 
 -0.09916   0.04417    0.1363 
 -0.05863   0.03714    0.1208 
  0.00557   0.06217   0.03426 
 -0.01927   0.03983   0.09958 
 -0.07999   0.08108   0.15133 
 -0.09962   0.08031    0.1481 
 -0.01958   0.07134   0.16214 
 -0.12585   0.04848   0.16909 
 -0.11225   0.14256    0.2373 
 -0.09312   0.04324   0.15119 
