  0.07933  -0.02223  -0.10156 
   0.0715  -0.01705  -0.08855 
  0.08211   0.00405  -0.07806 
  0.09121  -0.00035  -0.09156 
  0.14582  -0.00207  -0.14789 
  0.12213   0.01365  -0.10848 
  0.07531  -0.00684  -0.08215 
   0.1021   0.00886  -0.09324 
  0.10504   0.01873  -0.08631 
  0.09781    0.0074  -0.09041 
  0.10513   0.00786  -0.09727 
  0.08953  -0.00703  -0.09656 
  0.13199   0.02013  -0.11186 
  0.09144   0.00469  -0.08675 
  0.09704  -0.01311  -0.11015 
  0.12313    0.0101  -0.11303 
  0.09063   0.00073   -0.0899 
  0.09485   0.00865   -0.0862 
  0.10798   0.01318   -0.0948 
  0.11159   0.00785  -0.10374 
  0.09414   0.01254   -0.0816 
  0.12896   0.01789  -0.17136 
  0.11754   0.00399  -0.11107 
  0.11273   0.01182  -0.11355 
   0.0991   0.00897  -0.10091 
  0.11135  -0.00168  -0.09013 
  0.08917  -0.00128  -0.11303 
  0.14354   0.04685  -0.09045 
  0.15555   0.05065  -0.09669 
  0.10547   0.00897   -0.1049 
  0.12978   0.02404   -0.0965 
  0.10992   0.00394  -0.10574 
  0.11294   0.01242  -0.10598 
  0.10932  -0.00203  -0.10052 
   0.1336   0.02134  -0.11135 
  0.10755  -0.00157  -0.11226 
  0.10442   0.00721  -0.10912 
  0.09845  -0.00133  -0.09721 
  0.13168   0.00696  -0.09978 
  0.14706   0.02588  -0.12472 
  0.15787   0.04157  -0.12118 
  0.17236   0.08335   -0.1163 
  0.13426   0.03118  -0.08901 
  0.10658   0.00605  -0.10308 
  0.11033   0.00986  -0.10053 
  0.09141   0.00325  -0.10047 
