 -0.03203   0.05565   0.03471 
  0.08432   0.13046   0.08768 
 -0.04428   0.06853   0.04614 
 -0.05744   0.04268   0.11281 
 -0.02507   0.07253   0.12997 
 -0.07579    0.0648   0.08987 
 -0.04898   0.06311    0.1389 
 -0.01008   0.06295   0.08924 
  0.04806   0.04026   0.07385 
  0.00342   0.06377      0.14 
  0.01221   0.07599   0.02793 
  -0.0316   0.02919   0.02577 
 -0.06557   0.05114   0.03893 
  0.04614   0.00093   0.03253 
   0.0594   0.05895   0.12452 
 -0.13123   0.08043   0.03429 
 -0.05586   0.14092   0.08152 
 -0.10962   0.12682   0.25805 
 -0.04347   0.10652   0.16238 
 -0.00053   0.08863   0.18021 
 -0.04556   0.21405   0.09351 
 -0.08507   0.07059   0.06764 
  -0.2515   0.05004   0.15492 
 -0.10423   0.06711   0.13662 
  -0.0596   0.10936   0.26482 
 -0.02978   0.05155   0.18764 
 -0.16299   0.01332   0.08827 
 -0.12549   0.08341    0.0904 
 -0.13476   0.02867   0.25084 
 -0.03116   0.06062   0.20111 
  -0.0057   0.03812   0.14962 
 -0.00129   0.02413   0.16521 
 -0.02398   0.03045   0.07044 
 -0.21102   0.03928   0.23148 
 -0.01869   0.08034   0.05237 
 -0.07535   0.04667   0.08625 
