  0.05679   0.15818   0.16743 
  0.02301   0.22422   0.10262 
  0.00975   0.12563   0.07921 
  0.12769   0.05129   0.13589 
    0.144   0.08896   0.06662 
 -0.15153   0.26358   0.07995 
  0.01511   0.21062   0.17345 
  0.06704   0.02192   0.09307 
  0.15973   0.10818   0.07582 
  0.15795   0.14286    0.0992 
  0.02032   0.25893   0.12327 
 -0.07899   0.28122   0.12714 
 -0.06523   0.14746   0.18984 
  0.00831   0.11085    0.1102 
 -0.11643   0.04497    0.1614 
 -0.01284   0.16971   0.12756 
 -0.04935   0.01113   0.10199 
  0.22924   0.08915   0.09006 
  -0.1625   0.04071    0.0634 
 -0.08575   0.29264   0.26072 
  0.08198   0.09822   0.13165 
 -0.01763    0.0459   0.13114 
  0.04603   0.21312   0.20481 
 -0.03682   0.17687   0.07052 
  0.02752   0.18718   0.12607 
  -0.0013   0.11655   0.13307 
 -0.16868   0.08925   0.08005 
  0.09256   0.16059   0.25947 
 -0.02115   0.06734   0.09417 
 -0.11952   0.07875   0.05081 
  0.01391   0.09079   0.11144 
  0.05438   0.14337   0.18807 
  0.02141   0.09029   0.14455 
  0.03563   0.06855   0.11627 
 -0.03834   0.15846   0.13536 
  0.03702   0.17065   0.15546 
  0.07416   0.15677   0.24366 
  0.02373   0.19109   0.06083 
  0.09698   0.20532   0.08422 
 -0.22991   0.09785   0.10916 
  0.07049   0.18332   0.14922 
  0.01046   0.17295    0.2184 
  0.03901   0.21877   0.12179 
  0.02794   0.06244   0.29235 
   0.0847   0.16921   0.09872 
  -0.1359   0.18556    0.1751 
  0.08927   0.12601     0.087 
 -0.02939   0.12463   0.09669 
  0.09748   0.19175   0.10705 
 -0.06722    0.0262    0.1621 
 -0.06391   0.15482   0.06555 
 -0.04362   0.09407   0.12346 
