   0.1229   0.03806  -0.08484 
  0.11115  -0.00085    -0.112 
  0.11799   0.01608  -0.10191 
  0.11508   0.03714  -0.07794 
  0.09542  -0.02269  -0.11811 
  0.11974   0.01228  -0.10746 
  0.08552   0.00247  -0.08305 
  0.11494   0.01969  -0.09525 
  0.08035    -0.002  -0.08235 
  0.11276   0.00554  -0.10722 
  0.09827  -0.00671  -0.10498 
  0.08636  -0.00577  -0.09213 
  0.10113   0.00719  -0.09394 
  0.09644   0.00382  -0.09262 
   0.1233   0.01493  -0.10837 
  0.10606   0.01452  -0.09154 
  0.12812   0.00282   -0.1253 
  0.10115   0.02838  -0.07277 
  0.10848   0.01242  -0.09606 
   0.1166   0.03767  -0.07893 
  0.09197   0.00607   -0.0859 
  0.08506   0.00583  -0.07923 
     0.13   0.02554  -0.10446 
  0.08591   0.00581   -0.0801 
  0.11542   0.00469  -0.11073 
  0.11653   0.00599  -0.11054 
  0.10198  -0.00514  -0.10712 
  0.09895   0.00077  -0.09818 
  0.08409   -0.0058  -0.08989 
  0.09453   0.01526  -0.07927 
  0.18385   0.03107  -0.15278 
  0.10364  -0.01217  -0.11581 
  0.13581   0.01033  -0.12548 
  0.10635   0.00865   -0.0977 
  0.08134    0.0049  -0.07644 
  0.08133   0.00059  -0.08074 
  0.11467   0.01773  -0.09694 
  0.07841  -0.00717  -0.08558 
  0.12267  -0.01157  -0.13424 
   0.1441   0.01604  -0.12806 
  0.12772   0.02335  -0.10437 
  0.11033   0.00305  -0.10728 
  0.07299  -0.00095  -0.07394 
   0.1149    0.0254   -0.0895 
  0.10815   0.02477  -0.08338 
  0.13308   0.01056  -0.12252 
  0.11708   0.00883  -0.10825 
  0.14358   0.03998   -0.1036 
  0.13465   0.00959  -0.12506 
  0.08222   0.00438  -0.07784 
  0.09829    0.0126  -0.08569 
  0.09821  -0.00452  -0.10273 
  0.13145   0.03283  -0.09862 
  0.08302  -0.00308   -0.0861 
  0.11515   0.00775   -0.1074 
  0.08623   0.00524  -0.08099 
  0.07651   0.00723  -0.06928 
  0.10851   0.02004  -0.08847 
  0.10295    0.0076  -0.09535 
  0.09263   -0.0043  -0.09693 
