 -0.03386   0.17392   0.15467 
 -0.00307   0.18973   0.21823 
 -0.00673   0.12081   0.10476 
  0.02357   0.21516   0.16864 
  0.00667   0.09803   0.08601 
  0.02352   0.19221   0.12166 
 -0.04795   0.09268    0.1419 
 -0.13054    0.2545   0.11556 
 -0.01424   0.14518   0.17264 
 -0.11121   0.12469   0.27388 
 -0.06002   0.14334   0.23021 
  -0.0015   0.21597   0.11688 
 -0.01563   0.00567   0.12469 
 -0.03968   0.06467   0.10073 
 -0.06226   0.09923   0.24263 
  0.07102   0.24354   0.15353 
  0.04223    0.1379   0.04682 
  0.04248   0.08867   0.14356 
 -0.07915   0.00714   0.04889 
 -0.12663    0.0813   0.03189 
   0.0554   0.10291   0.03138 
 -0.01562   0.07361   0.07769 
  0.02295   0.12017   0.19042 
 -0.01458   0.11127   0.22222 
  -0.0023   0.09559   0.12934 
 -0.09959   0.18474   0.14961 
 -0.04427   0.13399   0.10699 
 -0.07886   0.12994   0.06006 
 -0.11382   0.10091   0.07739 
  0.06146   0.04548   0.09602 
 -0.05959   0.07509   0.04089 
  0.11925   0.08112   0.18071 
 -0.17708   0.12554   0.13345 
  0.06304   0.07497   0.16981 
  0.02718   0.08444   0.15383 
  0.12568   0.20412   0.19826 
  0.06674   0.13298   0.14266 
  0.00162   0.17767   0.19257 
