  0.08594   0.00033  -0.08561 
  0.11796   0.00754  -0.11042 
  0.08708   0.00793  -0.07915 
  0.11133   0.01942  -0.09191 
  0.08655  -0.00376  -0.09031 
  0.11426   0.03688  -0.07738 
  0.12576   0.01653  -0.10923 
  0.08145   0.00334  -0.07811 
  0.08659   0.01228  -0.07431 
  0.10007   0.00604  -0.09403 
  0.10725   0.01358  -0.09367 
  0.04163  -0.03958  -0.08121 
  0.08337  -0.00895  -0.09232 
  0.09093   0.00501  -0.08592 
  0.12279  -0.00436  -0.12715 
  0.07531  -0.00843  -0.08374 
  0.10553   0.00603   -0.0995 
   0.1315   0.01384  -0.11766 
  0.10348  -0.00948  -0.11296 
  0.10316   0.00588  -0.09728 
  0.10382   0.01008  -0.09374 
  0.09282    0.0066  -0.08622 
  0.06983  -0.00516  -0.07499 
  0.07501   0.00243  -0.07258 
  0.08817   0.00085  -0.08732 
  0.08308   0.00038   -0.0827 
  0.10991  -0.00368  -0.11359 
  0.13253  -0.01312  -0.14565 
  0.09493    0.0012  -0.09373 
  0.08862  -0.00283  -0.09145 
  0.09194  -0.00141  -0.09335 
  0.11372   0.00438  -0.10934 
  0.10012   0.00997  -0.09015 
  0.10483   0.00761  -0.09722 
  0.09826   0.00804  -0.09022 
  0.09163   0.01402  -0.07761 
  0.10018   0.01824  -0.08194 
  0.05503   0.01161  -0.04342 
   0.0963   0.01713  -0.07917 
  0.09856   0.00046   -0.0981 
  0.09893   0.01049  -0.08844 
  0.11068   0.01346  -0.09722 
  0.07975   0.00642  -0.07333 
  0.10411  -0.00639   -0.1105 
  0.07263   0.00231  -0.07032 
  0.15094  -0.00265  -0.15359 
