  -0.0516   0.03847   0.09007 
  0.00825   0.08151   0.07326 
 -0.01937   0.07317   0.09254 
 -0.02159    0.0411   0.06269 
 -0.03949   0.10112   0.14061 
  -0.0479   0.14289   0.19079 
  0.03727   0.08458   0.04731 
 -0.03316   0.10778   0.14094 
  0.00106   0.18982   0.18876 
  0.04099    0.1241   0.08311 
 -0.02367   0.17642   0.20009 
 -0.07656    0.1887   0.26526 
  0.01669   0.10088   0.08419 
  0.00732   0.07949   0.07217 
  0.08444   0.12592   0.04148 
 -0.01512   0.05562   0.07074 
  0.03932   0.08384   0.04452 
 -0.15782   0.13386   0.29168 
  0.06086   0.18906    0.1282 
  0.00279   0.09537   0.09258 
  0.04728   0.11545   0.06817 
  0.02413   0.08791   0.06378 
  -0.0146   0.02963   0.04423 
  0.08436   0.10252   0.01816 
   0.0766   0.13949   0.06289 
  0.09874   0.17815   0.07941 
  0.03436   0.13456    0.1002 
  0.01704   0.08846   0.07142 
 -0.07082   0.09476   0.16558 
 -0.02449   0.10418   0.12867 
  0.01574   0.07684    0.0611 
  0.07315   0.12757   0.05442 
  0.16764   0.20067   0.03303 
 -0.01312   0.10402   0.11714 
 -0.00468   0.16765   0.17233 
 -0.02666   0.06778   0.09444 
 -0.04154   0.01181   0.05335 
 -0.02041   0.13519   0.14359 
  0.07833   0.12318   0.17026 
  -0.0569   0.24859   0.08911 
  0.02271   0.03221   0.09944 
 -0.04389   0.07049   0.13782 
