  -0.0272    0.0385    0.0657 
 -0.05308   0.05484   0.10792 
 -0.01466   0.04607   0.06073 
 -0.04538    0.0512   0.09658 
 -0.01118   0.06397   0.07515 
  0.01005   0.09489   0.08484 
  0.06105   0.13717   0.07612 
 -0.20874   0.05176    0.2605 
 -0.25644     0.062   0.31844 
 -0.02136   0.08951   0.11087 
 -0.06166   0.04338   0.10504 
  0.03592   0.10463   0.06871 
 -0.00157   0.07327   0.07484 
 -0.01678   0.17236   0.18914 
 -0.07733   0.08584   0.16317 
 -0.08223   0.09059   0.17282 
 -0.06538   0.05261   0.11799 
  0.04627   0.18426   0.13799 
  0.02555    0.1256   0.10005 
   0.0359   0.11043   0.07453 
 -0.04308   0.11043   0.15351 
  0.01406   0.10689   0.09283 
 -0.04385   0.10708   0.15093 
 -0.07203   0.09114   0.16317 
  0.05646   0.16075   0.10429 
  0.02665   0.12069   0.09404 
 -0.06184   0.09454   0.15638 
 -0.14882    0.1646   0.22992 
 -0.16477    0.0811   0.18277 
 -0.18398     0.018   0.20441 
 -0.06428   0.02043   0.09293 
 -0.11262   0.02865   0.16994 
 -0.02109   0.05732   0.04019 
 -0.08815    0.0191   0.33752 
  -0.0919   0.14476   0.23291 
 -0.08222   0.01246   0.10436 
 -0.02441    0.1326   0.21482 
 -0.01434    0.0623   0.08671 
 -0.02277    0.0557   0.07004 
 -0.04919   0.07469   0.09746 
 -0.10656   0.07636   0.12555 
  -0.0333   0.16393   0.27049 
 -0.11051   0.07493   0.10823 
 -0.03903   0.05829    0.1688 
 -0.13642   0.03168   0.07071 
 -0.00153   0.09365   0.23007 
 -0.10601   0.04523   0.04676 
  0.00203    0.0141   0.12011 
 -0.15318   0.09076   0.08873 
 -0.01157   0.15412    0.3073 
 -0.02099   0.05492   0.06649 
 -0.15914   0.09048   0.11147 
 -0.01072   0.03517   0.19431 
   0.0591   0.05323   0.06395 
  -0.1029   0.11053   0.05143 
 -0.01457   0.04478   0.14768 
 -0.13504   0.14177   0.15634 
 -0.23806   0.06545   0.20049 
  -0.1131   0.05959   0.29765 
  0.00361    0.0544    0.1675 
 -0.01634   0.19675   0.05981 
 -0.09421   0.06342   0.10458 
 -0.04953   0.08824   0.14592 
 -0.06611   0.05171   0.08525 
  0.01658   0.03572   0.11432 
  0.07145   0.04821   0.02015 
 -0.18755   0.03673    0.1328 
 -0.06655   0.20425   0.29063 
