  -0.1518   0.05427   0.20607 
 -0.12394   0.04092   0.16486 
 -0.09962   0.01626   0.18708 
  0.03331   0.02767   0.12729 
 -0.08471   0.08844    0.1712 
 -0.00323   0.20451   0.22352 
  -0.1232   0.17355   0.14079 
  0.01825   0.13881   0.17071 
 -0.10607   0.13756   0.22803 
 -0.04032   0.10697    0.2252 
 -0.03026   0.10483   0.13907 
 -0.16777   0.24345   0.15219 
 -0.21572     0.033   0.15207 
  0.04502   0.18073   0.16521 
 -0.04527   0.11187   0.23851 
 -0.02952   0.12181   0.15693 
  0.03223   0.12933   0.14123 
  0.04897  -0.00256   0.31266 
 -0.07069   0.21104   0.16453 
  -0.2285   0.04644   0.09873 
 -0.02359   0.02279   0.19481 
 -0.10471   0.09107   0.21757 
 -0.08423   0.20195   0.20855 
  0.19416   0.09596   0.19022 
