  0.13392   0.02271  -0.11121 
  0.17404   0.04865  -0.12539 
  0.17449   0.04885  -0.12564 
  0.15004   0.02552  -0.12452 
  0.13284   0.00487  -0.12797 
   0.1035   0.00224  -0.10126 
  0.17585  -0.00858  -0.18443 
  0.12451    0.0077  -0.11681 
  0.10672  -0.00025  -0.10697 
  0.08213   0.01186  -0.07027 
  0.12945   0.00977  -0.11968 
  0.09923     0.005  -0.09423 
  0.11826   0.00656   -0.1117 
  0.08037  -0.00343   -0.0838 
  0.13574   0.02774    -0.108 
  0.09149  -0.00063  -0.09212 
  0.12795  -0.01086  -0.13881 
  0.14442   0.00521  -0.13921 
  0.10653   0.01191  -0.09462 
  0.16948    0.0072  -0.16228 
  0.11681   0.00878  -0.10803 
  0.12932   0.02578  -0.10354 
  0.11043    0.0063  -0.10413 
  0.16052   0.03686  -0.12366 
  0.16703   0.01822  -0.14881 
  0.13295   0.00372  -0.12923 
  0.11683   0.01893   -0.0979 
  0.10645   0.01843  -0.08802 
  0.10919   0.01065  -0.09854 
  0.15983   0.03228  -0.12755 
  0.11363  -0.00352  -0.11715 
  0.11566  -0.00247  -0.11813 
  0.11747   0.01191  -0.10556 
  0.10973   0.00847  -0.10126 
  0.10213   0.01582  -0.08631 
  0.11698   0.00076  -0.11622 
  0.11606   0.02444  -0.09162 
  0.14169   0.02871  -0.11298 
  0.13178   0.01244  -0.11934 
  0.13981   0.01664  -0.12317 
   0.1145   0.00842  -0.10608 
  0.09869  -0.01225  -0.11094 
  0.12261   0.00792  -0.11469 
   0.1046   0.01087  -0.09373 
