  0.00055   0.04525   0.06991 
 -0.10101   0.19103   0.03773 
  0.13279   0.03828   0.29864 
 -0.05151   0.13586   0.09939 
  0.04507   0.19763   0.18947 
  -0.0238   0.23218    0.0898 
 -0.02568   0.13796   0.18079 
 -0.02346   0.13487   0.12585 
  0.05959   0.17967   0.08076 
 -0.01487   0.10205   0.19618 
 -0.02731   0.05508  -0.04548 
 -0.05261   0.17272   0.06528 
  0.02523   0.01411   0.10102 
 -0.01986   0.05041   0.16292 
 -0.04032   0.12156   0.13131 
 -0.02474   0.07371   0.12776 
 -0.03439   0.24349    0.1159 
  0.02367   0.03274   0.07983 
  0.11846   0.18593   0.27588 
