 -0.10714   0.04051   0.14765 
  0.17426   0.34526     0.171 
  0.04793   0.21882   0.17089 
  0.07907    0.1253   0.10548 
 -0.08135   0.03723   0.20665 
 -0.00991   0.14291   0.13969 
 -0.04811   0.05786   0.15282 
  0.28027   0.34971   0.10597 
  0.06718   0.11422   0.06944 
  0.01365   0.22851   0.04704 
  0.00621   0.05871   0.21486 
  0.12409   0.25883    0.0525 
 -0.00872   0.25434   0.13474 
  0.04423   0.05629   0.26306 
 -0.04381   0.00702   0.01206 
 -0.03337  -0.03775   0.05083 
  0.02176   0.11301  -0.00438 
  0.05836   0.17767   0.09125 
  0.12903   0.16775   0.13922 
  0.14178   0.20708   0.11931 
  0.13213   0.21367   0.03872 
   0.1972   0.25014    0.0653 
 -0.05427  -0.00133   0.08154 
 -0.00899   0.07008   0.05294 
  0.11632       0.2   0.05294 
 -0.02613   0.04256   0.07907 
 -0.09751   0.03534   0.08368 
  0.10191   0.16692   0.05025 
 -0.03857  -0.02621   0.06869 
 -0.17553  -0.04606   0.13285 
  0.21408   0.31442   0.06501 
