  0.10883   0.01032  -0.09851 
  0.09776   0.00208  -0.09568 
   0.1161   0.04418  -0.07192 
  0.12014  -0.00305  -0.12319 
  0.09045  -0.00332  -0.11001 
  0.10669   0.00916   -0.1081 
  0.11726   0.01109  -0.13166 
  0.14275   0.01462  -0.09354 
  0.10816  -0.01374  -0.14935 
  0.13561     0.037  -0.09975 
  0.13675  -0.00852  -0.09002 
   0.0815   0.00279  -0.09378 
  0.09657   0.01376  -0.11068 
  0.12444   0.00635  -0.08504 
  0.09139   0.02926   -0.0773 
  0.10656   0.03375  -0.11094 
  0.14469   0.02683   -0.0821 
  0.10893   0.01836  -0.08786 
  0.10622   0.00938  -0.13022 
   0.1396   0.00715  -0.10763 
  0.11478   0.03383  -0.07244 
  0.10627  -0.00498  -0.09436 
  0.08938   0.02193  -0.09372 
  0.11565   0.00401  -0.08589 
   0.0899   0.01918  -0.08656 
  0.10574   0.00719  -0.11532 
  0.12251   0.02806  -0.09931 
  0.12737   0.00697  -0.10787 
  0.11484  -0.00438   -0.0961 
  0.09172  -0.00797  -0.12155 
  0.11358   0.01287  -0.13682 
  0.14969   0.02628  -0.10399 
  0.13027   0.00803  -0.18778 
  0.19581  -0.00357   -0.1163 
  0.11273   0.01044  -0.11216 
   0.1226   0.01246  -0.08871 
