 -0.02297   0.13625   0.15922 
  0.02448    0.1796   0.15512 
  0.09652    0.1287   0.20397 
 -0.02871   0.17526   0.08829 
 -0.05325   0.03504   0.12247 
  0.01236   0.13483   0.13163 
 -0.03106   0.10057   0.10541 
  0.01043   0.11584    0.0915 
 -0.07834   0.01316   0.14725 
  0.15684   0.20009   0.08009 
 -0.04228   0.16717   0.10567 
  0.04411   0.23693   0.07515 
 -0.06159   0.06339   0.03229 
 -0.05186   0.11926   0.17558 
 -0.00547   -0.0293   0.12195 
 -0.00183   0.12372   0.14758 
 -0.09837   0.11648   0.24526 
 -0.09444   0.14575   0.20795 
 -0.04406   0.14689   0.09719 
  0.05583   0.11351   0.18186 
  0.03409   0.14193   0.08922 
 -0.05115   0.05313   0.12574 
 -0.05912   0.23769    0.1431 
  0.08708   0.12331   0.17432 
 -0.03369   0.07459   0.17577 
  0.00501   0.08398   0.13678 
  -0.1003    0.2614   0.06513 
 -0.15676   0.14208   0.07374 
  0.04791   0.14179   0.18372 
