 -0.02066   0.00886   0.10237 
  0.10773   0.20452   0.02952 
 -0.05427   0.06023   0.09679 
  0.02862   0.17555    0.1145 
 -0.11191    0.0222   0.14693 
  0.04637   0.18065   0.13411 
  0.06701   0.13993   0.13428 
  0.03036   0.16435   0.07292 
 -0.01034   0.11716   0.13399 
  0.03536   0.11997    0.1275 
 -0.01086   0.16309   0.08461 
 -0.23273  -0.00084   0.17395 
  0.01688   0.06855   0.23189 
  0.22982   0.32317   0.05167 
 -0.05048   0.17068   0.09335 
 -0.17654   0.05446   0.22116 
  0.00878   0.08208     0.231 
  0.12889   0.22386    0.0733 
    0.028   0.10875   0.09497 
  0.00662   0.06168   0.08075 
 -0.01849   0.18813   0.05506 
  0.16792   0.28939   0.20662 
  0.06779   0.17761   0.28008 
 -0.12928    0.0029   0.12147 
  0.05646   0.18017   0.10982 
  0.02829   0.22386   0.13218 
 -0.04551   0.10109   0.12371 
   0.0246   0.12477   0.19557 
  0.28207   0.17092    0.1466 
  0.00295   0.31418   0.14632 
  0.01366   0.17466   0.03211 
  0.10602   0.07018   0.17171 
  0.12024    0.1649   0.16101 
   0.0875   0.18648   0.05652 
  0.04611   0.21559   0.05888 
  0.06451   0.08611   0.06624 
  0.01917   0.15485   0.12809 
  0.08503   0.14669      0.04 
  0.09339    0.1582    0.2255 
  0.00774   0.21643    0.1387 
 -0.05073   0.19184   0.08218 
  0.07091   0.13717   0.13903 
 -0.00498   0.06188   0.13465 
  0.00939   0.18833    0.1314 
   0.0625   0.02989   0.09845 
  0.00503   0.18538   0.12943 
 -0.02829   0.20184   0.11261 
  0.07361    0.2243   0.11742 
 -0.02214   0.07747   0.03487 
  0.13598   0.15821   0.19245 
   0.0163   0.14492    0.1618 
   0.0432   0.03664   0.07244 
  0.06188   0.19316    0.1865 
