  0.11428   0.01024  -0.10404 
  0.13856   0.00921  -0.12935 
  0.08821  -0.01092  -0.09913 
  0.16828    0.0489  -0.11938 
  0.11204   0.01312  -0.09892 
  0.10854  -0.01627  -0.12481 
  0.13066   0.02622  -0.10444 
  0.12306   0.00871  -0.11435 
  0.14636   0.04338  -0.10298 
  0.08945  -0.00178  -0.09123 
  0.12655   0.01737  -0.10918 
  0.14908   0.00592  -0.14316 
  0.11494   0.00108  -0.11386 
  0.09801  -0.01635  -0.11436 
  0.08771   0.00413  -0.08358 
  0.13387   0.03533  -0.09854 
  0.10211   0.01404  -0.08807 
  0.10361   0.01388  -0.08973 
  0.12779   0.01547  -0.11232 
  0.11239  -0.00454  -0.11693 
  0.10676   0.01786   -0.0889 
  0.10079   0.01913  -0.08166 
  0.10489   0.01033  -0.09456 
  0.10508   0.00936  -0.09572 
  0.09651   0.00774  -0.08877 
  0.09467   0.00046  -0.09421 
  0.09745   -0.0069  -0.10435 
  0.12499    0.0351  -0.08989 
  0.11458   0.00179  -0.11279 
  0.14037   0.04401  -0.09636 
  0.09441   0.01108  -0.08333 
  0.11876   0.00288  -0.11588 
  0.09897   0.02039  -0.07858 
  0.10797   0.00974  -0.09823 
  0.10686   0.01675  -0.09011 
  0.13309   0.03286  -0.10023 
  0.09773   -0.0007  -0.09843 
  0.10436   0.02376   -0.0806 
  0.12425   0.04109  -0.08316 
  0.13457   0.02043  -0.11414 
  0.12366   0.01785  -0.10581 
  0.12925  -0.00927  -0.13852 
  0.14307  -0.00359  -0.14666 
  0.11064   0.00248  -0.10816 
  0.11059   0.01365  -0.09694 
  0.11203  -0.00749  -0.11952 
   0.1115   0.00957  -0.10193 
  0.09244   0.00337  -0.08907 
  0.16363   0.01665  -0.14698 
  0.07658  -0.01104  -0.08762 
  0.11423  -0.00477    -0.119 
  0.09687  -0.00165  -0.09852 
  0.16832   0.00755  -0.16077 
  0.12399   0.02673  -0.09726 
  0.13174   0.02421  -0.10753 
  0.07844     0.003  -0.07544 
  0.08927   0.00868  -0.08059 
  0.12138   0.02072  -0.10066 
  0.11004    0.0055  -0.10454 
  0.13687  -0.00774  -0.14461 
  0.11146   0.00876   -0.1027 
  0.15555   0.01126  -0.14429 
  0.09892    0.0183  -0.08062 
  0.12032   0.00208  -0.11824 
  0.12258   0.01132  -0.11126 
  0.11729  -0.05055  -0.16784 
