 -0.11899   0.03832   0.15731 
 -0.08228   0.00176   0.08404 
  0.03587   0.09825   0.06238 
   0.0281   0.08787   0.05977 
  0.02862   0.13562     0.107 
 -0.01451   0.06316   0.07767 
  0.08456   0.18672   0.10216 
  0.03575   0.18675     0.151 
  0.05256   0.19654   0.14398 
 -0.02546   0.21237   0.23783 
  0.02648   0.03173   0.24159 
 -0.00967   0.08739   0.00525 
  0.12059   0.24628   0.09706 
   0.0192   0.18087   0.12569 
  0.10271   0.09485   0.07565 
  0.04318   0.19146   0.08875 
  -0.0073   0.13726   0.09408 
 -0.02192   0.07626   0.08356 
   0.0956   0.19705   0.09213 
  0.00497   0.19049   0.21897 
 -0.04944   0.12078   0.09489 
  0.00618   0.07574   0.11581 
  0.07758   0.05957   0.12518 
 -0.02425   0.19976   0.05339 
  0.08568   0.09223   0.12218 
 -0.02027   0.20128   0.31644 
 -0.05566   0.17097   0.11648 
 -0.00648   0.09352    0.1156 
  0.01557   0.12757   0.11379 
  0.13377   0.25434   0.18323 
  0.16729   0.10114   0.26082 
   0.0053   0.22559   0.17012 
 -0.13217   0.26419   0.08557 
  0.06473   0.15551   0.09182 
 -0.03547   0.08667    0.0969 
 -0.07902   0.20316   0.15021 
  0.16867   0.10468   0.12373 
 -0.01939   0.13881   0.10306 
  -0.1188   0.26312   0.21884 
  0.02227   0.07434   0.13843 
 -0.09288   0.05327   0.14015 
 -0.03743   0.16717   0.21783 
 -0.00159   0.07187   0.09445 
   0.0099   0.07048   0.09373 
  0.09423   0.06233   0.17207 
 -0.15416    0.1444    0.1449 
 -0.02392   0.23363   0.16475 
  0.08843   0.14262   0.10791 
 -0.02711   0.11067   0.11658 
  0.02481    0.0969   0.06392 
   0.0419   0.20519    0.1345 
