  0.12138   0.01554  -0.10584 
  0.10035   0.01949  -0.08086 
  0.09085   0.00244  -0.08841 
  0.09177   0.01054  -0.08123 
  0.06903  -0.01349  -0.08252 
  0.09813  -0.00447   -0.1026 
  0.07983   0.01799  -0.06184 
  0.08543   0.00078  -0.08465 
  0.09762   0.00223  -0.09539 
  0.10709  -0.01726  -0.12435 
  0.09108   0.00343  -0.08765 
  0.09983   -0.0032  -0.10303 
   0.0797  -0.00142  -0.08112 
  0.09785    0.0169  -0.08095 
  0.07421  -0.00804  -0.08225 
  0.07424  -0.00137  -0.07561 
  0.10118    0.0078  -0.09338 
  0.09764  -0.00642  -0.10406 
  0.08562  -0.00421  -0.08983 
  0.10507   0.01524  -0.08983 
  0.09539  -0.00363  -0.09902 
  0.09249  -0.00498  -0.09747 
  0.10063   0.00339  -0.09724 
  0.09539  -0.00363  -0.09902 
  0.09884   0.00484    -0.094 
  0.10201   0.01013  -0.09188 
  0.13601   0.04371   -0.0923 
  0.12863   0.04005  -0.08858 
  0.09136   0.00479  -0.08657 
  0.10434   -0.0085  -0.11284 
  0.10381  -0.00606  -0.10987 
  0.08376  -0.00414   -0.0879 
  0.09965  -0.00302  -0.10267 
  0.10396  -0.00314   -0.1071 
  0.07645  -0.00223  -0.07868 
   0.0974   0.01173  -0.08567 
  0.09681    0.0067  -0.09011 
   0.0933   0.00715  -0.08615 
   0.0882  -0.00122  -0.08942 
  0.08599  -0.00201    -0.088 
  0.10368   0.01652  -0.08716 
  0.11894    0.0057  -0.11324 
  0.08725  -0.00233  -0.08958 
  0.09821   0.00017  -0.09804 
  0.07973  -0.00859  -0.08832 
   0.1069   0.00514  -0.10176 
  0.10254   0.00301  -0.09953 
  0.08117   0.00025  -0.08092 
  0.13148   0.02318   -0.1083 
  0.08882    0.0079  -0.08092 
  0.10139   0.01427  -0.08712 
  0.10046  -0.01025  -0.11071 
  0.09626   0.00919  -0.08707 
  0.10472   0.01636  -0.08836 
  0.08224  -0.00771  -0.08995 
  0.13515  -0.00531  -0.14046 
  0.09568   0.00116  -0.09452 
  0.07766  -0.00791  -0.08557 
  0.08379   0.00027  -0.08352 
   0.0977   0.02965  -0.06805 
  0.07408  -0.01388  -0.08796 
  0.10733   0.01054  -0.09679 
  0.10521   0.01862  -0.08659 
  0.13918  -0.00154  -0.14072 
  0.14292   0.02839  -0.11453 
  0.07161  -0.02474  -0.09635 
   0.0959   0.00832  -0.08758 
  0.09381  -0.00177  -0.09558 
  0.14677    0.0008  -0.14597 
  0.06795  -0.01981  -0.08776 
  0.11762   0.01846  -0.09916 
  0.06519  -0.00256  -0.06775 
