 -0.01009   0.02974   0.03983 
  0.07156   0.12826    0.0567 
   0.0007     0.065    0.0643 
  -0.0596   0.07587   0.13547 
  0.02672   0.09017   0.06345 
 -0.02844   0.05533   0.08377 
 -0.04886   0.09001   0.13887 
   0.0016    0.0962    0.0946 
 -0.05713    0.0404   0.09753 
  0.01216   0.07769   0.06553 
  0.00687    0.0555   0.04863 
  0.00284   0.04807   0.04523 
  0.02184   0.05582   0.03398 
  0.05974   0.16201   0.10227 
  0.11366   0.17766     0.064 
  0.03238   0.10136   0.06898 
 -0.01241   0.06849    0.0809 
  0.04083   0.12936   0.08853 
 -0.01461   0.06341   0.07802 
 -0.01461   0.06341   0.07802 
 -0.01217   0.06827   0.08044 
 -0.01108   0.10886   0.11994 
 -0.00473   0.07108   0.03003 
   -0.043   0.04485   0.07581 
 -0.01261   0.01806   0.08785 
 -0.07021   0.06824   0.03067 
  0.01282   0.19206   0.13845 
  0.06787   0.05269   0.07374 
  -0.0319    0.0405   0.17924 
 -0.02975   0.05364  -0.01518 
 -0.00166   0.01279    0.0724 
  0.01445   0.04329   0.08339 
 -0.03638   0.13712   0.01445 
  0.03757   0.08777   0.02884 
  0.04187   0.02777   0.12415 
 -0.01472   0.06891   -0.0098 
  0.00467   0.04785   0.02704 
 -0.00406   0.05707   0.06257 
  -0.0179   0.06392    0.0524 
 -0.09607    0.0552   0.06798 
  0.00331   0.05724    0.0731 
 -0.01906   0.01872   0.15331 
 -0.01787   0.07194   0.01541 
  0.00612   0.03633     0.091 
 -0.02967   0.10564    0.0542 
 -0.00895   0.00941   0.09952 
  0.02489    0.0565   0.03908 
  0.06444   0.04427   0.06545 
   0.0475   0.09741   0.01938 
 -0.01278    0.0692   0.03297 
  0.05797   0.03608    0.0217 
  0.00431   0.08021   0.04886 
 -0.03088   0.05872   0.02224 
 -0.00862   0.05874   0.05441 
  0.04962   0.11739   0.08962 
 -0.02224   0.12117   0.12601 
   0.0005   0.11357   0.07155 
  -0.0278   0.06591   0.13581 
 -0.03438   0.14304   0.06541 
  0.04412   0.07487   0.17084 
 -0.01655   0.12914   0.10925 
  0.03796   0.05732   0.08502 
  0.08524   0.07845   0.07387 
 -0.00357   0.14743   0.04049 
  0.01749   0.05841   0.06219 
   -0.008   0.06475   0.06198 
 -0.03582   0.04268   0.04726 
 -0.05293   0.11741   0.05068 
 -0.10536   0.09809   0.15323 
