  0.00639   0.10243   0.09604 
  0.02061   0.16247   0.14186 
 -0.03739   0.02852   0.06591 
  0.03456    0.0667   0.03214 
  0.06185    0.1222   0.06035 
 -0.01624   0.03568   0.05192 
  0.04897    0.0736   0.02463 
  0.05523   0.07108   0.01585 
  0.09996   0.14082   0.04086 
 -0.02638   0.02772    0.0541 
 -0.03303   0.02113   0.05416 
  0.00777   0.06163   0.05386 
 -0.05224   0.10747   0.15971 
  0.06452   0.12023   0.05571 
  0.06467   0.12562   0.06095 
  0.02062    0.0576   0.03698 
 -0.01769   0.04108   0.05877 
 -0.04944   0.07091   0.12035 
  -0.0395    0.0559    0.0954 
 -0.05032   0.07091   0.12123 
  0.03661   0.09012   0.05351 
  0.02321   0.09717   0.07396 
 -0.02946   0.06306   0.09252 
 -0.02607   0.11425   0.14032 
  0.03423   0.07836   0.04413 
 -0.02899   0.03919   0.06818 
 -0.03445    0.0585   0.09295 
 -0.00382   0.05554   0.05936 
  0.00779   0.02902   0.02123 
  0.01011   0.07933   0.06922 
 -0.02693   0.03575   0.06268 
 -0.06194   0.08939   0.14333 
 -0.05394   0.01674   0.07748 
 -0.06074   0.04154    0.1041 
 -0.06256    0.0264   0.04966 
 -0.02326   0.05719   0.10495 
 -0.04776   0.02819   0.07407 
 -0.04588   0.03915   0.01585 
   0.0233   0.21394   0.11474 
   0.0992   0.07468   0.06237 
  0.01231    0.1569   0.11078 
  0.04612   0.03573   0.05633 
  -0.0206    0.0521   0.09201 
 -0.03991   0.02557    0.0785 
 -0.05293   0.01298   0.07515 
 -0.06217   0.11739   0.13564 
 -0.01825   0.06448    0.0399 
  0.02458   0.09531   0.16215 
