  0.08362   0.00716  -0.07646 
  0.09291  -0.00381  -0.09672 
  0.08277  -0.00391  -0.08668 
  0.12635   0.00844  -0.11791 
  0.07663   -0.0096  -0.08623 
   0.1076   0.00023  -0.10737 
  0.09875   0.00181  -0.09694 
  0.13699    0.0104  -0.12659 
   0.1261  -0.00399  -0.13009 
  0.10037  -0.00356  -0.10393 
  0.08077   0.00389  -0.07688 
  0.13554   0.00475  -0.10396 
  0.10871   0.03396  -0.11875 
  0.15271  -0.01095  -0.09713 
  0.08618   0.02919  -0.09891 
   0.1281   0.02844  -0.10609 
  0.13453  -0.00115  -0.09907 
  0.09792   0.02844  -0.10609 
  0.13453   0.00594  -0.10428 
  0.11022   0.00733  -0.10674 
  0.11407  -0.00108  -0.09174 
  0.09066   0.00434  -0.09594 
  0.10028    0.0052  -0.11142 
  0.11662   0.01476  -0.12401 
  0.13877   0.00312  -0.08516 
  0.08828   0.01057  -0.07305 
  0.08362   0.00854  -0.09183 
  0.10037   0.05104  -0.10421 
  0.15525  -0.00419   -0.1007 
  0.09651  -0.00668  -0.09032 
  0.08364   0.00377  -0.09379 
  0.09756  -0.00797   -0.0948 
  0.08683     0.002  -0.11087 
  0.11287   0.03043  -0.09874 
  0.12917   0.00296   -0.1034 
  0.10636  -0.00122  -0.11258 
  0.11136  -0.00644  -0.09475 
  0.08831   0.01805  -0.11889 
  0.13694   0.00692  -0.09331 
  0.10023   0.00652  -0.10073 
  0.10725  -0.00528  -0.11741 
  0.11213   0.01111  -0.10564 
  0.11675   0.00367  -0.07484 
  0.07851   0.01901   -0.1057 
  0.12471   0.00477   -0.0965 
  0.10127    0.0114  -0.08918 
  0.10058   0.01815  -0.06847 
  0.08662  -0.01612  -0.08161 
