  0.01893   0.07495   0.05602 
 -0.00969    0.0212   0.03089 
 -0.04294    0.0274   0.07034 
 -0.02576   0.03132   0.05708 
 -0.09985    0.0151   0.11495 
 -0.00726   0.04449   0.05175 
  0.02111   0.05059   0.02948 
  0.02615   0.04631   0.02016 
  0.00537   0.01906   0.01369 
 -0.03855   0.02266   0.06121 
 -0.02801   0.06523   0.03622 
 -0.00647   0.00821   0.06917 
  0.00017    0.0627   0.07731 
  -0.0375   0.07748   0.04714 
 -0.06444   0.00964    0.1137 
 -0.05557   0.04926   0.09043 
  0.02427   0.03486   0.08505 
 -0.06707   0.10932   0.10193 
  0.01603   0.03486   0.06005 
  0.06297   0.07608   0.03806 
 -0.05996   0.10103    0.1257 
  0.07918   0.06574   0.05995 
  0.06831   0.13913   0.00394 
 -0.00574   0.07225   0.04006 
  0.07065   0.03432   0.01237 
 -0.04972   0.08302   0.05745 
 -0.03492   0.00773   0.08979 
 -0.03007   0.05487   0.07754 
 -0.02087   0.04747   0.01237 
 -0.02349   -0.0085   0.06397 
 -0.00727   0.04048   0.04394 
  0.00236   0.03667   0.03359 
 -0.06192   0.03595   0.12265 
  0.01154   0.06073   0.06792 
 -0.03175   0.07946   0.07075 
 -0.00928     0.039   0.01887 
 -0.01166   0.00959   0.06284 
  0.09606   0.05118    0.0279 
 -0.01365   0.12396   0.07929 
  0.02836   0.06564   0.06817 
  0.00406   0.09653   0.05793 
 -0.11849   0.06199   0.17281 
 -0.02034   0.05432    0.0577 
 -0.01119   0.03736   0.07035 
 -0.02433   0.05916   0.09141 
 -0.03923   0.06708   0.09231 
  0.00296   0.05308   0.10825 
 -0.21128   0.11121   0.24357 
