  0.00211   0.09326   0.09115 
  0.02313   0.07179   0.04866 
 -0.00844   0.04269   0.05113 
  0.04111   0.07704   0.03593 
  0.08001   0.12209   0.04208 
 -0.03371   0.02437   0.05808 
  0.00237   0.05325   0.05088 
  0.06296   0.08683   0.02387 
 -0.04338   0.09881   0.14219 
  0.00799   0.04257   0.03458 
  0.04475   0.13125    0.0865 
  0.06059   0.06701   0.00642 
 -0.04284   0.01699   0.05983 
 -0.02117   0.22002   0.24119 
 -0.17468  -0.01534   0.15934 
 -0.00671   0.12204   0.12875 
  0.00375   0.05378   0.05003 
  -0.0394   0.03302   0.07242 
 -0.02868    0.0799   0.10858 
 -0.08356   0.11704    0.2006 
  0.05806   0.15457   0.09651 
   -0.001    0.1246    0.1256 
 -0.06457   0.16436   0.22893 
 -0.14906  -0.03698   0.11208 
  0.04057   0.11766   0.07709 
 -0.01055   0.04323   0.05378 
 -0.01896   0.03421    0.1038 
  -0.0518   0.06396   0.05317 
 -0.15651    0.0525   0.11576 
 -0.01913   0.04567   0.20901 
 -0.00081    0.0438   0.13336 
  0.04406   0.04957    0.0648 
  0.01934   0.08996   0.04461 
  0.04076   0.10827    0.0459 
     0.03   0.08394   0.08893 
  0.02594   0.14725   0.04318 
  0.04879   0.11177   0.11725 
  0.02646   0.11406   0.08583 
 -0.10038   0.07392   0.06527 
  0.01099   0.09075   0.04746 
 -0.05767   0.05348   0.19113 
 -0.01313   0.03715   0.04249 
  0.09481    0.0535   0.09482 
  0.04908     0.233   0.06663 
  0.04095   0.09869   0.13819 
 -0.04448   0.05898   0.04961 
  0.05903   0.08683   0.01803 
  0.01591   0.13887   0.13131 
  0.00358   0.09609   0.07984 
  -0.0224   0.11059   0.08018 
  0.01154   0.04414   0.10701 
  0.11094   0.07733   0.06654 
  0.02837   0.16662   0.06579 
  0.07999   0.10268   0.05568 
  0.11094   0.14974   0.07431 
  0.03394   0.15105   0.06975 
 -0.02449   0.05584   0.04011 
  0.00543   0.08106    0.0219 
  0.03016   0.06195   0.10555 
  0.04979  -0.01851   0.05652 
 -0.02486   0.09907  -0.04867 
  0.02983   0.11184   0.04928 
  0.03319   0.03854    0.1367 
  0.10542   0.07512   0.00871 
  0.02277   0.17885   0.04193 
 -0.02649   0.08115   0.07343 
 -0.09612   0.02676   0.05838 
  0.06917   -0.0474   0.05325 
  0.04841   0.13054   0.04872 
  0.09036   0.07324   0.06137 
