  0.08694   -0.0029  -0.08984 
  0.09299  -0.01238  -0.10537 
   0.0914  -0.00467  -0.09607 
  0.07973   0.00281  -0.07692 
  0.11357   0.02012  -0.09345 
  0.07598  -0.00822   -0.0842 
  0.11371  -0.01259   -0.1263 
  0.09704   0.00264   -0.0944 
  0.08223   0.00271  -0.07952 
  0.10486   0.01245  -0.09241 
  0.12367   0.00521  -0.11846 
   0.1173   0.00138  -0.11592 
  0.09173   -0.0053  -0.09703 
  0.11609  -0.03349  -0.14958 
  0.08543  -0.00507   -0.0905 
  0.12715   0.00047  -0.12668 
   0.0854    0.0057   -0.0797 
  0.09502  -0.00725  -0.10227 
  0.10053   0.00418  -0.09635 
  0.11849   0.01105  -0.10744 
  0.11345   0.02842  -0.08503 
  0.08963   0.00462  -0.08501 
  0.12148    0.0026  -0.11888 
   0.1038   0.01852  -0.08528 
  0.12951   0.01771   -0.1118 
  0.10283   0.02565  -0.07718 
  0.10895    0.0084  -0.10055 
  0.11299   0.00865  -0.10434 
  0.10133  -0.00397   -0.1053 
  0.13493  -0.00586  -0.14079 
  0.10256    0.0011  -0.10146 
  0.10433   0.00103   -0.1033 
  0.13691   0.01571   -0.1212 
  0.19063   0.03614  -0.15449 
  0.15343   0.03043    -0.123 
  0.10021  -0.00443  -0.10464 
  0.08534  -0.00029  -0.08563 
  0.11843   0.01236  -0.10607 
  0.13287   0.01047   -0.1224 
  0.11254   0.00122  -0.11132 
  0.09995    0.0043  -0.09565 
  0.10585    0.0335  -0.07235 
  0.12619   0.00455  -0.12164 
  0.09651   0.00113  -0.09538 
  0.09621  -0.00282  -0.09903 
  0.10226    0.0057  -0.09656 
   0.0867  -0.02509  -0.11179 
  0.11315  -0.00624  -0.11939 
  0.10269   0.01343  -0.08926 
  0.10588   0.01173  -0.09415 
  0.09368  -0.00363  -0.09731 
  0.10802   0.03164  -0.07638 
  0.12801   0.00526  -0.12275 
  0.11856   0.01872  -0.09984 
   0.1174   0.02487  -0.09253 
  0.09519     0.007  -0.08819 
  0.10168  -0.04065  -0.14233 
   0.1174   0.02487  -0.09253 
  0.09499  -0.00943  -0.10442 
  0.09581   0.00617  -0.08964 
  0.10476  -0.02146  -0.12622 
  0.14831   0.02949  -0.11882 
  0.12386   0.01774  -0.10612 
    0.099   0.01458  -0.08442 
   0.1054  -0.00537  -0.11077 
  0.10018    0.0057  -0.09448 
  0.11839   0.02122  -0.09717 
  0.08523   0.00024  -0.08499 
  0.10794   0.00566  -0.10228 
  0.12158  -0.02897  -0.15055 
  0.10444   0.00357  -0.10087 
  0.09718  -0.00624  -0.10342 
  0.10179   0.01725  -0.08454 
