  0.02161   0.10522   0.08361 
 -0.00788   0.06954   0.07742 
 -0.05227    0.0436   0.09587 
   0.0643   0.12333   0.05903 
  0.00362    0.0656   0.06198 
 -0.00093   0.04136   0.04229 
  0.00149   0.02209    0.0206 
 -0.02565   0.06418   0.08983 
 -0.05253   0.04499   0.09752 
 -0.01489   0.08115   0.09604 
 -0.02146   0.02438   0.04584 
  0.01026   0.09996    0.0897 
  -0.0436   0.13302   0.17662 
 -0.01121   0.05471   0.06592 
 -0.04427   0.02886   0.07313 
 -0.01451   0.03165   0.04616 
 -0.00602   0.01639   0.02241 
 -0.02372    0.0424   0.06612 
  0.17506   0.22504   0.04998 
  0.06504   0.11497   0.04993 
  0.00157   0.06285   0.06128 
  0.01553   0.08609   0.07056 
 -0.05235  -0.01796   0.03439 
  0.08301   0.15297   0.06996 
  0.03151   0.05862   0.02711 
  0.07042   0.08571    0.1157 
  0.03426   0.08474   0.01529 
 -0.00255   0.09437   0.05048 
 -0.01424   0.00179   0.09692 
 -0.06543   0.11711   0.13135 
  0.03833   0.11696   0.18239 
 -0.02967   0.07697   0.03864 
  0.03291   0.01938   0.04905 
  0.03217   0.08421    0.0513 
   0.0485   0.06936   0.03719 
  0.06619   0.07202   0.02352 
  0.06226   0.11781   0.05162 
  0.05304   0.08817   0.02591 
  0.07565   0.09021   0.03717 
  0.01288   0.11646   0.04081 
  0.00899   0.11384   0.10096 
  0.06507   0.05297   0.04398 
  0.05299   0.09273   0.02766 
  0.07052   0.08234   0.02935 
  0.02804   0.09039   0.08599 
  0.04899   0.04405   0.01987 
  0.08271   0.10757   0.01601 
  0.06008   0.13549   0.05858 
  0.05126   0.07188   0.05278 
  0.06145   0.18654   0.12646 
  0.07403   0.09731   0.04605 
  0.09472   0.10313   0.04168 
  0.04615   0.15795   0.08392 
  0.08136    0.1156   0.02088 
 -0.05198   0.12992   0.08377 
  0.02217   0.16528   0.08392 
 -0.03563   0.05995   0.11193 
  0.05974   0.06763   0.04546 
 -0.02168   0.02039   0.05602 
  0.02624   0.03706  -0.02268 
  -0.0118   0.08635   0.10803 
 -0.01215   0.14749   0.12125 
  0.05242   0.02252   0.03432 
 -0.01929   0.10421   0.11636 
 -0.04427   0.17467   0.12225 
  0.00635   0.04932   0.06861 
  0.00623   0.01613    0.0604 
 -0.02267   0.06592   0.05957 
 -0.02995   0.06418   0.05795 
