 -0.02341   0.03609   0.14143 
 -0.00017   0.09029    0.0595 
 -0.09133   0.05764   0.09046 
 -0.02729   0.11311   0.14897 
  0.16521   0.25059    0.1404 
  0.00678   0.16692   0.08538 
 -0.10073   0.18451   0.16014 
  -0.1219   0.04563   0.28524 
 -0.03252   0.12545   0.16753 
  0.07288   0.16362   0.15797 
 -0.02634   0.12549   0.09074 
 -0.12033   0.10683   0.15183 
  0.03706     0.079   0.22716 
 -0.17422   0.12332   0.04194 
 -0.05616   0.06089   0.29754 
 -0.00804   0.07915   0.11705 
  0.00132   0.07114   0.08719 
  0.03351   0.19155   0.06982 
  0.04086   0.16091   0.15804 
  0.02207   0.07658   0.12005 
  0.01039   0.09382   0.05451 
 -0.16791   0.09777   0.08343 
 -0.07124   0.02731   0.26568 
  -0.0292   0.16163   0.09855 
 -0.03859    0.0718   0.19083 
  0.03856   0.12873   0.11039 
 -0.03282   0.05374   0.09017 
 -0.13592   0.08631   0.11913 
  0.06184   0.14487   0.28079 
  0.01555   0.11922   0.05738 
  0.03736   0.10193   0.08638 
 -0.01199   0.10728   0.06992 
 -0.11365   0.03896   0.05095 
  0.00284    0.0658   0.17945 
  0.00723   0.05002   0.04718 
 -0.07401   0.05584   0.04861 
 -0.07978   0.07861   0.15262 
 -0.02251   0.05953   0.13931 
 -0.00837   0.04626   0.06877 
 -0.01756   0.04846   0.05683 
 -0.12567   0.07647   0.09403 
  -0.0882   0.07449   0.20016 
 -0.00473   0.02075   0.10895 
 -0.06105   0.09439   0.09912 
 -0.07612   0.01642   0.07747 
  0.02068   0.03521   0.11133 
 -0.01733   0.16556   0.14488 
 -0.12763   0.09313   0.17145 
 -0.08504   0.15412   0.20287 
 -0.05692   0.07524    0.1595 
