  0.10579   0.00245  -0.10334 
  0.14141   0.02894  -0.11247 
  0.09671   0.00996  -0.08675 
  0.11224   0.00843  -0.10381 
  0.11283   0.00435  -0.10848 
  0.14071   0.02962  -0.11109 
  0.12186   0.01687  -0.10499 
  0.11418   0.01294  -0.10124 
  0.14489   0.02939   -0.1155 
  0.13539   0.00021  -0.13518 
  0.08663  -0.01138  -0.09801 
   0.0831   -0.0027   -0.0858 
  0.10846   0.01006   -0.0984 
  0.10831   0.01661   -0.0917 
  0.12772   0.02341  -0.10431 
  0.14717   -0.0177  -0.16487 
  0.06904    0.0064  -0.06264 
  0.08476   -0.0021  -0.08686 
  0.10501  -0.00492  -0.10993 
  0.10997   -0.0079  -0.11787 
  0.10666   0.01253  -0.09413 
   0.1269   0.03416  -0.09274 
   0.1057   0.00652  -0.09918 
  0.06774   -0.0197  -0.08744 
  0.09421   0.00107  -0.09314 
        0         0         0 
        0         0         0 
        0         0         0 
        0         0         0 
  0.15232   0.03334  -0.11898 
  0.10292   0.01914  -0.08378 
  0.12831   0.01948  -0.10883 
  0.13496   0.02983  -0.10513 
  0.12288   0.00599  -0.11689 
  0.12242   0.03193  -0.09049 
  0.12255   0.01219  -0.11036 
   0.1437   0.00923  -0.13447 
  0.10702   0.00132   -0.1057 
  0.10534   0.00847  -0.09687 
  0.12709  -0.00879  -0.13588 
  0.11232   0.00874  -0.10358 
  0.10702   0.00132   -0.1057 
   0.0981   0.00569  -0.09241 
  0.10528   0.00261  -0.10267 
  0.08525  -0.01249  -0.09774 
  0.10683  -0.03008  -0.13691 
  0.09644   0.00424   -0.0922 
  0.11164   0.02204   -0.0896 
  0.11168  -0.00304  -0.11472 
  0.09714   0.00033  -0.09681 
  0.14489   0.06663  -0.07826 
   0.1041   0.01679  -0.08731 
  0.09896  -0.00063  -0.09959 
  0.15259   0.03213  -0.12046 
