 -0.11426   0.03943   0.08763 
 -0.04002   0.11016   0.15369 
 -0.02932   0.05472   0.15018 
 -0.07425   0.15503   0.18435 
 -0.01315    0.0309   0.10515 
 -0.12438   0.08324    0.0748 
  0.04892   0.06165   0.17222 
 -0.11028   0.10313   0.22751 
 -0.00357   0.13604      0.05 
 -0.26772   0.09892   0.17533 
  0.07589   0.09168   0.10818 
 -0.08222   0.06505   0.26021 
  -0.1313   0.10461   0.06667 
 -0.17935  -0.00751   0.21238 
        0    0.2202   0.25015 
  0.01699   0.16825   0.06908 
 -0.07268   0.14256   0.19298 
 -0.06883   0.13016   0.13025 
 -0.12343   0.11885   0.22515 
  0.00927  -0.17121   0.00704 
 -0.07227   0.08607   0.22402 
 -0.16628    0.1203   0.24071 
 -0.16661   0.06142   0.19449 
 -0.00064   0.07818   0.06092 
 -0.01336   0.10172   0.08313 
 -0.01669   0.01631   0.08413 
 -0.06627   0.15175   0.11372 
 -0.21396   0.07443   0.30619 
 -0.02441   0.02788   0.10559 
 -0.03022   0.12778    0.0826 
 -0.05885   0.06028   0.11656 
  -0.0297   0.06977   0.10154 
  0.00055   0.06744   0.12105 
 -0.04891   0.04745   0.10571 
  0.02001   0.09223   0.04007 
 -0.03962   0.08118   0.09319 
 -0.06444   0.05238   0.10865 
 -0.09038   0.05771   0.14242 
 -0.03928   0.07184   0.15048 
 -0.07536    0.1216    0.2008 
 -0.06972    0.0568   0.12048 
 -0.03475   0.06008   0.16302 
  0.04357   0.05357   0.04444 
