  0.00924   0.10522   0.09598 
  -0.1262   0.04249   0.16869 
  0.00866   0.06207   0.05341 
  -0.0629   0.08763   0.15053 
 -0.15035     0.011   0.16135 
 -0.00898    0.0375   0.04648 
 -0.07565   0.05544   0.13109 
 -0.00026   0.11941   0.34174 
 -0.22233   0.02959   0.11104 
 -0.08145   0.04499   0.10448 
 -0.05949   0.03284   0.13875 
 -0.10591   0.03729   0.13384 
 -0.09655   0.07378   0.10781 
 -0.03403   0.06567   0.13779 
 -0.07212   0.04189   0.13119 
  -0.0893   0.06192   0.16415 
 -0.10223    0.0726   0.13415 
 -0.06155   0.08066   0.09919 
 -0.01853   0.03825   0.04004 
 -0.00179   0.06675   0.02326 
  0.04349   0.04691   0.10863 
 -0.06172    0.0572   0.08547 
 -0.02827   0.06476   0.15078 
 -0.08602   0.05607   0.10465 
 -0.04858   0.04887   0.14653 
 -0.09766   0.04583   0.19655 
 -0.15072   0.05491   0.22628 
 -0.17137   0.01953   0.09263 
  -0.0731   0.07202   0.07454 
 -0.00252   0.13476     0.304 
 -0.16924   0.09779   0.09068 
  0.00711   0.09464   0.22477 
 -0.13013   0.04312    0.0028 
  0.04032   0.02721   0.28501 
 -0.00594   0.03209   0.07282 
  -0.2578   0.03551   0.04467 
 -0.04073   0.06946   0.22025 
