     0.11   0.01061  -0.09939 
  0.09846  -0.01199  -0.11045 
  0.10283  -0.01181  -0.11464 
  0.11435   0.01204  -0.10231 
  0.12094   0.01929  -0.10165 
  0.10731  -0.00814  -0.11545 
  0.11436   0.01067  -0.10369 
  0.10745   0.00332  -0.10413 
  0.08958   0.01404  -0.07554 
  0.09731  -0.00947  -0.10678 
  0.10007  -0.03199  -0.13206 
  0.16725   0.00965   -0.1576 
  0.10404   0.01113  -0.09291 
  0.10529   0.00745  -0.09784 
   0.0905   0.01521  -0.07529 
  0.10309   0.00035  -0.10274 
  0.08278  -0.00031  -0.08309 
   0.0772   0.00452  -0.07268 
  0.08596   0.00626   -0.0797 
  0.08108  -0.01117  -0.09225 
  0.10892   0.00276  -0.10616 
  0.10537   0.00229  -0.10308 
  0.10696  -0.00979  -0.11675 
  0.10107   0.00315  -0.09792 
  0.11349   0.00066  -0.11283 
   0.0928    0.0085   -0.0843 
  0.07909  -0.00471   -0.0838 
  0.10194   0.01993  -0.08201 
  0.16277   0.00732  -0.15545 
  0.09817   -0.0113  -0.10947 
  0.09991   0.00642  -0.09349 
  0.08833   0.00436  -0.08397 
  0.07964  -0.00403  -0.08367 
  0.10373  -0.01308  -0.11681 
  0.09378   0.01218  -0.16834 
  0.09887   0.00327   -0.0816 
  0.11084   0.00813   -0.0956 
  0.11374  -0.02183  -0.10271 
  0.10938   0.02275  -0.13557 
  0.08516  -0.01853  -0.08663 
