  0.02224   0.14083   0.11859 
 -0.04468  -0.06456   0.14693 
  0.03193   0.08052  -0.01988 
 -0.00147    0.0425   0.01057 
 -0.13053   0.05401   0.05548 
 -0.08859   0.05044   0.18097 
 -0.06013   0.04704   0.13563 
 -0.08318   0.05798   0.11811 
  0.03412   0.04969   0.13287 
 -0.03169   0.03434   0.06603 
 -0.07444   0.06192   0.13636 
 -0.05746   0.03322   0.09068 
 -0.14409    0.0448   0.18889 
 -0.14214    0.0178   0.15994 
  0.01361   0.09258   0.07897 
  0.04727   0.10604   0.05877 
 -0.00239     0.027   0.02939 
 -0.00331   0.06607   0.06938 
   0.0082   0.04527   0.03707 
  0.00979   0.05757   0.04778 
   0.0417   0.10851   0.06681 
  0.00876   0.09136    0.0826 
 -0.00397    0.0419   0.04587 
 -0.00583   0.07618   0.08201 
   0.0515   0.06111   0.00961 
 -0.09261   0.01699    0.1096 
  0.03151   0.09776   0.06625 
 -0.06942   0.08389   0.15331 
  0.02378   0.09333   0.06955 
  0.04338   0.13077   0.08739 
  0.09698   0.09329  -0.00369 
  0.07695   0.02031  -0.05664 
 -0.22594   0.00617   0.23211 
 -0.18136   0.02711   0.20847 
  0.00796   0.15349   0.14553 
 -0.06445   0.07142   0.13587 
  -0.1766   0.03741   0.19187 
