  0.05847   0.08718   0.02871 
  0.04355   0.13559   0.09204 
 -0.01774   0.09145   0.10919 
 -0.00352   0.03157   0.03509 
   0.0074   0.10775   0.10035 
 -0.05172   0.11991   0.08941 
 -0.06819   0.03769   0.20892 
 -0.14624   0.14073   0.18695 
  -0.0079   0.04071   0.08337 
 -0.24342   0.07547   0.23202 
  -0.0688   0.22704    0.1004 
  0.01456   -0.0114   0.01953 
   0.0398    0.0316   0.05654 
 -0.02865   0.03409   0.15484 
 -0.08776   0.09634   0.11413 
 -0.05087   0.12619   0.10125 
  0.04695   0.02637   0.10341 
 -0.00524   0.12684   0.06208 
  -0.0525   0.05254    0.0456 
  0.06019   0.10903   0.14648 
  -0.0378   0.04036   0.00305 
  0.05106   0.09398   0.13236 
  0.00274   0.06324   0.09266 
  -0.0995   0.09456   0.08595 
 -0.12552   0.14372   0.12168 
 -0.06158   0.08869    0.1896 
  -0.1224   0.02218   0.11399 
 -0.05103   0.06408   0.16137 
 -0.03792    0.0692   0.19601 
 -0.20172   0.05241   0.03777 
 -0.05159   0.03897     0.284 
 -0.15537   0.15085   0.06364 
 -0.02976   0.14498   0.19748 
 -0.05318   0.08791   0.05436 
 -0.08388   0.09471    0.1875 
 -0.03888  -0.00015   0.18896 
 -0.03717   0.12111   0.07915 
 -0.03511   0.08228   0.11466 
  0.00519   0.01205   0.14709 
  0.01426   0.04211   0.10467 
 -0.05743    0.0246   0.09753 
