  0.08358  -0.01101  -0.09459 
  0.09527   0.00018  -0.09509 
  0.07897   0.00096  -0.07801 
  0.14258  -0.00921  -0.15179 
  0.08179   0.00148  -0.08031 
  0.08803   0.01668  -0.07135 
  0.08019   0.00463  -0.07556 
   0.0798   0.00075  -0.07905 
  0.09883  -0.00387   -0.1027 
  0.10408   0.00017  -0.10391 
  0.09142  -0.00435  -0.09577 
  0.13354   0.02588  -0.10766 
  0.08199  -0.00647  -0.08846 
  0.12501    0.0299  -0.09511 
  0.08479  -0.01315  -0.09794 
  0.09275   0.00453  -0.08822 
  0.08768  -0.00742   -0.0951 
  0.09608   0.00068   -0.0954 
  0.10962   0.01852   -0.0911 
  0.09234   0.00311  -0.08923 
  0.12125   0.01127  -0.10998 
   0.0953  -0.00164  -0.09694 
  0.11051   0.00359  -0.10692 
  0.11024   0.02472  -0.08552 
  0.12457   0.00154  -0.12303 
  0.12509   0.01126  -0.11383 
  0.13889  -0.00035  -0.13924 
   0.0841  -0.00337  -0.08747 
  0.11129   -0.0054  -0.11669 
   0.1146   0.03178  -0.08282 
  0.11283    0.0156  -0.09723 
  0.08307    -0.007  -0.09007 
  0.11651  -0.00306  -0.11957 
  0.11474   0.01238  -0.10236 
  0.07774   0.02946  -0.04828 
   0.0842   -0.0026   -0.0868 
  0.12396   0.00171  -0.12225 
  0.09032  -0.00707  -0.09739 
  0.09526     1e-05  -0.09525 
  0.07633  -0.00916  -0.08549 
  0.08072  -0.00078   -0.0815 
  0.07975   0.00169  -0.07806 
  0.10893   0.00738  -0.10155 
  0.09703   0.01748  -0.07955 
  0.09304   0.00265  -0.09039 
  0.09847  -0.00321  -0.10168 
  0.11669  -0.00758  -0.12427 
  0.08269   0.00347  -0.07922 
  0.09039   -0.0001  -0.09049 
  0.08498  -0.00309  -0.08807 
  0.10635   0.01003  -0.09632 
