 -0.07574   0.17946    0.2552 
 -0.05831   0.05951   0.11782 
 -0.06964   0.10298   0.17262 
   0.0545    0.0475    -0.007 
 -0.12298    0.1061   0.22908 
  0.02098    0.0027   0.06878 
 -0.15178   0.08976   0.18048 
 -0.15137    0.0287   0.20662 
 -0.14098   0.16331   0.22845 
 -0.03279   0.05525   0.08583 
 -0.03273   0.08747   0.09488 
  0.01775   0.05304   0.15604 
  -0.0557   0.06215   0.08943 
 -0.06077   0.17379   0.24291 
 -0.00787   0.03373   0.10501 
 -0.05957   0.04424   0.08389 
 -0.08875   0.07602   0.05284 
  0.07443  -0.00673   0.21749 
 -0.00227   0.12874   0.02318 
  0.08132   0.09761   0.07683 
  0.01962   0.07456   0.20511 
 -0.11805   0.28643   0.05018 
  0.01531    0.0698   0.21771 
 -0.07473   0.09966   0.07225 
 -0.05474   0.09336   0.10261 
  0.05935   0.08756   0.10961 
 -0.08402   0.02788   0.11724 
  0.01077   0.05487   0.18092 
 -0.09928   0.17659    0.0569 
 -0.04622   0.03384   0.18255 
 -0.03691   0.23428   0.18625 
 -0.02139    0.0969   0.03903 
  0.01467   0.06767    0.0256 
 -0.07111   0.08327   0.10048 
 -0.07138   0.14003    0.1094 
 -0.03024   0.00212   0.12651 
 -0.02368   0.00421    0.0556 
 -0.06811   0.13158   0.10936 
 -0.06001   0.11515   0.14281 
 -0.02328   0.03829   0.08207 
 -0.02518   0.05513     0.102 
 -0.08475   0.02536   0.10207 
 -0.06571   0.08568   0.11001 
 -0.05901    0.0747   0.11178 
